0,000	6728638,095	6704836,639	0,000	0,996
26,400	7098951,419	7248325,952	0,000	1,021
52,800	7086257,180	7212167,392	0,000	1,018
79,200	7162421,549	7138343,811	0,000	0,997
105,600	6972758,414	7130441,563	0,000	1,023
132,000	7122158,802	7073216,875	0,000	0,993
158,400	6957393,191	7152236,154	0,000	1,028
184,800	7022759,727	7058769,291	0,000	1,005
211,200	7102499,746	7141863,755	0,000	1,006
237,600	7018079,362	7103852,342	0,000	1,012
264,000	7043709,185	7136703,513	0,000	1,013
290,400	6798661,769	6838660,037	0,000	1,006
316,800	6761244,652	6791828,979	0,000	1,005
343,200	6770105,029	6844947,160	0,000	1,011
369,600	6792067,061	6719379,952	0,000	0,989
396,000	6779906,502	6773931,691	0,000	0,999
422,400	6651238,648	6733712,575	0,000	1,012
448,800	6758304,331	6928270,392	0,000	1,025
475,200	6665365,548	6821905,956	0,000	1,023
501,600	6801427,803	6672236,809	0,000	0,981
528,000	6670003,708	6821787,176	0,000	1,023
554,400	6813439,370	6953311,939	0,000	1,021
580,800	6838872,066	6741752,333	0,000	0,986
607,200	6883022,986	6717676,748	0,000	0,976
633,600	6679019,712	6810242,777	0,000	1,020
660,000	6621570,837	6631990,691	0,000	1,002
686,400	6579050,323	6626557,392	0,000	1,007
712,800	6702961,948	6801220,420	0,000	1,015
739,200	6742110,134	6808728,643	0,000	1,010
765,600	6809705,061	6688728,944	0,000	0,982
792,000	6707235,152	6764569,650	0,000	1,009
818,400	6729955,695	6752117,965	0,000	1,003
844,800	6570130,140	6591576,467	0,000	1,003
871,200	6780157,011	6706310,514	0,000	0,989
897,600	6763366,224	6905980,727	0,000	1,021
924,000	6857741,359	6717105,581	0,000	0,979
950,400	6775446,665	6849442,725	0,000	1,011
976,800	6723400,524	6761776,850	0,000	1,006
1003,200	6824741,489	6718316,436	0,000	0,984
1029,600	6748505,443	6673465,781	0,000	0,989
1056,000	6958242,556	6724665,365	0,000	0,966
1082,400	6794943,661	6877111,307	0,000	1,012
1108,800	6914270,501	6925746,678	0,000	1,002
1135,200	6857759,548	6888191,131	0,000	1,004
1161,600	6797458,149	6813358,455	0,000	1,002
1188,000	6898773,708	6845720,351	0,000	0,992
1214,400	6845289,595	6878187,075	0,000	1,005
1240,800	6700818,243	6714278,189	0,000	1,002
1267,200	6816215,742	6752915,681	0,000	0,991
1293,600	6760603,393	6874016,520	0,000	1,017
1320,000	6880267,669	6760565,172	0,000	0,983
1346,400	6696297,310	6859908,931	0,000	1,024
1372,800	6699221,225	6785173,145	0,000	1,013
1399,200	6802905,637	6815781,572	0,000	1,002
1425,600	6752934,587	6739542,826	0,000	0,998
1452,000	6601207,562	6707391,994	0,000	1,016
1478,400	6722222,655	6742253,529	0,000	1,003
1504,800	6706030,159	6675358,570	0,000	0,995
1531,200	6750126,673	6713865,691	0,000	0,995
1557,600	6714823,583	6879364,330	0,000	1,025
1584,000	6767429,493	6692459,404	0,000	0,989
1610,400	6804986,416	6741074,900	0,000	0,991
1636,800	6972027,263	6749196,237	0,000	0,968
1663,200	6701620,535	6769352,057	0,000	1,010
1689,600	6865221,166	6876774,897	0,000	1,002
1716,000	6858818,129	6816055,057	0,000	0,994
1742,400	6695227,808	6703657,480	0,000	1,001
1768,800	6675562,793	6680168,550	0,000	1,001
1795,200	6867346,507	6662736,454	0,000	0,970
1821,600	6784878,444	6675802,264	0,000	0,984
1848,000	6784908,498	6849691,121	0,000	1,010
1874,400	6809463,453	6738713,640	0,000	0,990
1900,800	6869467,506	6850975,474	0,000	0,997
1927,200	6756601,666	6798211,440	0,000	1,006
1953,600	6879547,154	6740245,147	0,000	0,980
1980,000	6672479,407	6731576,006	0,000	1,009
2006,400	6941519,630	6732633,048	0,000	0,970
2032,800	6799813,970	6704696,837	0,000	0,986
2059,200	6829559,680	6775360,216	0,000	0,992
2085,600	6801054,778	6771234,359	0,000	0,996
2112,000	6893550,994	6762617,062	0,000	0,981
2138,400	6876441,654	6909506,700	0,000	1,005
2164,800	6802044,634	6758129,106	0,000	0,994
2191,200	6769171,876	6806566,650	0,000	1,006
2217,600	6722558,386	6815440,518	0,000	1,014
2244,000	6712528,779	6761670,683	0,000	1,007
2270,400	6604903,838	6593689,147	0,000	0,998
2296,800	6624349,104	6822684,765	0,000	1,030
2323,200	6644128,828	6749420,013	0,000	1,016
2349,600	6656368,545	6670176,282	0,000	1,002
2376,000	6630612,719	6785747,728	0,000	1,023
2402,400	6616606,602	6662639,572	0,000	1,007
2428,800	6814275,450	6885414,636	0,000	1,010
2455,200	6641287,470	6705084,867	0,000	1,010
2481,600	6640875,011	6702288,120	0,000	1,009
2508,000	6621415,494	6799976,007	0,000	1,027
2534,400	6684065,122	6798570,581	0,000	1,017
2560,800	6490033,662	6807077,051	0,000	1,049
2587,200	6481431,339	6875681,973	0,000	1,061
2613,600	6378137,410	6800944,930	0,000	1,066
2640,000	6298742,119	6850272,721	0,000	1,088
2666,400	6271339,417	6812710,704	0,000	1,086
2692,800	6389997,728	6682596,342	0,000	1,046
2719,200	6279351,841	6724161,942	0,000	1,071
2745,600	6211039,700	6785688,086	0,000	1,093
2772,000	6158261,608	6830636,151	0,000	1,109
2798,400	6252869,723	6710874,000	0,000	1,073
2824,800	6205630,775	6929363,844	0,000	1,117
2851,200	6155314,569	6725932,286	0,000	1,093
2877,600	6209369,515	6838036,984	0,000	1,101
2904,000	6163355,221	6806085,168	0,000	1,104
2930,400	6007697,705	6797013,480	0,000	1,131
2956,800	5946390,426	6843938,104	0,000	1,151
2983,200	5882436,682	6849064,650	0,000	1,164
3009,600	5976162,229	6759563,540	0,000	1,131
3036,000	5903001,327	6832648,609	0,000	1,157
3062,400	5808840,557	6782535,265	0,000	1,168
3088,800	5989057,485	6710602,344	0,000	1,120
3115,200	5976034,241	6583482,912	0,000	1,102
3141,600	6101153,845	6525837,697	0,000	1,070
3168,000	5949713,134	6533978,908	0,000	1,098
3194,400	6015072,337	6468474,270	0,000	1,075
3220,800	6078353,694	6484528,478	0,000	1,067
3247,200	6068250,967	6518131,900	0,000	1,074
3273,600	6167278,464	6453324,993	0,000	1,046
3300,000	6243467,952	6285251,044	0,000	1,007
3326,400	6314369,307	6443311,254	0,000	1,020
3352,800	6306217,207	6338270,904	0,000	1,005
3379,200	6436121,460	6229569,223	0,000	0,968
3405,600	6392168,519	6238521,539	0,000	0,976
3432,000	6310106,333	6269993,099	0,000	0,994
3458,400	6549748,917	6170535,219	0,000	0,942
3484,800	6620298,052	6227278,737	0,000	0,941
3511,200	6437481,946	5980859,871	0,000	0,929
3537,600	6752722,307	6084336,009	0,000	0,901
3564,000	6610947,127	6167557,742	0,000	0,933
3590,400	6593727,740	5992429,129	0,000	0,909
3616,800	6677995,681	5963307,137	0,000	0,893
3643,200	6872652,392	6055853,726	0,000	0,881
3669,600	6663535,168	5961670,794	0,000	0,895
3696,000	6671014,148	5877245,814	0,000	0,881
3722,400	6790469,295	6000771,095	0,000	0,884
3748,800	6824060,654	6009747,776	0,000	0,881
3775,200	6812509,470	5973736,002	0,000	0,877
3801,600	6818008,315	5896687,947	0,000	0,865
3828,000	6876420,026	6079567,837	0,000	0,884
3854,400	6819987,853	6064042,642	0,000	0,889
3880,800	6868557,445	6063043,598	0,000	0,883
3907,200	6812303,142	6175870,917	0,000	0,907
3933,600	6774806,620	6152867,455	0,000	0,908
3960,000	6738963,783	6305350,456	0,000	0,936
3986,400	6813261,470	6283170,413	0,000	0,922
4012,800	6745218,730	6332857,008	0,000	0,939
4039,200	6715646,514	6303837,631	0,000	0,939
4065,600	6799963,060	6353118,207	0,000	0,934
4092,000	6801224,233	6480432,639	0,000	0,953
4118,400	6848081,528	6366629,817	0,000	0,930
4144,800	6861989,155	6432956,120	0,000	0,937
4171,200	6718868,868	6441397,652	0,000	0,959
4197,600	6739803,990	6575617,178	0,000	0,976
4224,000	6797513,750	6533429,513	0,000	0,961
4250,400	6712236,444	6464470,412	0,000	0,963
4276,800	6713811,499	6542334,008	0,000	0,974
4303,200	6854121,271	6700815,724	0,000	0,978
4329,600	6689344,550	6663507,379	0,000	0,996
4356,000	6788160,352	6615560,197	0,000	0,975
4382,400	6645784,383	6728487,374	0,000	1,012
4408,800	6736536,373	6805083,034	0,000	1,010
4435,200	6761555,109	6746216,308	0,000	0,998
4461,600	6604898,637	6735254,683	0,000	1,020
4488,000	6777163,516	6714256,778	0,000	0,991
4514,400	6819899,710	6849961,853	0,000	1,004
4540,800	6716744,894	6699920,897	0,000	0,997
4567,200	6840118,732	6919922,009	0,000	1,012
4593,600	6645136,843	6754305,493	0,000	1,016
4620,000	6778664,835	6810739,692	0,000	1,005
4646,400	6726919,608	6751309,310	0,000	1,004
4672,800	6604916,016	6764174,050	0,000	1,024
4699,200	6580018,682	6712547,926	0,000	1,020
4725,600	6758569,205	6698475,234	0,000	0,991
4752,000	6741343,991	6834566,569	0,000	1,014
4778,400	6722544,562	6739113,773	0,000	1,002
4804,800	6678527,641	6695247,577	0,000	1,003
4831,200	6652868,002	6624168,569	0,000	0,996
4857,600	6724576,432	6731250,944	0,000	1,001
4884,000	6684197,368	6727734,271	0,000	1,007
4910,400	6724834,217	6847532,738	0,000	1,018
4936,800	6788274,782	6688760,557	0,000	0,985
4963,200	6625128,447	6653288,549	0,000	1,004
4989,600	6607134,196	6644039,799	0,000	1,006
5016,000	6725422,533	6724656,284	0,000	1,000
5042,400	6643868,565	6650523,292	0,000	1,001
5068,800	6595782,471	6658591,116	0,000	1,010
5095,200	6618947,585	6612270,009	0,000	0,999
5121,600	6701201,641	6565279,514	0,000	0,980
5148,000	6530218,207	6690003,232	0,000	1,024
5174,400	6756838,514	6673622,062	0,000	0,988
5200,800	6539998,732	6571551,414	0,000	1,005
5227,200	6583350,904	6629885,964	0,000	1,007
5253,600	6584904,308	6554745,097	0,000	0,995
5280,000	6619674,965	6669482,441	0,000	1,008
5306,400	6595636,775	6601809,742	0,000	1,001
5332,800	6614103,583	6490542,932	0,000	0,981
5359,200	6588756,445	6523149,925	0,000	0,990
5385,600	6571943,123	6648886,552	0,000	1,012
5412,000	6534826,035	6571650,919	0,000	1,006
5438,400	6631595,981	6613557,169	0,000	0,997
5464,800	6619232,106	6622327,040	0,000	1,000
5491,200	6510820,127	6590087,312	0,000	1,012
5517,600	6644519,223	6699534,084	0,000	1,008
5544,000	6735622,241	6586467,770	0,000	0,978
5570,400	6611643,484	6735858,067	0,000	1,019
5596,800	6724404,745	6656286,510	0,000	0,990
5623,200	6589265,164	6575463,712	0,000	0,998
5649,600	6707933,742	6608560,306	0,000	0,985
5676,000	6762742,425	6670028,957	0,000	0,986
5702,400	6756098,016	6752545,096	0,000	0,999
5728,800	6883241,365	6858256,648	0,000	0,996
5755,200	6676992,522	6739323,848	0,000	1,009
5781,600	6710613,648	6718841,468	0,000	1,001
5808,000	6752154,231	6756544,610	0,000	1,001
5834,400	6681638,574	6622163,842	0,000	0,991
5860,800	6728470,972	6707466,482	0,000	0,997
5887,200	6687166,605	6689951,730	0,000	1,000
5913,600	6653463,338	6647145,604	0,000	0,999
5940,000	6663731,686	6644216,057	0,000	0,997
5966,400	6716838,851	6707904,392	0,000	0,999
5992,800	6647626,248	6764990,887	0,000	1,018
6019,200	6685100,960	6799591,140	0,000	1,017
6045,600	6753038,389	6811618,698	0,000	1,009
6072,000	6711286,803	6629492,856	0,000	0,988
6098,400	6757517,679	6623090,703	0,000	0,980
6124,800	6665208,783	6668987,208	0,000	1,001
6151,200	6606083,225	6671629,636	0,000	1,010
6177,600	6665164,935	6683061,426	0,000	1,003
6204,000	6834493,414	6714333,159	0,000	0,982
6230,400	6722835,606	6618219,348	0,000	0,984
6256,800	6667333,569	6674848,169	0,000	1,001
6283,200	6778657,863	6780371,886	0,000	1,000
6309,600	6794333,130	6707570,738	0,000	0,987
6336,000	6750868,218	6783561,443	0,000	1,005
6362,400	6775839,008	6805468,163	0,000	1,004
6388,800	6665808,592	6692625,436	0,000	1,004
6415,200	6750318,833	6728772,057	0,000	0,997
6441,600	6757954,243	6714977,693	0,000	0,994
6468,000	6746648,882	6767377,165	0,000	1,003
6494,400	6634943,484	6686797,466	0,000	1,008
6520,800	6722606,699	6721021,259	0,000	1,000
6547,200	6864884,325	6839088,385	0,000	0,996
6573,600	6800633,872	6838020,528	0,000	1,005
