0 -50.195 1.9982
1 -52.1479 1.97411
2 -54.0931 1.93918
3 -56.0122 1.89384
4 -57.8875 1.83858
5 -59.7023 1.77402
6 -61.4411 1.70081
7 -63.0901 1.61972
8 -64.6371 1.53153
9 -66.0719 1.43709
10 -67.3865 1.33727
11 -68.5744 1.23296
12 -69.6316 1.12505
13 -70.5555 1.01444
14 -71.3455 0.901989
15 -72.0025 0.788547
16 -72.5285 0.674926
17 -72.9271 0.561897
18 -73.2027 0.450186
19 -73.3605 0.340468
20 -73.4063 0.233366
21 -73.3464 0.12945
22 -73.1876 0.0292322
23 -72.9367 -0.0668291
24 -72.6007 -0.158331
25 -72.1866 -0.244922
26 -71.7013 -0.326305
27 -71.1518 -0.402232
28 -70.5446 -0.4725
29 -69.8862 -0.536954
30 -69.1828 -0.595479
31 -68.4406 -0.648002
32 -67.6651 -0.694484
33 -66.862 -0.734923
34 -66.0364 -0.769349
35 -65.1934 -0.797819
36 -64.3377 -0.82042
37 -63.4738 -0.837262
38 -62.6061 -0.84848
39 -61.7385 -0.854228
40 -60.875 -0.854679
41 -60.0193 -0.850023
42 -59.1748 -0.840469
43 -58.3448 -0.826236
44 -57.5326 -0.807556
45 -56.7411 -0.784676
46 -55.9732 -0.757849
47 -55.2315 -0.72734
48 -54.5186 -0.693419
49 -53.837 -0.656364
50 -53.1889 -0.616461
51 -52.5765 -0.573996
52 -52.0018 -0.529263
53 -51.4667 -0.482558
54 -50.9728 -0.434176
55 -50.5218 -0.384417
56 -50.1151 -0.33358
57 -49.7539 -0.28196
58 -49.4394 -0.229855
59 -49.1723 -0.177557
60 -48.9534 -0.125354
61 -48.7833 -0.0735313
62 -48.6621 -0.0223661
63 -48.5899 0.0278709
64 -48.5665 0.0769172
65 -48.5916 0.12452
66 -48.6643 0.170438
67 -48.7838 0.21444
68 -48.9487 0.25631
69 -49.1577 0.295846
70 -49.4089 0.33286
71 -49.7003 0.367184
72 -50.0295 0.398664
73 -50.394 0.427167
74 -50.7911 0.45258
75 -51.2177 0.47481
76 -51.6706 0.493785
77 -52.1464 0.509454
78 -52.6415 0.521789
79 -53.1525 0.530784
80 -53.6754 0.536454
81 -54.2065 0.538837
82 -54.7422 0.537991
83 -55.2785 0.533996
84 -55.8119 0.52695
85 -56.3387 0.516972
86 -56.8555 0.504195
87 -57.359 0.488771
88 -57.8462 0.470865
89 -58.314 0.450656
90 -58.76 0.428333
91 -59.1817 0.404095
92 -59.577 0.378147
93 -59.9442 0.350702
94 -60.2815 0.321975
95 -60.5879 0.292183
96 -60.8622 0.261546
97 -61.1039 0.230278
98 -61.3125 0.198593
99 -61.4879 0.166701
100 -61.63 0.134803
101 -61.7393 0.103097
102 -61.8162 0.0717686
103 -61.8615 0.0409976
104 -61.8761 0.010952
105 -61.8609 -0.0182104
106 -61.8174 -0.0463433
107 -61.7466 -0.0733122
108 -61.6502 -0.0989947
109 -61.5296 -0.123281
110 -61.3865 -0.146073
111 -61.2224 -0.167286
112 -61.0392 -0.186848
113 -60.8385 -0.204699
114 -60.6222 -0.220791
115 -60.3919 -0.235087
116 -60.1496 -0.247564
117 -59.8969 -0.258209
118 -59.6356 -0.267019
119 -59.3675 -0.274002
120 -59.0942 -0.279177
121 -58.8174 -0.28257
122 -58.5388 -0.284219
123 -58.2599 -0.284169
124 -57.9822 -0.282471
125 -57.7071 -0.279186
126 -57.4362 -0.274381
127 -57.1708 -0.268128
128 -56.912 -0.260506
129 -56.6612 -0.251598
130 -56.4194 -0.241493
131 -56.1877 -0.230283
132 -55.967 -0.218061
133 -55.7584 -0.204927
134 -55.5626 -0.190981
135 -55.3803 -0.176325
136 -55.2122 -0.161061
137 -55.0589 -0.145293
138 -54.9209 -0.129124
139 -54.7984 -0.112659
140 -54.6919 -0.0959991
141 -54.6016 -0.0792449
142 -54.5275 -0.0624954
143 -54.4698 -0.0458469
144 -54.4283 -0.0293931
145 -54.403 -0.013224
146 -54.3935 0.00257394
147 -54.3996 0.0179183
148 -54.421 0.0327313
149 -54.457 0.04694
150 -54.5072 0.0604766
151 -54.571 0.0732787
152 -54.6476 0.0852896
153 -54.7363 0.0964587
154 -54.8363 0.106741
155 -54.9468 0.116099
156 -55.0667 0.1245
157 -55.1953 0.131919
158 -55.3314 0.138337
159 -55.474 0.143741
160 -55.6222 0.148125
161 -55.7749 0.15149
162 -55.9311 0.153841
163 -56.0896 0.155192
164 -56.2495 0.15556
165 -56.4097 0.154969
166 -56.5693 0.153448
167 -56.7272 0.151032
168 -56.8826 0.147759
169 -57.0346 0.143671
170 -57.1822 0.138817
171 -57.3247 0.133245
172 -57.4615 0.127009
173 -57.5917 0.120166
174 -57.7148 0.112774
175 -57.8303 0.104891
176 -57.9375 0.0965803
177 -58.0363 0.0879031
178 -58.1261 0.0789221
179 -58.2067 0.0696998
180 -58.2778 0.0602985
181 -58.3395 0.0507797
182 -58.3914 0.0412036
183 -58.4338 0.0316291
184 -58.4664 0.0221134
185 -58.4896 0.0127114
186 -58.5034 0.00347576
187 -58.508 -0.00554356
188 -58.5038 -0.0142994
189 -58.4909 -0.0227475
190 -58.4698 -0.0308471
191 -58.4407 -0.0385606
192 -58.4043 -0.0458537
193 -58.3607 -0.052696
194 -58.3107 -0.0590604
195 -58.2546 -0.0649237
196 -58.1929 -0.0702662
197 -58.1263 -0.075072
198 -58.0551 -0.0793286
199 -57.9801 -0.0830274
200 -57.9016 -0.086163
201 -57.8204 -0.0887337
202 -57.7369 -0.090741
203 -57.6516 -0.0921897
204 -57.5652 -0.0930875
205 -57.4782 -0.0934454
206 -57.391 -0.0932768
207 -57.3042 -0.0925979
208 -57.2183 -0.0914276
209 -57.1337 -0.0897866
210 -57.051 -0.0876981
211 -56.9704 -0.0851869
212 -56.8924 -0.0822799
213 -56.8174 -0.0790051
214 -56.7457 -0.075392
215 -56.6777 -0.0714712
216 -56.6136 -0.0672743
217 -56.5537 -0.0628333
218 -56.4983 -0.0581811
219 -56.4475 -0.0533507
220 -56.4014 -0.0483752
221 -56.3604 -0.0432876
222 -56.3243 -0.0381208
223 -56.2934 -0.0329072
224 -56.2676 -0.0276785
225 -56.2469 -0.0224658
226 -56.2315 -0.017299
227 -56.2211 -0.0122073
228 -56.2157 -0.00721837
229 -56.2153 -0.00235873
230 -56.2197 0.00234666
231 -56.2287 0.00687435
232 -56.2422 0.0112026
233 -56.26 0.0153113
234 -56.2818 0.0191823
235 -56.3074 0.0227994
236 -56.3366 0.026148
237 -56.3691 0.0292157
238 -56.4046 0.0319922
239 -56.4428 0.0344689
240 -56.4834 0.0366395
241 -56.5262 0.0384994
242 -56.5707 0.0400461
243 -56.6168 0.0412792
244 -56.664 0.0421998
245 -56.7121 0.0428112
246 -56.7607 0.0431182
247 -56.8096 0.0431274
248 -56.8585 0.0428469
249 -56.9069 0.0422865
250 -56.9548 0.0414572
251 -57.0018 0.0403714
252 -57.0476 0.0390428
253 -57.092 0.0374858
254 -57.1348 0.0357162
255 -57.1758 0.0337503
256 -57.2147 0.0316054
257 -57.2515 0.0292992
258 -57.2859 0.0268499
259 -57.3178 0.0242761
260 -57.3471 0.0215964
261 -57.3737 0.0188299
262 -57.3975 0.0159953
263 -57.4184 0.0131113
264 -57.4365 0.0101965
265 -57.4516 0.00726894
266 -57.4638 0.00434632
267 -57.4731 0.0014458
268 -57.4795 -0.00141611
269 -57.4831 -0.00422359
270 -57.4839 -0.00696161
271 -57.4819 -0.00961597
272 -57.4774 -0.0121734
273 -57.4704 -0.0146216
274 -57.4609 -0.0169491
275 -57.4492 -0.0191459
276 -57.4354 -0.0212025
277 -57.4196 -0.023111
278 -57.4019 -0.0248642
279 -57.3826 -0.0264564
280 -57.3617 -0.0278827
281 -57.3394 -0.0291395
282 -57.316 -0.0302242
283 -57.2916 -0.0311353
284 -57.2663 -0.0318725
285 -57.2404 -0.0324364
286 -57.2139 -0.0328285
287 -57.1871 -0.0330514
288 -57.1602 -0.0331087
289 -57.1332 -0.0330047
290 -57.1064 -0.0327446
291 -57.0799 -0.0323343
292 -57.0539 -0.0317806
293 -57.0285 -0.0310906
294 -57.0038 -0.0302723
295 -56.9799 -0.0293342
296 -56.957 -0.0282851
297 -56.9352 -0.0271342
298 -56.9145 -0.0258913
299 -56.8951 -0.0245662
300 -56.877 -0.023169
301 -56.8604 -0.0217099
302 -56.8452 -0.0201992
303 -56.8315 -0.0186473
304 -56.8193 -0.0170644
305 -56.8088 -0.0154607
306 -56.7998 -0.0138462
307 -56.7924 -0.0122307
308 -56.7867 -0.0106237
309 -56.7825 -0.00903447
310 -56.7799 -0.0074718
311 -56.7788 -0.00594418
312 -56.7793 -0.00445961
313 -56.7812 -0.00302563
314 -56.7846 -0.00164929
315 -56.7893 -0.000337075
316 -56.7952 0.000905065
317 -56.8024 0.00207176
318 -56.8108 0.00315825
319 -56.8202 0.00416034
320 -56.8305 0.0050745
321 -56.8418 0.00589777
322 -56.8538 0.00662783
323 -56.8666 0.00726297
324 -56.88 0.00780209
325 -56.8939 0.0082447
326 -56.9082 0.00859086
327 -56.9228 0.00884123
328 -56.9376 0.008997
329 -56.9526 0.00905989
330 -56.9676 0.00903214
331 -56.9826 0.00891644
332 -56.9974 0.00871592
333 -57.012 0.00843416
334 -57.0263 0.00807508
335 -57.0402 0.00764297
336 -57.0537 0.00714244
337 -57.0666 0.00657836
338 -57.079 0.00595584
339 -57.0907 0.0052802
340 -57.1018 0.00455692
341 -57.1121 0.00379161
342 -57.1216 0.00298998
343 -57.1303 0.00215776
344 -57.1382 0.00130075
345 -57.1453 0.000424691
346 -57.1514 -0.000464704
347 -57.1567 -0.00136181
348 -57.161 -0.00226112
349 -57.1645 -0.00315726
350 -57.1671 -0.00404504
351 -57.1688 -0.00491945
352 -57.1696 -0.00577572
353 -57.1696 -0.0066093
354 -57.1688 -0.00741592
355 -57.1672 -0.00819159
356 -57.1648 -0.00893261
357 -57.1617 -0.00963559
358 -57.1578 -0.0102975
359 -57.1534 -0.0109155
360 -57.1484 -0.0114873
361 -57.1428 -0.0120107
362 -57.1366 -0.0124841
363 -57.1301 -0.0129061
364 -57.1231 -0.0132757
365 -57.1158 -0.0135921
366 -57.1082 -0.013855
367 -57.1003 -0.0140644
368 -57.0923 -0.0142205
369 -57.0841 -0.014324
370 -57.0758 -0.0143756
371 -57.0675 -0.0143766
372 -57.0592 -0.0143283
373 -57.051 -0.0142325
374 -57.0428 -0.0140911
375 -57.0349 -0.0139061
376 -57.0271 -0.0136798
377 -57.0195 -0.0134149
378 -57.0123 -0.0131139
379 -57.0053 -0.0127796
380 -56.9987 -0.0124149
381 -56.9925 -0.0120228
382 -56.9866 -0.0116064
383 -56.9812 -0.0111688
384 -56.9762 -0.0107132
385 -56.9717 -0.0102428
386 -56.9676 -0.00976082
387 -56.964 -0.00927032
388 -56.9609 -0.00877448
389 -56.9583 -0.00827637
390 -56.9563 -0.00777899
391 -56.9546 -0.00728524
392 -56.9535 -0.00679793
393 -56.9529 -0.00631975
394 -56.9527 -0.00585326
395 -56.953 -0.00540088
396 -56.9538 -0.00496488
397 -56.955 -0.00454737
398 -56.9566 -0.00415029
399 -56.9585 -0.00377541
400 -56.9609 -0.00342431
401 -56.9636 -0.00309841
402 -56.9666 -0.00279891
403 -56.9699 -0.00252683
404 -56.9734 -0.00228302
405 -56.9772 -0.00206812
406 -56.9812 -0.00188258
407 -56.9854 -0.00172668
408 -56.9897 -0.00160051
409 -56.9941 -0.00150396
410 -56.9987 -0.00143679
411 -57.0032 -0.00139857
412 -57.0079 -0.0013887
413 -57.0125 -0.00140645
414 -57.0171 -0.00145095
415 -57.0216 -0.00152117
416 -57.0261 -0.00161599
417 -57.0304 -0.00173414
418 -57.0347 -0.00187429
419 -57.0387 -0.00203499
420 -57.0427 -0.0022147
421 -57.0464 -0.00241185
422 -57.0499 -0.00262477
423 -57.0533 -0.00285177
424 -57.0564 -0.00309111
425 -57.0592 -0.00334103
426 -57.0618 -0.00359977
427 -57.0642 -0.00386555
428 -57.0662 -0.0041366
429 -57.068 -0.00441118
430 -57.0696 -0.00468757
431 -57.0708 -0.0049641
432 -57.0718 -0.00523912
433 -57.0725 -0.00551105
434 -57.0729 -0.00577839
435 -57.0731 -0.00603969
436 -57.073 -0.00629356
437 -57.0727 -0.00653874
438 -57.0721 -0.00677401
439 -57.0713 -0.00699827
440 -57.0703 -0.00721051
441 -57.069 -0.00740982
442 -57.0676 -0.00759537
443 -57.066 -0.00776648
444 -57.0642 -0.00792253
445 -57.0623 -0.00806304
446 -57.0602 -0.0081876
447 -57.058 -0.00829594
448 -57.0558 -0.00838787
449 -57.0534 -0.00846332
450 -57.0509 -0.00852229
451 -57.0484 -0.00856492
452 -57.0459 -0.0085914
453 -57.0434 -0.00860204
454 -57.0408 -0.00859722
455 -57.0382 -0.0085774
456 -57.0357 -0.00854312
457 -57.0332 -0.00849499
458 -57.0308 -0.00843368
459 -57.0284 -0.00835992
460 -57.0261 -0.0082745
461 -57.0239 -0.00817825
462 -57.0218 -0.00807204
463 -57.0198 -0.00795678
464 -57.0179 -0.0078334
465 -57.0162 -0.00770285
466 -57.0145 -0.0075661
467 -57.013 -0.00742414
468 -57.0117 -0.00727795
469 -57.0105 -0.00712851
470 -57.0094 -0.00697678
471 -57.0085 -0.00682373
472 -57.0078 -0.0066703
473 -57.0072 -0.0065174
474 -57.0068 -0.00636592
475 -57.0065 -0.0062167
476 -57.0063 -0.00607057
477 -57.0063 -0.0059283
478 -57.0065 -0.00579062
479 -57.0067 -0.00565821
480 -57.0072 -0.00553171
481 -57.0077 -0.00541169
482 -57.0083 -0.00529868
483 -57.0091 -0.00519314
484 -57.01 -0.0050955
485 -57.0109 -0.0050061
486 -57.0119 -0.00492524
487 -57.0131 -0.00485315
488 -57.0143 -0.00479002
489 -57.0155 -0.00473597
490 -57.0168 -0.00469105
491 -57.0182 -0.00465529
492 -57.0195 -0.00462862
493 -57.0209 -0.00461095
494 -57.0223 -0.00460214
495 -57.0238 -0.00460199
496 -57.0252 -0.00461025
497 -57.0266 -0.00462664
498 -57.028 -0.00465083
499 -57.0293 -0.00468247
500 -57.0307 -0.00472116
501 -57.032 -0.00476647
502 -57.0332 -0.00481794
503 -57.0344 -0.00487511
504 -57.0355 -0.00493747
505 -57.0366 -0.00500451
506 -57.0376 -0.00507571
507 -57.0385 -0.00515052
508 -57.0394 -0.00522842
509 -57.0401 -0.00530884
510 -57.0408 -0.00539124
511 -57.0414 -0.00547509
512 -57.042 -0.00555985
513 -57.0424 -0.00564499
514 -57.0428 -0.00573
515 -57.043 -0.00581439
516 -57.0432 -0.00589766
517 -57.0433 -0.00597938
518 -57.0434 -0.00605909
519 -57.0433 -0.00613638
520 -57.0432 -0.00621087
521 -57.043 -0.00628219
522 -57.0427 -0.00635002
523 -57.0424 -0.00641405
524 -57.042 -0.00647401
525 -57.0415 -0.00652967
526 -57.041 -0.00658081
527 -57.0404 -0.00662726
528 -57.0398 -0.00666889
529 -57.0392 -0.00670557
530 -57.0385 -0.00673724
531 -57.0378 -0.00676384
532 -57.037 -0.00678537
533 -57.0363 -0.00680184
534 -57.0355 -0.00681329
535 -57.0347 -0.00681979
536 -57.0339 -0.00682146
537 -57.0332 -0.00681841
538 -57.0324 -0.0068108
539 -57.0316 -0.00679879
540 -57.0308 -0.00678259
541 -57.0301 -0.0067624
542 -57.0294 -0.00673846
543 -57.0287 -0.00671101
544 -57.028 -0.00668032
545 -57.0274 -0.00664665
546 -57.0268 -0.00661029
547 -57.0262 -0.00657152
548 -57.0257 -0.00653065
549 -57.0252 -0.00648798
550 -57.0247 -0.0064438
551 -57.0243 -0.00639842
552 -57.024 -0.00635213
553 -57.0237 -0.00630525
554 -57.0234 -0.00625806
555 -57.0232 -0.00621084
556 -57.023 -0.00616388
557 -57.0229 -0.00611744
558 -57.0228 -0.00607179
559 -57.0228 -0.00602718
560 -57.0228 -0.00598382
561 -57.0229 -0.00594196
562 -57.023 -0.00590178
563 -57.0231 -0.00586349
564 -57.0233 -0.00582724
565 -57.0235 -0.00579321
566 -57.0237 -0.00576152
567 -57.024 -0.0057323
568 -57.0243 -0.00570565
569 -57.0247 -0.00568166
570 -57.025 -0.00566038
571 -57.0254 -0.00564188
572 -57.0258 -0.00562619
573 -57.0262 -0.0056133
574 -57.0266 -0.00560324
575 -57.027 -0.00559596
576 -57.0275 -0.00559144
577 -57.0279 -0.00558963
578 -57.0283 -0.00559046
579 -57.0288 -0.00559386
580 -57.0292 -0.00559972
581 -57.0296 -0.00560795
582 -57.03 -0.00561843
583 -57.0304 -0.00563104
584 -57.0308 -0.00564564
585 -57.0312 -0.00566209
586 -57.0316 -0.00568024
587 -57.0319 -0.00569994
588 -57.0322 -0.00572102
589 -57.0325 -0.00574333
590 -57.0328 -0.0057667
591 -57.0331 -0.00579095
592 -57.0333 -0.00581593
593 -57.0335 -0.00584147
594 -57.0337 -0.00586739
595 -57.0338 -0.00589354
596 -57.034 -0.00591975
597 -57.0341 -0.00594588
598 -57.0341 -0.00597175
599 -57.0342 -0.00599724
600 -57.0342 -0.00602221
601 -57.0342 -0.00604651
602 -57.0342 -0.00607003
603 -57.0341 -0.00609264
604 -57.0341 -0.00611425
605 -57.034 -0.00613475
606 -57.0339 -0.00615405
607 -57.0337 -0.00617207
608 -57.0336 -0.00618875
609 -57.0334 -0.00620401
610 -57.0333 -0.00621782
611 -57.0331 -0.00623013
612 -57.0329 -0.00624091
613 -57.0326 -0.00625013
614 -57.0324 -0.0062578
615 -57.0322 -0.0062639
616 -57.032 -0.00626845
617 -57.0317 -0.00627146
618 -57.0315 -0.00627296
619 -57.0312 -0.00627299
620 -57.031 -0.00627157
621 -57.0308 -0.00626877
622 -57.0305 -0.00626463
623 -57.0303 -0.00625922
624 -57.0301 -0.00625261
625 -57.0298 -0.00624487
626 -57.0296 -0.00623608
627 -57.0294 -0.00622631
628 -57.0292 -0.00621566
629 -57.029 -0.0062042
630 -57.0289 -0.00619204
631 -57.0287 -0.00617926
632 -57.0286 -0.00616596
633 -57.0284 -0.00615222
634 -57.0283 -0.00613815
635 -57.0282 -0.00612383
636 -57.0281 -0.00610935
637 -57.0281 -0.00609481
638 -57.028 -0.00608029
639 -57.0279 -0.00606588
640 -57.0279 -0.00605165
641 -57.0279 -0.0060377
642 -57.0279 -0.00602408
643 -57.0279 -0.00601088
644 -57.0279 -0.00599816
645 -57.028 -0.00598598
646 -57.028 -0.0059744
647 -57.0281 -0.00596346
648 -57.0281 -0.00595322
649 -57.0282 -0.00594372
650 -57.0283 -0.00593499
651 -57.0284 -0.00592705
652 -57.0285 -0.00591995
653 -57.0286 -0.00591368
654 -57.0287 -0.00590827
655 -57.0288 -0.00590373
656 -57.029 -0.00590006
657 -57.0291 -0.00589725
658 -57.0292 -0.00589529
659 -57.0294 -0.00589419
660 -57.0295 -0.0058939
661 -57.0296 -0.00589443
662 -57.0298 -0.00589573
663 -57.0299 -0.00589778
664 -57.03 -0.00590055
665 -57.0302 -0.005904
666 -57.0303 -0.00590809
667 -57.0304 -0.00591278
668 -57.0305 -0.00591803
669 -57.0306 -0.00592378
670 -57.0307 -0.00593
671 -57.0308 -0.00593662
672 -57.0309 -0.0059436
673 -57.031 -0.00595089
674 -57.0311 -0.00595844
675 -57.0311 -0.00596619
676 -57.0312 -0.0059741
677 -57.0313 -0.00598211
678 -57.0313 -0.00599017
679 -57.0313 -0.00599824
680 -57.0314 -0.00600626
681 -57.0314 -0.00601419
682 -57.0314 -0.00602199
683 -57.0314 -0.00602961
684 -57.0314 -0.00603701
685 -57.0314 -0.00604416
686 -57.0314 -0.00605103
687 -57.0313 -0.00605757
688 -57.0313 -0.00606376
689 -57.0313 -0.00606957
690 -57.0312 -0.00607498
691 -57.0312 -0.00607997
692 -57.0311 -0.00608452
693 -57.0311 -0.00608862
694 -57.031 -0.00609225
695 -57.031 -0.00609541
696 -57.0309 -0.00609809
697 -57.0308 -0.00610029
698 -57.0308 -0.006102
699 -57.0307 -0.00610325
700 -57.0306 -0.00610402
701 -57.0305 -0.00610432
702 -57.0305 -0.00610418
703 -57.0304 -0.0061036
704 -57.0303 -0.0061026
705 -57.0302 -0.00610119
706 -57.0302 -0.0060994
707 -57.0301 -0.00609724
708 -57.03 -0.00609475
709 -57.03 -0.00609194
710 -57.0299 -0.00608884
711 -57.0298 -0.00608547
712 -57.0298 -0.00608187
713 -57.0297 -0.00607806
714 -57.0297 -0.00607407
715 -57.0296 -0.00606992
716 -57.0296 -0.00606566
717 -57.0296 -0.0060613
718 -57.0295 -0.00605687
719 -57.0295 -0.0060524
720 -57.0295 -0.00604792
721 -57.0295 -0.00604346
722 -57.0295 -0.00603904
723 -57.0295 -0.00603469
724 -57.0295 -0.00603042
725 -57.0295 -0.00602627
726 -57.0295 -0.00602226
727 -57.0295 -0.00601839
728 -57.0295 -0.0060147
729 -57.0295 -0.0060112
730 -57.0295 -0.00600791
731 -57.0295 -0.00600483
732 -57.0296 -0.00600198
733 -57.0296 -0.00599937
734 -57.0296 -0.00599702
735 -57.0296 -0.00599492
736 -57.0297 -0.00599308
737 -57.0297 -0.0059915
738 -57.0298 -0.00599019
739 -57.0298 -0.00598915
740 -57.0298 -0.00598837
741 -57.0299 -0.00598786
742 -57.0299 -0.0059876
743 -57.03 -0.0059876
744 -57.03 -0.00598784
745 -57.03 -0.00598832
746 -57.0301 -0.00598903
747 -57.0301 -0.00598995
748 -57.0302 -0.00599108
749 -57.0302 -0.00599241
750 -57.0302 -0.00599391
751 -57.0303 -0.00599558
752 -57.0303 -0.0059974
753 -57.0303 -0.00599936
754 -57.0304 -0.00600143
755 -57.0304 -0.00600362
756 -57.0304 -0.00600589
757 -57.0304 -0.00600824
758 -57.0305 -0.00601064
759 -57.0305 -0.00601309
760 -57.0305 -0.00601556
761 -57.0305 -0.00601804
762 -57.0305 -0.00602052
763 -57.0305 -0.00602299
764 -57.0305 -0.00602542
765 -57.0305 -0.0060278
766 -57.0305 -0.00603012
767 -57.0305 -0.00603238
768 -57.0305 -0.00603455
769 -57.0305 -0.00603663
770 -57.0305 -0.00603861
771 -57.0305 -0.00604048
772 -57.0305 -0.00604223
773 -57.0305 -0.00604385
774 -57.0305 -0.00604534
775 -57.0304 -0.0060467
776 -57.0304 -0.00604791
777 -57.0304 -0.00604898
778 -57.0304 -0.0060499
779 -57.0304 -0.00605068
780 -57.0303 -0.0060513
781 -57.0303 -0.00605178
782 -57.0303 -0.00605212
783 -57.0303 -0.00605231
784 -57.0303 -0.00605235
785 -57.0302 -0.00605226
786 -57.0302 -0.00605204
787 -57.0302 -0.00605169
788 -57.0302 -0.00605122
789 -57.0301 -0.00605063
790 -57.0301 -0.00604993
791 -57.0301 -0.00604913
792 -57.0301 -0.00604823
793 -57.0301 -0.00604725
794 -57.03 -0.00604619
795 -57.03 -0.00604505
796 -57.03 -0.00604386
797 -57.03 -0.00604262
798 -57.03 -0.00604133
799 -57.03 -0.00604
800 -57.03 -0.00603865
801 -57.03 -0.00603728
802 -57.0299 -0.00603591
803 -57.0299 -0.00603453
804 -57.0299 -0.00603316
805 -57.0299 -0.0060318
806 -57.0299 -0.00603047
807 -57.0299 -0.00602917
808 -57.0299 -0.00602791
809 -57.0299 -0.00602668
810 -57.0299 -0.00602551
811 -57.0299 -0.0060244
812 -57.0299 -0.00602334
813 -57.03 -0.00602235
814 -57.03 -0.00602142
815 -57.03 -0.00602057
816 -57.03 -0.00601979
817 -57.03 -0.00601909
818 -57.03 -0.00601847
819 -57.03 -0.00601793
820 -57.03 -0.00601748
821 -57.03 -0.0060171
822 -57.03 -0.00601681
823 -57.0301 -0.0060166
824 -57.0301 -0.00601646
825 -57.0301 -0.00601641
826 -57.0301 -0.00601644
827 -57.0301 -0.00601654
828 -57.0301 -0.00601671
829 -57.0301 -0.00601695
830 -57.0301 -0.00601725
831 -57.0302 -0.00601762
832 -57.0302 -0.00601805
833 -57.0302 -0.00601853
834 -57.0302 -0.00601906
835 -57.0302 -0.00601963
836 -57.0302 -0.00602025
837 -57.0302 -0.0060209
838 -57.0302 -0.00602158
839 -57.0302 -0.00602229
840 -57.0302 -0.00602302
841 -57.0302 -0.00602376
842 -57.0302 -0.00602452
843 -57.0303 -0.00602528
844 -57.0303 -0.00602605
845 -57.0303 -0.00602681
846 -57.0303 -0.00602757
847 -57.0303 -0.00602831
848 -57.0303 -0.00602904
849 -57.0303 -0.00602975
850 -57.0303 -0.00603043
851 -57.0303 -0.00603109
852 -57.0303 -0.00603172
853 -57.0303 -0.00603232
854 -57.0303 -0.00603288
855 -57.0303 -0.00603341
856 -57.0302 -0.00603389
857 -57.0302 -0.00603434
858 -57.0302 -0.00603474
859 -57.0302 -0.0060351
860 -57.0302 -0.00603542
861 -57.0302 -0.00603568
862 -57.0302 -0.00603591
863 -57.0302 -0.00603609
864 -57.0302 -0.00603622
865 -57.0302 -0.00603631
866 -57.0302 -0.00603635
867 -57.0302 -0.00603635
868 -57.0302 -0.00603631
869 -57.0302 -0.00603623
870 -57.0302 -0.0060361
871 -57.0302 -0.00603595
872 -57.0301 -0.00603575
873 -57.0301 -0.00603553
874 -57.0301 -0.00603527
875 -57.0301 -0.00603499
876 -57.0301 -0.00603467
877 -57.0301 -0.00603434
878 -57.0301 -0.00603399
879 -57.0301 -0.00603361
880 -57.0301 -0.00603322
881 -57.0301 -0.00603282
882 -57.0301 -0.00603241
883 -57.0301 -0.00603199
884 -57.0301 -0.00603157
885 -57.0301 -0.00603115
886 -57.0301 -0.00603072
887 -57.0301 -0.0060303
888 -57.0301 -0.00602989
889 -57.0301 -0.00602948
890 -57.0301 -0.00602908
891 -57.0301 -0.0060287
892 -57.0301 -0.00602833
893 -57.0301 -0.00602797
894 -57.0301 -0.00602764
895 -57.0301 -0.00602732
896 -57.0301 -0.00602702
897 -57.0301 -0.00602674
898 -57.0301 -0.00602649
899 -57.0301 -0.00602625
900 -57.0301 -0.00602605
901 -57.0301 -0.00602586
902 -57.0301 -0.00602571
903 -57.0301 -0.00602557
904 -57.0301 -0.00602547
905 -57.0301 -0.00602539
906 -57.0301 -0.00602533
907 -57.0301 -0.0060253
908 -57.0301 -0.00602529
909 -57.0301 -0.0060253
910 -57.0301 -0.00602534
911 -57.0301 -0.0060254
912 -57.0301 -0.00602548
913 -57.0301 -0.00602558
914 -57.0302 -0.0060257
915 -57.0302 -0.00602584
916 -57.0302 -0.00602599
917 -57.0302 -0.00602616
918 -57.0302 -0.00602634
919 -57.0302 -0.00602654
920 -57.0302 -0.00602674
921 -57.0302 -0.00602695
922 -57.0302 -0.00602717
923 -57.0302 -0.0060274
924 -57.0302 -0.00602763
925 -57.0302 -0.00602786
926 -57.0302 -0.0060281
927 -57.0302 -0.00602833
928 -57.0302 -0.00602857
929 -57.0302 -0.0060288
930 -57.0302 -0.00602903
931 -57.0302 -0.00602925
932 -57.0302 -0.00602947
933 -57.0302 -0.00602967
934 -57.0302 -0.00602987
935 -57.0302 -0.00603007
936 -57.0302 -0.00603025
937 -57.0302 -0.00603042
938 -57.0302 -0.00603057
939 -57.0302 -0.00603072
940 -57.0302 -0.00603085
941 -57.0302 -0.00603097
942 -57.0302 -0.00603108
943 -57.0302 -0.00603117
944 -57.0302 -0.00603125
945 -57.0302 -0.00603131
946 -57.0302 -0.00603136
947 -57.0302 -0.0060314
948 -57.0302 -0.00603142
949 -57.0302 -0.00603143
950 -57.0302 -0.00603142
951 -57.0302 -0.00603141
952 -57.0302 -0.00603138
953 -57.0301 -0.00603134
954 -57.0301 -0.00603128
955 -57.0301 -0.00603122
956 -57.0301 -0.00603115
957 -57.0301 -0.00603107
958 -57.0301 -0.00603098
959 -57.0301 -0.00603088
960 -57.0301 -0.00603077
961 -57.0301 -0.00603066
962 -57.0301 -0.00603054
963 -57.0301 -0.00603042
964 -57.0301 -0.0060303
965 -57.0301 -0.00603017
966 -57.0301 -0.00603004
967 -57.0301 -0.00602991
968 -57.0301 -0.00602978
969 -57.0301 -0.00602965
970 -57.0301 -0.00602952
971 -57.0301 -0.0060294
972 -57.0301 -0.00602927
973 -57.0301 -0.00602915
974 -57.0301 -0.00602903
975 -57.0301 -0.00602892
976 -57.0301 -0.00602881
977 -57.0301 -0.00602871
978 -57.0301 -0.00602861
979 -57.0301 -0.00602852
980 -57.0301 -0.00602844
981 -57.0301 -0.00602837
982 -57.0301 -0.0060283
983 -57.0301 -0.00602824
984 -57.0301 -0.00602818
985 -57.0301 -0.00602814
986 -57.0301 -0.0060281
987 -57.0301 -0.00602807
988 -57.0301 -0.00602804
989 -57.0301 -0.00602803
990 -57.0301 -0.00602802
991 -57.0301 -0.00602802
992 -57.0301 -0.00602803
993 -57.0301 -0.00602804
994 -57.0301 -0.00602806
995 -57.0301 -0.00602809
996 -57.0301 -0.00602812
997 -57.0301 -0.00602816
998 -57.0301 -0.00602821
999 -57.0301 -0.00602826
