5 0.00744489
10 0.00168071
15 0.000716908
20 0.000453045
25 0.00026428
30 0.000210987
35 0.000140618
40 0.000104433
45 9.04004e-05
50 6.60008e-05
55 6.33567e-05
60 5.01046e-05
65 4.35199e-05
70 3.49049e-05
75 3.12264e-05
80 2.52943e-05
85 2.59954e-05
90 2.2735e-05
95 1.99211e-05
100 1.78999e-05
105 1.6465e-05
110 1.4071e-05
115 1.36523e-05
120 1.27388e-05
125 1.15631e-05
130 1.10524e-05
135 9.78529e-06
140 9.29049e-06
145 9.04679e-06
150 9.23421e-06
155 8.47865e-06
160 8.08622e-06
165 7.11521e-06
170 6.85832e-06
175 7.10978e-06
180 6.03689e-06
185 5.94762e-06
190 5.74345e-06
195 5.19052e-06
200 5.00848e-06
205 4.66669e-06
210 4.56218e-06
215 3.91072e-06
220 4.10484e-06
225 4.27281e-06
230 4.03336e-06
235 4.02829e-06
240 3.71621e-06
245 3.55467e-06
250 3.31091e-06
255 3.59501e-06
260 3.48309e-06
265 2.95788e-06
270 2.70422e-06
275 3.11799e-06
280 2.8229e-06
285 2.95352e-06
290 2.67688e-06
295 2.39706e-06
300 2.5122e-06
305 2.66606e-06
310 2.8671e-06
315 2.48165e-06
320 2.37211e-06
325 2.30632e-06
330 2.29326e-06
335 2.28011e-06
340 2.10567e-06
345 2.37033e-06
350 1.93853e-06
355 2.2092e-06
360 2.16496e-06
365 1.96953e-06
370 2.07929e-06
375 2.34032e-06
380 1.9376e-06
385 1.81842e-06
390 1.93255e-06
395 1.7901e-06
400 2.03293e-06
405 1.82815e-06
410 1.80845e-06
415 1.65309e-06
420 1.85109e-06
425 2.06131e-06
430 1.84734e-06
435 1.70779e-06
440 1.87355e-06
445 1.91292e-06
450 1.5341e-06
455 1.76653e-06
460 1.66518e-06
465 1.82298e-06
470 1.76491e-06
475 1.70446e-06
480 1.81454e-06
485 1.57255e-06
490 1.59623e-06
495 1.80248e-06
500 1.63305e-06
505 1.80248e-06
510 1.59623e-06
515 1.57255e-06
520 1.81454e-06
525 1.70446e-06
530 1.76491e-06
535 1.82298e-06
540 1.66518e-06
545 1.76653e-06
550 1.5341e-06
555 1.91292e-06
560 1.87355e-06
565 1.70779e-06
570 1.84734e-06
575 2.06131e-06
580 1.85109e-06
585 1.65309e-06
590 1.80845e-06
595 1.82815e-06
600 2.03293e-06
605 1.7901e-06
610 1.93255e-06
615 1.81842e-06
620 1.9376e-06
625 2.34032e-06
630 2.07929e-06
635 1.96953e-06
640 2.16496e-06
645 2.2092e-06
650 1.93853e-06
655 2.37033e-06
660 2.10567e-06
665 2.28011e-06
670 2.29326e-06
675 2.30632e-06
680 2.37211e-06
685 2.48165e-06
690 2.8671e-06
695 2.66606e-06
700 2.5122e-06
705 2.39706e-06
710 2.67688e-06
715 2.95352e-06
720 2.8229e-06
725 3.11799e-06
730 2.70422e-06
735 2.95788e-06
740 3.48309e-06
745 3.59501e-06
750 3.31091e-06
755 3.55467e-06
760 3.71621e-06
765 4.02829e-06
770 4.03336e-06
775 4.27281e-06
780 4.10484e-06
785 3.91072e-06
790 4.56218e-06
795 4.66669e-06
800 5.00848e-06
805 5.19052e-06
810 5.74345e-06
815 5.94762e-06
820 6.03689e-06
825 7.10978e-06
830 6.85832e-06
835 7.11521e-06
840 8.08622e-06
845 8.47865e-06
850 9.23421e-06
855 9.04679e-06
860 9.29049e-06
865 9.78529e-06
870 1.10524e-05
875 1.15631e-05
880 1.27388e-05
885 1.36523e-05
890 1.4071e-05
895 1.6465e-05
900 1.78999e-05
905 1.99211e-05
910 2.2735e-05
915 2.59954e-05
920 2.52943e-05
925 3.12264e-05
930 3.49049e-05
935 4.35199e-05
940 5.01046e-05
945 6.33567e-05
950 6.60008e-05
955 9.04004e-05
960 0.000104433
965 0.000140618
970 0.000210987
975 0.00026428
980 0.000453045
985 0.000716908
990 0.00168071
995 0.00744489
1000 1.37896e+06
1005 1.49077e+06
1010 1.61105e+06
1015 1.34768e+06
1020 1.43747e+06
1025 1.49977e+06
1030 1.65717e+06
1035 1.6269e+06
1040 1.48262e+06
1045 1.28087e+06
1050 1.6225e+06
1055 1.35602e+06
1060 1.38912e+06
1065 1.53838e+06
1070 1.29727e+06
1075 1.38365e+06
1080 1.50276e+06
1085 1.57481e+06
