0.0001 1.22738e+06
0.0002 1.30228e+06
0.0003 1.34952e+06
0.0004 1.53277e+06
0.0005 1.50646e+06
0.0006 1.42724e+06
0.0007 1.45345e+06
0.0008 1.43938e+06
0.0009 1.53098e+06
0.001 1.836e+06
0.0011 1.46203e+06
0.0012 1.36015e+06
0.0013 1.71661e+06
0.0014 1.50545e+06
0.0015 1.46123e+06
0.0016 1.5931e+06
0.0017 1.5126e+06
0.0018 1.45805e+06
0.0019 1.82227e+06
0.002 1.48343e+06
0.0021 1.57156e+06
0.0022 1.39173e+06
0.0023 1.56517e+06
0.0024 1.47255e+06
0.0025 1.28192e+06
0.0026 1.51521e+06
0.0027 1.582e+06
0.0028 1.55284e+06
0.0029 1.45542e+06
0.003 1.45866e+06
0.0031 1.27558e+06
0.0032 1.48195e+06
0.0033 1.48289e+06
0.0034 1.68824e+06
0.0035 1.66601e+06
0.0036 1.59344e+06
0.0037 1.54551e+06
0.0038 1.60563e+06
0.0039 1.4741e+06
0.004 1.63275e+06
0.0041 1.35903e+06
0.0042 1.48166e+06
0.0043 1.35994e+06
0.0044 1.34061e+06
0.0045 1.44272e+06
0.0046 1.60956e+06
0.0047 1.52285e+06
0.0048 1.46964e+06
0.0049 1.52716e+06
0.005 1.51239e+06
0.0051 1.46126e+06
0.0052 1.45094e+06
0.0053 1.46179e+06
0.0054 1.42329e+06
0.0055 1.54336e+06
0.0056 1.55171e+06
0.0057 1.5285e+06
0.0058 1.41941e+06
0.0059 1.46001e+06
0.006 1.54119e+06
0.0061 1.31633e+06
0.0062 1.57194e+06
0.0063 1.53382e+06
0.0064 1.48863e+06
0.0065 1.43462e+06
0.0066 1.48595e+06
0.0067 1.64086e+06
0.0068 1.34455e+06
0.0069 1.6119e+06
0.007 1.37988e+06
0.0071 1.63568e+06
0.0072 1.34124e+06
0.0073 1.69324e+06
0.0074 1.65495e+06
0.0075 1.24655e+06
0.0076 1.60446e+06
0.0077 1.41944e+06
0.0078 1.3085e+06
0.0079 1.65401e+06
0.008 1.34868e+06
0.0081 1.27741e+06
0.0082 1.47551e+06
0.0083 1.62142e+06
0.0084 1.46437e+06
0.0085 1.43141e+06
0.0086 1.57029e+06
0.0087 1.58217e+06
0.0088 1.36445e+06
0.0089 1.4212e+06
0.009 1.4205e+06
0.0091 1.35436e+06
0.0092 1.50049e+06
0.0093 1.2952e+06
0.0094 1.2914e+06
0.0095 1.36837e+06
0.0096 1.23505e+06
0.0097 1.45858e+06
0.0098 1.67933e+06
0.0099 1.47242e+06
0.01 1.53032e+06
0.0101 1.60544e+06
0.0102 1.3e+06
0.0103 1.44637e+06
0.0104 1.31198e+06
0.0105 1.46209e+06
0.0106 1.62373e+06
0.0107 1.44724e+06
0.0108 1.44106e+06
0.0109 1.33367e+06
0.011 1.50708e+06
0.0111 1.42249e+06
0.0112 1.32233e+06
0.0113 1.54801e+06
0.0114 1.45619e+06
0.0115 1.53947e+06
0.0116 1.45933e+06
0.0117 1.28559e+06
0.0118 1.5839e+06
0.0119 1.2674e+06
0.012 1.56095e+06
0.0121 1.43024e+06
0.0122 1.36816e+06
0.0123 1.40907e+06
0.0124 1.33089e+06
0.0125 1.47809e+06
0.0126 1.31347e+06
0.0127 1.64406e+06
0.0128 1.29699e+06
0.0129 1.37328e+06
0.013 1.30829e+06
0.0131 1.52196e+06
0.0132 1.41363e+06
0.0133 1.40753e+06
0.0134 1.50235e+06
0.0135 1.28928e+06
0.0136 1.30023e+06
0.0137 1.51941e+06
0.0138 1.3972e+06
0.014 1.63372e+06
0.0142 1.33545e+06
0.0144 1.55121e+06
0.0146 1.24047e+06
0.0148 1.36039e+06
0.015 1.42154e+06
0.0152 1.32577e+06
0.0154 1.39312e+06
0.0156 1.18378e+06
0.0158 1.28168e+06
0.016 1.43906e+06
0.0162 1.51056e+06
0.0164 1.4415e+06
0.0166 1.44421e+06
0.0168 1.23097e+06
0.017 1.19518e+06
0.0172 1.35959e+06
0.0174 1.47226e+06
0.0176 1.26104e+06
0.0178 1.19795e+06
0.018 1.25797e+06
0.0182 1.25565e+06
0.0184 1.22499e+06
0.0186 1.28356e+06
0.0188 1.36108e+06
0.019 1.30453e+06
0.0192 1.22765e+06
0.0194 1.24526e+06
0.0196 1.283e+06
0.0198 1.31331e+06
0.02 1.13827e+06
0.0202 1.25335e+06
0.0204 1.22482e+06
0.0206 1.20633e+06
0.0208 1.54377e+06
0.021 1.23688e+06
0.0212 1.32094e+06
0.0214 1.33305e+06
0.0216 1.27106e+06
0.0218 1.32664e+06
0.022 1.28775e+06
0.0222 1.29523e+06
0.0224 1.21979e+06
0.0226 1.20375e+06
0.0228 1.36431e+06
0.023 1.21567e+06
0.0233 1.23173e+06
0.0236 1.12687e+06
0.0239 1.25653e+06
0.0242 1.20449e+06
0.0245 1.17273e+06
0.0248 1.18952e+06
0.0251 1.32382e+06
0.0254 1.39756e+06
0.0257 1.23111e+06
0.026 1.16913e+06
0.0263 1.43016e+06
0.0266 1.12239e+06
0.0269 1.09434e+06
0.0272 1.1903e+06
0.0275 1.05414e+06
0.0278 1.09321e+06
0.0281 1.10025e+06
0.0284 1.21822e+06
0.0287 1.21233e+06
0.029 1.2239e+06
0.0293 1.08975e+06
0.0296 1.19203e+06
0.0299 1.10471e+06
0.0302 1.02657e+06
0.0305 1.09282e+06
0.0308 1.17385e+06
0.0311 1.15306e+06
0.0314 1.06843e+06
0.0317 966109
0.032 1.17184e+06
0.0323 1.04759e+06
0.0327 1.20382e+06
0.0331 1.13591e+06
0.0335 1.08153e+06
0.0339 1.1189e+06
0.0343 935645
0.0347 1.06509e+06
0.0351 989126
0.0355 1.07316e+06
0.0359 1.12898e+06
0.0363 1.11708e+06
0.0367 956131
0.0371 1.15287e+06
0.0375 967466
0.0379 999580
0.0383 1.06468e+06
0.0387 1.00529e+06
0.0391 1.04825e+06
0.0395 832597
0.0399 960715
0.0403 931238
0.0407 1.03447e+06
0.0411 930690
0.0415 863350
0.042 857645
0.0425 839245
0.043 930028
0.0435 949297
0.044 893796
0.0445 926899
0.045 837993
0.0455 856489
0.046 886773
0.0465 834451
0.047 822946
0.0475 714458
0.048 736055
0.0485 815682
0.049 836809
0.0495 753636
0.05 660216
0.0505 867636
0.051 773699
0.0516 751316
0.0522 767354
0.0528 775765
0.0534 658074
0.054 764312
0.0546 771639
0.0552 646959
0.0558 697109
0.0564 664999
0.057 661341
0.0576 632351
0.0582 683571
0.0588 712805
0.0594 733729
0.06 620702
0.0607 635562
0.0614 683277
0.0621 655262
0.0628 637255
0.0635 580595
0.0642 568719
0.0649 593464
0.0656 585120
0.0663 586625
0.067 546768
0.0677 557440
0.0684 526573
0.0691 533340
0.0699 626835
0.0707 468163
0.0715 548570
0.0723 560552
0.0731 600809
0.0739 498553
0.0747 492116
0.0755 504408
0.0763 478430
0.0771 504042
0.0779 522726
0.0787 480318
0.0796 433530
0.0805 422655
0.0814 446119
0.0823 446389
0.0832 447000
0.0841 378382
0.085 446787
0.0859 427643
0.0868 399027
0.0877 415626
0.0887 406033
0.0897 366847
0.0907 431163
0.0917 395383
0.0927 347535
0.0937 316692
0.0947 359458
0.0957 319169
0.0967 336080
0.0978 339663
0.0989 329662
0.1 346711
0.1011 320111
0.1022 299823
0.1033 301299
0.1044 297562
0.1055 282228
0.1066 278666
0.1078 269515
0.109 287983
0.1102 288636
0.1114 255673
0.1126 277326
0.1138 278701
0.115 234393
0.1163 259927
0.1176 227847
0.1189 220509
0.1202 280902
0.1215 224186
0.1228 239395
0.1241 219541
0.1255 224379
0.1269 226859
0.1283 232324
0.1297 223774
0.1311 227028
0.1325 161491
0.1339 218536
0.1354 240013
0.1369 199082
0.1384 213289
0.1399 192038
0.1414 195985
0.1429 182511
0.1445 175724
0.1461 155823
0.1477 183690
0.1493 144736
0.1509 179261
0.1525 164616
0.1542 164613
0.1559 154176
0.1576 136667
0.1593 149539
0.161 145848
0.1628 153857
0.1646 125612
0.1664 126529
0.1682 134538
0.17 130177
0.1718 123548
0.1737 141295
0.1756 125097
0.1775 128867
0.1794 120507
0.1814 119708
0.1834 105421
0.1854 120714
0.1874 121136
0.1894 101840
0.1915 102652
0.1936 99770.5
0.1957 112992
0.1978 95499.7
0.2 108384
0.2022 90444.8
0.2044 106749
0.2066 104904
0.2088 87787.1
0.2111 82218.7
0.2134 88876
0.2157 88436.9
0.218 80852
0.2204 73374.3
0.2228 72237.7
0.2252 80465.1
0.2276 79061.2
0.2301 72201.3
0.2326 75029.7
0.2351 74086.3
0.2377 69851
0.2403 71195.5
0.2429 63374.1
0.2455 66179.9
0.2482 66689.2
0.2509 70072.4
0.2536 68380.7
0.2564 54313.1
0.2592 70792.4
0.262 52208
0.2649 55350
0.2678 58640.2
0.2707 48510.9
0.2736 48419.3
0.2766 52737.5
0.2796 57539.9
0.2826 56401
0.2857 55905.7
0.2888 48576.6
0.2919 48527.1
0.2951 44400.5
0.2983 43035
0.3015 47133
0.3048 44459.2
0.3081 45729
0.3115 50398
0.3149 45258
0.3183 40050.9
0.3218 41741.4
0.3253 41551.8
0.3288 34312
0.3324 34140.3
0.336 42549.4
0.3397 35487.3
0.3434 37125.9
0.3471 34896.6
0.3509 32059.4
0.3547 30379.1
0.3586 31460.1
0.3625 31339.2
0.3664 29556.1
0.3704 27212.5
0.3744 35354.4
0.3785 29525.8
0.3826 28776.9
0.3868 27345.3
0.391 24872.2
0.3953 27414.1
0.3996 25178.2
0.4039 23645.6
0.4083 25555.9
0.4127 26469.8
0.4172 24463.4
0.4217 22152.6
0.4263 22335.2
0.4309 23750.7
0.4356 22930.6
0.4403 20486.6
0.4451 22681.3
0.4499 19411.8
0.4548 19844.8
0.4597 18619.2
0.4647 20385.8
0.4698 19810.9
0.4749 19084
0.4801 18896.3
0.4853 21091.3
0.4906 18522.3
0.4959 16615.7
0.5013 19241.8
0.5068 15002.8
0.5123 15250.5
0.5179 17702
0.5235 14938.7
0.5292 15866.9
0.535 17343.3
0.5408 12205.1
0.5467 13944.2
0.5526 14253.6
0.5586 13697.2
0.5647 12305.3
0.5708 12850.5
0.577 14462.4
0.5833 15051.3
0.5896 10856.8
0.596 11414.7
0.6025 11783.7
0.6091 10395.1
0.6157 12120.7
0.6224 11205
0.6292 10709.2
0.636 10457.6
0.6429 10148.3
0.6499 9894.26
0.657 11835.6
0.6641 10453.7
0.6713 8522.92
0.6786 9394.17
0.686 9336.51
0.6935 8548.59
0.701 8342.68
0.7086 8857.89
0.7163 8269.84
0.7241 7695.21
0.732 7771.55
0.74 7561.19
0.7481 7235.86
0.7562 8448
0.7644 6938.75
0.7727 7297.71
0.7811 7031.42
0.7896 7591.52
0.7982 6893.19
0.8069 6706.96
0.8157 6635.71
0.8246 6523.42
0.8336 6373.86
0.8427 6158.94
0.8519 6348.39
0.8612 5980.71
0.8706 5710.39
0.8801 5394.35
0.8897 5609.02
0.8994 4894.8
0.9092 5447.82
0.9191 4428.31
0.9291 5211.16
0.9392 5321.29
0.9494 4413.17
0.9597 4927.45
0.9701 4585.55
0.9807 4413.25
0.9914 4768.74
1.0022 4129.01
1.0131 4631.37
1.0241 4357.68
1.0352 4050.18
1.0465 3716.11
1.0579 3341.6
1.0694 4044.7
1.081 3903.65
1.0928 3308.18
1.1047 3537.42
1.1167 3268.23
1.1288 3465.42
1.1411 3783.03
1.1535 3223.28
1.166 2978.36
1.1787 3195.63
1.1915 2998.99
1.2045 3185.58
1.2176 3034.36
1.2308 2508.81
1.2442 3135.49
1.2577 2873.73
1.2714 2741.2
1.2852 2820.98
1.2992 2542.72
1.3133 2813.82
1.3276 2657.83
1.342 2511.85
1.3566 2344.37
1.3714 2247.63
1.3863 2589.89
1.4014 2022.14
1.4166 2246.46
1.432 1904.42
1.4476 1968.06
1.4633 2291.79
1.4792 1933.66
1.4953 2028.87
1.5116 1975.63
1.528 1814.29
1.5446 1821.84
1.5614 1749.85
1.5784 1795.71
1.5956 1611.28
1.613 1517.08
1.6305 1717.55
1.6482 1563.92
1.6661 1724.08
1.6842 1697.98
1.7025 1558.76
1.721 1642.95
1.7397 1655.09
1.7586 1346.29
1.7777 1424.13
1.797 1463.05
1.8165 1358.93
1.8363 1190.36
1.8563 1511.19
1.8765 1417.32
1.8969 1363.11
1.9175 1382.99
1.9384 1255.38
1.9595 1306.72
1.9808 1090.64
2.0023 1064.99
2.0241 1134.34
2.0461 1117.38
2.0684 1086.11
2.0909 1142.64
2.1136 1089.89
2.1366 1008.23
2.1598 1195.35
2.1833 995.343
2.2071 1127.88
2.2311 1005.23
2.2554 1089.03
2.2799 909.88
2.3047 922.979
2.3298 848.957
2.3551 1004.57
2.3807 966.202
2.4066 930.193
2.4328 947.37
2.4593 820.818
2.4861 816.889
2.5131 769.706
2.5404 823.589
2.568 782.859
2.5959 733.921
2.6241 801.857
2.6526 786.032
2.6815 744.27
2.7107 784.179
2.7402 710.439
2.77 637.019
2.8001 687.303
2.8306 685.628
2.8614 750.3
2.8925 692.497
2.924 740.779
2.9558 696.355
2.988 679.669
3.0205 600.81
3.0534 659.748
3.0866 597.54
3.1202 553.806
3.1541 571.027
3.1884 616.98
3.2231 555.741
3.2582 561.155
3.2936 569.755
3.3294 543.463
3.3656 539.599
3.4022 593.421
3.4392 559.201
3.4766 610.515
3.5144 529.673
3.5526 544.52
3.5912 495.832
3.6303 571.682
3.6698 545.887
3.7097 489.439
3.7501 482.768
3.7909 429.842
3.8321 493.953
3.8738 413.296
3.9159 429.282
3.9585 452.581
4.0016 475.99
4.0451 426.301
4.0891 459.275
4.1336 412.188
4.1786 416.912
4.2241 506.451
4.2701 414.209
4.3166 481.068
4.3636 439.471
4.4111 427.906
4.4591 417.514
4.5076 410.89
4.5566 379.088
4.6062 425.619
4.6563 416.024
4.707 470.289
4.7582 403.203
4.81 421.391
4.8623 357.584
4.9152 437.331
4.9687 403.015
