5 0.00655393
10 0.00149878
15 0.000721046
20 0.00044144
25 0.000259472
30 0.000170296
35 0.000125424
40 9.85581e-05
45 7.83293e-05
50 6.16086e-05
55 5.30897e-05
60 4.70559e-05
65 3.76866e-05
70 3.54395e-05
75 2.94295e-05
80 2.4386e-05
85 2.62907e-05
90 2.06058e-05
95 1.85397e-05
100 1.64365e-05
105 1.55897e-05
110 1.48185e-05
115 1.32756e-05
120 1.23917e-05
125 1.13738e-05
130 9.8141e-06
135 1.13082e-05
140 9.25716e-06
145 8.36016e-06
150 7.33904e-06
155 7.31925e-06
160 6.79514e-06
165 6.47947e-06
170 5.51351e-06
175 5.00558e-06
180 6.33762e-06
185 5.37769e-06
190 5.26589e-06
195 5.33179e-06
200 4.45829e-06
205 4.30278e-06
210 4.28282e-06
215 4.18497e-06
220 4.10101e-06
225 3.75011e-06
230 4.50398e-06
235 3.48171e-06
240 3.3303e-06
245 3.0889e-06
250 3.07232e-06
255 2.82301e-06
260 3.25888e-06
265 2.77786e-06
270 2.80403e-06
275 2.80772e-06
280 2.88885e-06
285 3.1244e-06
290 2.40694e-06
295 2.79985e-06
300 2.40428e-06
305 2.65655e-06
310 2.51351e-06
315 2.4054e-06
320 2.35392e-06
325 2.21919e-06
330 2.2103e-06
335 2.27694e-06
340 1.95769e-06
345 2.29021e-06
350 2.1826e-06
355 1.99369e-06
360 1.83211e-06
365 2.00556e-06
370 1.88779e-06
375 2.08254e-06
380 1.71784e-06
385 1.51149e-06
390 2.09503e-06
395 1.79428e-06
400 1.69138e-06
405 1.67883e-06
410 1.80814e-06
415 1.78199e-06
420 1.7836e-06
425 1.77846e-06
430 1.5383e-06
435 1.65979e-06
440 1.8033e-06
445 1.63403e-06
450 1.55245e-06
455 1.77152e-06
460 1.63889e-06
465 1.4913e-06
470 1.45182e-06
475 1.45994e-06
480 1.56005e-06
485 1.62437e-06
490 1.50707e-06
495 1.58667e-06
500 1.64154e-06
505 1.58667e-06
510 1.50707e-06
515 1.62437e-06
520 1.56005e-06
525 1.45994e-06
530 1.45182e-06
535 1.4913e-06
540 1.63889e-06
545 1.77152e-06
550 1.55245e-06
555 1.63403e-06
560 1.8033e-06
565 1.65979e-06
570 1.5383e-06
575 1.77846e-06
580 1.7836e-06
585 1.78199e-06
590 1.80814e-06
595 1.67883e-06
600 1.69138e-06
605 1.79428e-06
610 2.09503e-06
615 1.51149e-06
620 1.71784e-06
625 2.08254e-06
630 1.88779e-06
635 2.00556e-06
640 1.83211e-06
645 1.99369e-06
650 2.1826e-06
655 2.29021e-06
660 1.95769e-06
665 2.27694e-06
670 2.2103e-06
675 2.21919e-06
680 2.35392e-06
685 2.4054e-06
690 2.51351e-06
695 2.65655e-06
700 2.40428e-06
705 2.79985e-06
710 2.40694e-06
715 3.1244e-06
720 2.88885e-06
725 2.80772e-06
730 2.80403e-06
735 2.77786e-06
740 3.25888e-06
745 2.82301e-06
750 3.07232e-06
755 3.0889e-06
760 3.3303e-06
765 3.48171e-06
770 4.50398e-06
775 3.75011e-06
780 4.10101e-06
785 4.18497e-06
790 4.28282e-06
795 4.30278e-06
800 4.45829e-06
805 5.33179e-06
810 5.26589e-06
815 5.37769e-06
820 6.33762e-06
825 5.00558e-06
830 5.51351e-06
835 6.47947e-06
840 6.79514e-06
845 7.31925e-06
850 7.33904e-06
855 8.36016e-06
860 9.25716e-06
865 1.13082e-05
870 9.8141e-06
875 1.13738e-05
880 1.23917e-05
885 1.32756e-05
890 1.48185e-05
895 1.55897e-05
900 1.64365e-05
905 1.85397e-05
910 2.06058e-05
915 2.62907e-05
920 2.4386e-05
925 2.94295e-05
930 3.54395e-05
935 3.76866e-05
940 4.70559e-05
945 5.30897e-05
950 6.16086e-05
955 7.83293e-05
960 9.85581e-05
965 0.000125424
970 0.000170296
975 0.000259472
980 0.00044144
985 0.000721046
990 0.00149878
995 0.00655393
1000 1.37461e+06
1005 1.56647e+06
1010 1.44808e+06
1015 1.44841e+06
1020 1.48105e+06
1025 1.53499e+06
1030 1.34594e+06
1035 1.55107e+06
1040 1.53965e+06
1045 1.57719e+06
1050 1.52706e+06
1055 1.49649e+06
1060 1.3343e+06
1065 1.62088e+06
1070 1.41989e+06
1075 1.66712e+06
1080 1.4571e+06
1085 1.53582e+06
