0.01 13025.1
0.02 14072.8
0.03 11182.6
0.04 10018.6
0.05 7798.25
0.06 5614.55
0.07 5969.44
0.08 4005.12
0.09 3898.09
0.1 3097.06
0.11 2680.91
0.12 2462.37
0.13 2156.78
0.14 1716.34
0.15 1878.64
0.16 1367.17
0.17 1520.33
0.18 1275.88
0.19 1296.82
0.2 1108.15
0.21 919.958
0.22 846.218
0.23 742.263
0.24 734.949
0.25 699.942
0.26 578.048
0.27 614.756
0.28 510.857
0.29 511.338
0.3 406.277
0.31 401.869
0.32 382.189
0.33 350.186
0.34 420.346
0.35 390.487
0.36 323.226
0.37 319.009
0.38 299.448
0.39 292.114
0.4 264.217
0.41 258.59
0.42 250.279
0.43 205.834
0.44 183.215
0.45 220.713
0.46 214.539
0.47 201.394
0.48 185.034
0.49 153.528
0.5 170.173
0.51 182.132
0.52 152.492
0.53 153.89
0.54 135.99
0.55 136.811
0.56 140.273
0.57 134.311
0.58 132.194
0.59 115.793
0.6 110.752
0.61 116.719
0.62 110.627
0.63 97.1628
0.64 107.662
0.65 100.607
0.66 107.537
0.67 87.276
0.68 101.086
0.69 84.7722
0.7 91.9234
0.71 84.8256
0.72 78.9706
0.73 75.5976
0.74 68.8972
0.75 78.142
0.76 83.3408
0.77 70.8669
0.78 72.2209
0.79 68.1196
0.8 70.4743
0.81 64.3066
0.82 65.3727
0.83 68.7117
0.84 64.8998
0.85 55.3983
0.86 48.8999
0.87 53.3791
0.88 55.3823
0.89 54.7417
0.9 50.3105
0.91 48.2522
0.92 46.8238
0.93 49.7094
0.94 52.0732
0.95 41.5812
0.96 46.336
0.97 43.4163
0.98 48.6897
0.99 45.1408
1 44.8296
1.01 39.0994
1.02 44.7846
1.03 34.2182
1.04 39.5789
1.05 35.86
1.06 35.8585
1.07 36.4154
1.08 33.9667
1.09 38.2359
1.1 37.5215
1.11 36.2709
1.12 29.1782
1.13 36.4932
1.14 31.5932
1.15 34.4714
1.16 27.3505
1.17 32.9989
1.18 28.282
1.19 29.5064
1.2 32.1399
1.21 32.2851
1.22 26.4198
1.23 27.2882
1.24 27.2263
1.25 27.9506
1.26 29.4978
1.27 26.448
1.28 26.7165
1.29 28.047
1.3 25.0402
1.31 23.2303
1.32 25.2087
1.33 27.0992
1.34 21.5483
1.35 24.6406
1.36 21.511
1.37 22.5376
1.38 22.9094
1.4 23.4027
1.42 22.2152
1.44 22.3625
1.46 16.8218
1.48 20.7548
1.5 19.3842
1.52 17.1857
1.54 18.4151
1.56 18.3653
1.58 16.419
1.6 17.0871
1.62 17.4346
1.64 15.4489
1.66 16.9993
1.68 13.8571
1.7 15.349
1.72 14.6829
1.74 13.9694
1.76 13.2729
1.78 11.738
1.8 11.728
1.82 14.2594
1.84 13.741
1.86 12.9806
1.88 10.6037
1.9 11.8456
1.92 10.6191
1.94 11.8532
1.96 12.4173
1.98 10.906
2 10.0876
2.02 11.2763
2.04 12.3523
2.06 9.90509
2.08 8.89252
2.1 9.17642
2.12 8.73736
2.14 10.1903
2.16 9.55103
2.18 10.0778
2.2 8.87094
2.22 8.69786
2.24 7.59613
2.26 8.35288
2.28 7.03743
2.3 8.03978
2.33 8.283
2.36 6.92653
2.39 8.72141
2.42 7.46437
2.45 7.55756
2.48 5.90294
2.51 6.78417
2.54 7.37051
2.57 6.43834
2.6 6.47968
2.63 6.18423
2.66 5.65312
2.69 5.77371
2.72 5.83216
2.75 5.94922
2.78 5.86128
2.81 5.74257
2.84 6.68482
2.87 4.88131
2.9 4.52705
2.93 4.24086
2.96 5.05363
2.99 4.55336
3.02 4.56567
3.05 5.06831
3.08 4.69165
3.11 4.34854
3.14 4.45556
3.17 4.23336
3.2 3.94384
3.23 4.02188
3.27 3.72265
3.31 3.93447
3.35 3.91356
3.39 3.71303
3.43 3.41876
3.47 3.28125
3.51 3.7856
3.55 3.42469
3.59 3.85032
3.63 3.40254
3.67 3.19293
3.71 3.40139
3.75 2.98446
3.79 2.92662
3.83 2.89861
3.87 2.59762
3.91 2.90529
3.95 2.59737
3.99 2.57535
4.03 2.42473
4.07 2.58039
4.11 2.35112
4.15 2.27132
4.2 2.30244
4.25 2.52295
4.3 2.09118
4.35 2.41359
4.4 2.13744
4.45 2.14602
4.5 2.23098
4.55 2.322
4.6 2.0112
4.65 1.83376
4.7 1.78807
4.75 1.84859
4.8 1.72214
4.85 2.0654
4.9 1.90046
4.95 1.79696
5 1.80949
5.05 1.74998
5.1 1.74251
5.16 1.44274
5.22 1.63551
5.28 1.46802
5.34 1.35185
5.4 1.49498
5.46 1.44515
5.52 1.4414
5.58 1.43534
5.64 1.23462
5.7 1.43926
5.76 1.19912
5.82 1.34527
5.88 1.17089
5.94 1.23531
6 1.07621
6.07 1.09488
6.14 1.1214
6.21 1.10641
6.28 1.01233
6.35 0.966718
6.42 0.929906
6.49 0.961917
6.56 0.983768
6.63 1.06341
6.7 1.03005
6.77 0.84683
6.84 0.814224
6.91 0.843924
6.99 0.918981
7.07 0.923729
7.15 0.78434
7.23 0.766298
7.31 0.856908
7.39 0.790137
7.47 0.701806
7.55 0.688987
7.63 0.73224
7.71 0.772543
7.79 0.714716
7.87 0.661807
7.96 0.688203
8.05 0.637484
8.14 0.682068
8.23 0.659884
8.32 0.605422
8.41 0.592429
8.5 0.596988
8.59 0.632779
8.68 0.519788
8.77 0.56446
8.87 0.51556
8.97 0.526183
9.07 0.490502
9.17 0.516678
9.27 0.580007
9.37 0.575056
9.47 0.503699
9.57 0.528773
9.67 0.399183
9.78 0.463255
9.89 0.441661
10 0.427571
10.11 0.479852
10.22 0.403264
10.33 0.451541
10.44 0.359615
10.55 0.381556
10.66 0.37861
10.78 0.354121
10.9 0.384217
11.02 0.392618
11.14 0.354516
11.26 0.328578
11.38 0.316611
11.5 0.338519
11.63 0.345368
11.76 0.33817
11.89 0.332762
12.02 0.292042
12.15 0.265238
12.28 0.242128
12.41 0.253367
12.55 0.249854
12.69 0.252539
12.83 0.283642
12.97 0.233409
13.11 0.257619
13.25 0.239005
13.39 0.251365
13.54 0.211985
13.69 0.226297
13.84 0.207879
13.99 0.23415
14.14 0.215856
14.29 0.20588
14.45 0.200956
14.61 0.201142
14.77 0.197767
14.93 0.173276
15.09 0.174236
15.25 0.175119
15.42 0.178472
15.59 0.181877
15.76 0.150102
15.93 0.178443
16.1 0.181604
16.28 0.15729
16.46 0.181982
16.64 0.158954
16.82 0.143473
17 0.140447
17.18 0.140433
17.37 0.135922
17.56 0.155263
17.75 0.123706
17.94 0.137921
18.14 0.125936
18.34 0.139368
18.54 0.137719
18.74 0.127552
18.94 0.121022
19.15 0.124276
19.36 0.114704
19.57 0.118985
19.78 0.107638
20 0.106203
20.22 0.0944491
20.44 0.0998278
20.66 0.0937383
20.88 0.100267
21.11 0.115636
21.34 0.0851084
21.57 0.0994369
21.8 0.0846799
22.04 0.0884437
22.28 0.0861789
22.52 0.081002
22.76 0.0845481
23.01 0.0746769
23.26 0.0786466
23.51 0.0873233
23.77 0.0726327
24.03 0.0683046
24.29 0.0777865
24.55 0.0803464
24.82 0.072963
25.09 0.0699366
25.36 0.0664372
25.64 0.0610899
25.92 0.076294
26.2 0.0683027
26.49 0.0652386
26.78 0.0563206
27.07 0.0536931
27.36 0.0532494
27.66 0.0603887
27.96 0.0477191
28.26 0.0537744
28.57 0.0421699
28.88 0.0513104
29.19 0.0464615
29.51 0.0508711
29.83 0.0429193
30.15 0.052304
30.48 0.0422429
30.81 0.044231
31.15 0.0416878
31.49 0.0427634
31.83 0.0424279
32.18 0.0401673
32.53 0.0411064
32.88 0.0384028
33.24 0.036138
33.6 0.0337033
33.97 0.0389519
34.34 0.0349715
34.71 0.0330964
35.09 0.0312728
35.47 0.0345513
35.86 0.0354485
36.25 0.0309018
36.64 0.0336468
37.04 0.0286578
37.44 0.032278
37.85 0.0288508
38.26 0.0292917
38.68 0.022634
39.1 0.0292559
39.53 0.0283402
39.96 0.0252579
40.39 0.0267772
40.83 0.0284858
41.27 0.0265819
41.72 0.0239755
42.17 0.0244258
42.63 0.0230109
43.09 0.023206
43.56 0.0217536
44.03 0.0203254
44.51 0.0201393
44.99 0.0217044
45.48 0.0217562
45.97 0.0211778
46.47 0.0189734
46.98 0.0202572
47.49 0.0174287
48.01 0.0198521
48.53 0.0174679
49.06 0.0179969
49.59 0.017496
50.13 0.0153967
50.68 0.017634
51.23 0.0166332
51.79 0.0167443
52.35 0.0140214
52.92 0.0146543
53.5 0.0118225
54.08 0.0150528
54.67 0.0129134
55.26 0.0146968
55.86 0.0122196
56.47 0.013512
57.08 0.0121029
57.7 0.013436
58.33 0.0134735
58.96 0.0109586
59.6 0.0112299
60.25 0.0120913
60.91 0.0128498
61.57 0.0122853
62.24 0.0104215
62.92 0.010692
63.6 0.0123264
64.29 0.0103258
64.99 0.0103533
65.7 0.0088254
66.41 0.0108087
67.13 0.00963365
67.86 0.0096732
68.6 0.00907554
69.35 0.00887361
70.1 0.0101233
70.86 0.0072355
71.63 0.0089807
72.41 0.00855772
73.2 0.00824722
74 0.00761883
74.81 0.00828969
75.62 0.00752552
76.44 0.00757493
77.27 0.00730937
78.11 0.00787535
78.96 0.00708643
79.82 0.00741674
80.69 0.00600421
81.57 0.00658819
82.46 0.00692922
83.36 0.00566842
84.27 0.00606602
85.19 0.00670239
86.12 0.00543231
87.06 0.00563076
88.01 0.00611837
88.97 0.00565228
89.94 0.00562968
90.92 0.00558742
91.91 0.00586503
92.91 0.00469944
93.92 0.00482352
94.94 0.00479394
95.97 0.00519999
97.01 0.00485938
98.07 0.00514763
99.14 0.00498541
100.22 0.004278
101.31 0.00449905
102.41 0.00388876
103.52 0.00406168
104.65 0.00389296
105.79 0.00392103
106.94 0.0036209
108.1 0.00394082
109.28 0.00402377
110.47 0.00377787
111.67 0.00368943
112.88 0.00366779
114.11 0.00345301
115.35 0.00315751
116.6 0.00345875
117.87 0.00315944
119.15 0.0030921
120.45 0.00330459
121.76 0.0028733
123.08 0.0026567
124.42 0.00276953
125.77 0.00291276
127.14 0.0027972
128.52 0.00276329
129.92 0.00268028
131.33 0.00269692
132.76 0.00263022
134.2 0.00264948
135.66 0.00213107
137.14 0.00240602
138.63 0.00264307
140.14 0.00248471
141.66 0.00223366
143.2 0.002287
144.76 0.00209233
146.33 0.00196449
147.92 0.0022211
149.53 0.00215693
151.16 0.00199917
152.8 0.00197708
154.46 0.00205343
156.14 0.00185737
157.84 0.00189579
159.56 0.00181769
161.3 0.00194713
163.05 0.00187459
164.82 0.00182557
166.61 0.00164816
168.42 0.00176167
170.25 0.00189964
172.1 0.00182458
173.97 0.0015426
175.86 0.0013904
177.77 0.00156328
179.7 0.00145064
181.65 0.00151902
183.63 0.00127332
185.63 0.00139007
187.65 0.00133565
189.69 0.00107774
191.75 0.00119165
193.84 0.00123206
195.95 0.00127592
198.08 0.00121695
200.23 0.00125839
202.41 0.00119892
204.61 0.00124622
206.84 0.00119502
209.09 0.00119099
211.36 0.0013021
213.66 0.00106167
215.98 0.0010414
218.33 0.000918485
220.71 0.000964415
223.11 0.00114463
225.54 0.00105678
227.99 0.00103653
230.47 0.000856469
232.98 0.000960639
235.51 0.000952728
238.07 0.000851497
240.66 0.0009388
243.28 0.000843948
245.93 0.000874162
248.61 0.000772845
251.31 0.000821954
254.04 0.00084366
256.8 0.00073901
259.59 0.000878185
262.41 0.00083586
265.26 0.000729192
268.15 0.000731006
271.07 0.000770923
274.02 0.000768327
277 0.000729692
280.01 0.000750869
283.06 0.000649075
286.14 0.000683001
289.25 0.000653869
292.4 0.000621749
295.58 0.000684246
298.8 0.000597898
302.05 0.000727251
305.34 0.000646367
308.66 0.000558935
312.02 0.000617898
315.41 0.000556881
318.84 0.00067719
322.31 0.0005886
325.82 0.000585639
329.36 0.000557707
332.94 0.000556869
336.56 0.000539044
340.22 0.000500395
343.92 0.000574141
347.66 0.000600172
351.44 0.000496401
355.26 0.000591025
359.12 0.000492403
363.03 0.000465659
366.98 0.00054364
370.97 0.000451108
375.01 0.000506388
379.09 0.000495077
383.21 0.000436832
387.38 0.000492594
391.59 0.000510042
395.85 0.00043118
400.16 0.000424906
404.51 0.000472278
408.91 0.0004664
413.36 0.000463282
417.86 0.000443748
422.41 0.000498079
427.01 0.000445665
431.66 0.000416901
436.36 0.000440192
441.11 0.00040167
445.91 0.000462803
450.76 0.000440911
455.66 0.000444752
460.62 0.000397477
465.63 0.0004548
470.7 0.000417384
475.82 0.00040295
481 0.000372462
486.23 0.000465602
491.52 0.000427884
496.87 0.000410105
