0.0001 1.49077e+06
0.0002 1.61105e+06
0.0003 1.34768e+06
0.0004 1.43747e+06
0.0005 1.49977e+06
0.0006 1.65717e+06
0.0007 1.6269e+06
0.0008 1.48262e+06
0.0009 1.28087e+06
0.001 1.6225e+06
0.0011 1.35602e+06
0.0012 1.38912e+06
0.0013 1.53838e+06
0.0014 1.29727e+06
0.0015 1.38365e+06
0.0016 1.50276e+06
0.0017 1.57481e+06
0.0018 1.37752e+06
0.0019 1.53557e+06
0.002 1.39192e+06
0.0021 1.50046e+06
0.0022 1.48687e+06
0.0023 1.44772e+06
0.0024 1.61776e+06
0.0025 1.55105e+06
0.0026 1.44484e+06
0.0027 1.55596e+06
0.0028 1.57613e+06
0.0029 1.38871e+06
0.003 1.58436e+06
0.0031 1.51112e+06
0.0032 1.51197e+06
0.0033 1.43474e+06
0.0034 1.47769e+06
0.0035 1.54153e+06
0.0036 1.30043e+06
0.0037 1.69533e+06
0.0038 1.37426e+06
0.0039 1.50134e+06
0.004 1.6358e+06
0.0041 1.3546e+06
0.0042 1.4175e+06
0.0043 1.43934e+06
0.0044 1.38171e+06
0.0045 1.5029e+06
0.0046 1.36427e+06
0.0047 1.49836e+06
0.0048 1.36046e+06
0.0049 1.30082e+06
0.005 1.48523e+06
0.0051 1.583e+06
0.0052 1.5308e+06
0.0053 1.58677e+06
0.0054 1.57933e+06
0.0055 1.48206e+06
0.0056 1.57797e+06
0.0057 1.66686e+06
0.0058 1.4438e+06
0.0059 1.54005e+06
0.006 1.49007e+06
0.0061 1.4593e+06
0.0062 1.45174e+06
0.0063 1.65451e+06
0.0064 1.45814e+06
0.0065 1.60879e+06
0.0066 1.63503e+06
0.0067 1.4133e+06
0.0068 1.34194e+06
0.0069 1.4598e+06
0.007 1.37179e+06
0.0071 1.35032e+06
0.0072 1.42486e+06
0.0073 1.481e+06
0.0074 1.3373e+06
0.0075 1.57127e+06
0.0076 1.34316e+06
0.0077 1.45216e+06
0.0078 1.53146e+06
0.0079 1.44763e+06
0.008 1.65366e+06
0.0081 1.51289e+06
0.0082 1.3513e+06
0.0083 1.53957e+06
0.0084 1.58183e+06
0.0085 1.47826e+06
0.0086 1.57208e+06
0.0087 1.33863e+06
0.0088 1.33602e+06
0.0089 1.50701e+06
0.009 1.58504e+06
0.0091 1.71283e+06
0.0092 1.53688e+06
0.0093 1.30321e+06
0.0094 1.57335e+06
0.0095 1.59097e+06
0.0096 1.53008e+06
0.0097 1.63086e+06
0.0098 1.29902e+06
0.0099 1.67829e+06
0.01 1.50648e+06
0.0101 1.478e+06
0.0102 1.43953e+06
0.0103 1.43289e+06
0.0104 1.53909e+06
0.0105 1.51813e+06
0.0106 1.42425e+06
0.0107 1.54288e+06
0.0108 1.44104e+06
0.0109 1.29033e+06
0.011 1.65126e+06
0.0111 1.466e+06
0.0112 1.40046e+06
0.0113 1.45151e+06
0.0114 1.5863e+06
0.0116 1.43368e+06
0.0118 1.36382e+06
0.012 1.47855e+06
0.0122 1.48876e+06
0.0124 1.59169e+06
0.0126 1.41104e+06
0.0128 1.42932e+06
0.013 1.64598e+06
0.0132 1.55996e+06
0.0134 1.42074e+06
0.0136 1.61128e+06
0.0138 1.46847e+06
0.014 1.4672e+06
0.0142 1.44512e+06
0.0144 1.45974e+06
0.0146 1.54791e+06
0.0148 1.63358e+06
0.015 1.46782e+06
0.0152 1.29233e+06
0.0154 1.40594e+06
0.0156 1.47306e+06
0.0158 1.21668e+06
0.016 1.35934e+06
0.0162 1.2258e+06
0.0164 1.33163e+06
0.0166 1.45362e+06
0.0168 1.59042e+06
0.017 1.36354e+06
0.0172 1.26358e+06
0.0174 1.45567e+06
0.0176 1.30779e+06
0.0178 1.29641e+06
0.018 1.18623e+06
0.0182 1.3268e+06
0.0184 1.4786e+06
0.0186 1.43919e+06
0.0188 1.34003e+06
0.019 1.3197e+06
0.0193 1.45855e+06
0.0196 1.39911e+06
0.0199 1.1808e+06
0.0202 1.23415e+06
0.0205 1.27421e+06
0.0208 1.21695e+06
0.0211 1.54312e+06
0.0214 1.314e+06
0.0217 1.31155e+06
0.022 1.05159e+06
0.0223 1.29848e+06
0.0226 1.32944e+06
0.0229 1.26253e+06
0.0232 1.40783e+06
0.0235 1.19433e+06
0.0238 1.27078e+06
0.0241 1.34588e+06
0.0244 1.24434e+06
0.0247 1.28125e+06
0.025 1.191e+06
0.0253 1.23671e+06
0.0256 1.20066e+06
0.0259 1.29241e+06
0.0262 1.21343e+06
0.0265 1.12657e+06
0.0269 1.16588e+06
0.0273 1.10376e+06
0.0277 1.09042e+06
0.0281 1.08367e+06
0.0285 1.12231e+06
0.0289 1.18131e+06
0.0293 1.14973e+06
0.0297 1.02834e+06
0.0301 1.15298e+06
0.0305 1.1289e+06
0.0309 1.15306e+06
0.0313 1.30629e+06
0.0317 1.19322e+06
0.0321 1.00552e+06
0.0325 1.07881e+06
0.0329 872168
0.0333 1.06198e+06
0.0337 1.05716e+06
0.0341 1.08611e+06
0.0346 1.05755e+06
0.0351 986173
0.0356 1.24896e+06
0.0361 996801
0.0366 1.08668e+06
0.0371 924213
0.0376 936347
0.0381 978997
0.0386 959013
0.0391 888581
0.0396 1.01794e+06
0.0401 1.02322e+06
0.0406 937458
0.0411 1.00132e+06
0.0416 869673
0.0421 923501
0.0427 1.00632e+06
0.0433 1.00163e+06
0.0439 943953
0.0445 759365
0.0451 840113
0.0457 838530
0.0463 971484
0.0469 733454
0.0475 1.01046e+06
0.0481 868058
0.0487 788575
0.0493 785138
0.05 828690
0.0507 829651
0.0514 776769
0.0521 713478
0.0528 798927
0.0535 683005
0.0542 747334
0.0549 798957
0.0556 736546
0.0563 779620
0.057 736156
0.0578 656729
0.0586 607074
0.0594 666993
0.0602 669864
0.061 722023
0.0618 633206
0.0626 626833
0.0634 691994
0.0642 575920
0.065 577807
0.0659 565305
0.0668 620799
0.0677 582443
0.0686 486298
0.0695 510598
0.0704 568271
0.0713 491175
0.0722 480148
0.0732 488439
0.0742 503216
0.0752 492376
0.0762 494524
0.0772 473249
0.0782 453796
0.0792 424886
0.0802 529311
0.0813 469342
0.0824 439164
0.0835 384673
0.0846 424413
0.0857 426873
0.0868 426054
0.0879 369680
0.0891 422261
0.0903 400632
0.0915 391877
0.0927 389682
0.0939 330597
0.0951 361805
0.0964 359630
0.0977 336998
0.099 329080
0.1003 335482
0.1016 346915
0.1029 312143
0.1043 321406
0.1057 301997
0.1071 310110
0.1085 287941
0.1099 265969
0.1114 308152
0.1129 244234
0.1144 267115
0.1159 246164
0.1174 250860
0.119 242166
0.1206 243526
0.1222 246860
0.1238 286506
0.1254 221782
0.1271 245958
0.1288 215666
0.1305 227105
0.1322 196527
0.1339 216307
0.1357 182628
0.1375 202221
0.1393 201168
0.1411 223230
0.143 177473
0.1449 155152
0.1468 178618
0.1487 153938
0.1507 170574
0.1527 150852
0.1547 158216
0.1567 156274
0.1588 140155
0.1609 141694
0.163 162268
0.1652 132862
0.1674 132159
0.1696 133732
0.1718 118780
0.1741 136464
0.1764 114620
0.1787 118498
0.1811 109432
0.1835 107467
0.1859 105027
0.1884 111607
0.1909 117852
0.1934 101326
0.196 105428
0.1986 105507
0.2012 110214
0.2039 92988.9
0.2066 84208.1
0.2093 85409.9
0.2121 85838
0.2149 86494.9
0.2177 80245.2
0.2206 83050.1
0.2235 88213
0.2265 75797.3
0.2295 79985.5
0.2325 66574.3
0.2356 75434.1
0.2387 71399
0.2419 69558.7
0.2451 64043.4
0.2483 68084.4
0.2516 62137.4
0.2549 55150.2
0.2583 63294.2
0.2617 53403.3
0.2652 61259.8
0.2687 62006.1
0.2722 57967.9
0.2758 58041.2
0.2794 47313.7
0.2831 54882.1
0.2868 52852.6
0.2906 45320.9
0.2944 49999.9
0.2983 45161.6
0.3022 43197.3
0.3062 44246.9
0.3102 39199
0.3143 41270.7
0.3185 34476
0.3227 42978.2
0.327 34789.7
0.3313 37359.2
0.3357 37709.6
0.3401 33236.7
0.3446 37489.3
0.3492 35041.5
0.3538 35864.8
0.3585 33680.4
0.3632 33914
0.368 32786.2
0.3729 33261.6
0.3778 24897.7
0.3828 27893.3
0.3879 28869.2
0.393 27039.5
0.3982 25592.2
0.4035 24653.2
0.4088 27423.1
0.4142 24696.5
0.4197 21427.5
0.4252 22186.4
0.4308 23409.1
0.4365 25321
0.4423 22717.7
0.4481 22883.1
0.454 18981
0.46 18607
0.4661 21005.6
0.4723 17094.7
0.4785 16275.3
0.4848 16976.9
0.4912 15511.3
0.4977 16527.1
0.5043 15440
0.511 15950.3
0.5177 16043.8
0.5245 16863.9
0.5314 14443.5
0.5384 14916.8
0.5455 13892.6
0.5527 13037.8
0.56 12551.8
0.5674 12848.7
0.5749 11950.2
0.5825 12027.8
0.5902 11475.6
0.598 10909.9
0.6059 14385.1
0.6139 12329
0.622 10180.2
0.6302 11210.6
0.6385 10836.8
0.6469 9778.27
0.6554 10670.5
0.6641 9268.38
0.6729 9722.26
0.6818 8664.16
0.6908 9387.99
0.6999 9192.35
0.7091 8696.13
0.7185 7852.71
0.728 7417.27
0.7376 7015.55
0.7473 7567
0.7572 6312.5
0.7672 6888.46
0.7773 6270.33
0.7876 6023.94
0.798 6928.42
0.8085 6493.16
0.8192 6856.38
0.83 6349
0.841 5582.52
0.8521 5676.34
0.8634 6462.87
0.8748 5479.7
0.8864 4822.45
0.8981 5906.12
0.91 5420.62
0.922 5454.93
0.9342 5261.28
0.9465 4917.5
0.959 4452.59
0.9717 4651.15
0.9845 4732.71
0.9975 4645.32
1.0107 4223.89
1.0241 3324.07
1.0376 3755.16
1.0513 3658.12
1.0652 3787.25
1.0793 3378.55
1.0936 3345.88
1.108 3805.52
1.1226 3284.17
1.1374 3478.54
1.1524 2941.64
1.1676 3098.62
1.183 3112.53
1.1986 2833.86
1.2144 3046.21
1.2304 3190.87
1.2467 2550.08
1.2632 2485.46
1.2799 2505.78
1.2968 2506.53
1.3139 2417.77
1.3313 2662.73
1.3489 2198.76
1.3667 2568.11
1.3848 2277.72
1.4031 1823.16
1.4216 2023.73
1.4404 1951.69
1.4594 2195.91
1.4787 1733.95
1.4982 1827.33
1.518 2040.31
1.5381 1719.69
1.5584 1974.89
1.579 1753.62
1.5999 1642.37
1.621 1740.69
1.6424 1688.01
1.6641 1446.51
1.6861 1491.17
1.7084 1530.29
1.731 1429.05
1.7539 1331.6
1.7771 1325.77
1.8006 1411.54
1.8244 1300.18
1.8485 1177.25
1.8729 1196.61
1.8976 1218.21
1.9227 1110.07
1.9481 1180.76
1.9738 1081.08
1.9999 1058.99
2.0263 1099.68
2.0531 1032.01
2.0802 1095.6
2.1077 943.023
2.1355 869.437
2.1637 964.429
2.1923 910.137
2.2213 831.829
2.2506 844.847
2.2803 831.26
2.3104 871.739
2.3409 694.53
2.3718 741.438
2.4031 749.786
2.4348 601.727
2.467 732.335
2.4996 706.613
2.5326 745.546
2.5661 618.886
2.6 620.367
2.6343 579.841
2.6691 540.941
2.7044 528.824
2.7401 618.01
2.7763 543.043
2.813 417.229
2.8502 494.468
2.8878 469.705
2.9259 500.989
2.9645 458.889
3.0037 471.986
3.0434 462.701
3.0836 435.563
3.1243 417.587
3.1656 455.58
3.2074 391.557
3.2498 338.006
3.2927 409.727
3.3362 368.425
3.3803 376.783
3.4249 386.055
3.4701 348.828
3.5159 305.861
3.5623 261.343
3.6094 307.127
3.6571 326.072
3.7054 330.215
3.7543 271.274
3.8039 279.678
3.8541 270.318
3.905 272.533
3.9566 269.465
4.0089 273.388
4.0619 217.029
4.1156 304.11
4.17 266.405
4.2251 255.045
4.2809 216.933
4.3374 192.712
4.3947 252.848
4.4527 203.368
4.5115 207.684
4.5711 200.994
4.6315 213.685
4.6927 177.664
4.7547 177.801
4.8175 163.908
4.8811 168.19
4.9456 169.882
5.0109 170.051
5.0771 169.94
5.1442 151.941
5.2121 156.946
5.2809 137.47
5.3507 151.34
5.4214 146.866
5.493 156.784
5.5656 131.342
5.6391 147.507
5.7136 150.106
5.7891 124.684
5.8656 117.619
5.9431 122.732
6.0216 114.455
6.1011 110.572
6.1817 97.657
6.2634 111.504
6.3461 103.229
6.4299 110.374
6.5148 102.016
6.6009 94.3616
6.6881 100.75
6.7764 96.1149
6.8659 90.7768
6.9566 87.4521
7.0485 94.9692
7.1416 85.9595
7.2359 81.2374
7.3315 76.3296
7.4283 80.2574
7.5264 77.0691
7.6258 72.8949
7.7265 82.7739
7.8286 81.2331
7.932 67.9596
8.0368 67.5434
8.143 71.6182
8.2506 64.737
8.3596 55.0174
8.47 63.8188
8.5819 72.5216
8.6953 59.1441
8.8102 59.1992
8.9266 51.5917
9.0445 54.4442
9.164 52.6774
9.285 49.4607
9.4076 50.2888
9.5319 50.3703
9.6578 45.061
9.7854 50.7725
9.9147 42.2371
10.0457 41.4619
10.1784 42.9112
10.3128 43.2909
10.449 39.7614
10.587 40.0846
10.7268 36.2609
10.8685 35.5788
11.0121 35.4612
11.1576 37.1876
11.305 34.4442
11.4543 30.9918
11.6056 36.8618
11.7589 33.7166
11.9142 35.3704
12.0716 30.6207
12.2311 30.7735
12.3927 27.8758
12.5564 28.7851
12.7223 30.892
12.8903 23.732
13.0606 25.8009
13.2331 26.3911
13.4079 24.3819
13.585 23.0162
13.7644 23.6796
13.9462 22.6822
14.1304 23.9608
14.317 23.0699
14.5061 23.6596
14.6977 19.2086
14.8918 24.4585
15.0885 18.5763
15.2878 19.7461
15.4897 18.3323
15.6943 21.1228
15.9016 19.5209
16.1116 18.265
16.3244 17.0438
16.54 16.2483
16.7585 16.4974
16.9799 18.2793
17.2042 16.6873
17.4314 14.9165
17.6616 15.6673
17.8949 14.3306
18.1313 15.7912
18.3708 14.4619
18.6135 12.9341
18.8594 12.3754
19.1085 13.2063
19.3609 12.0078
19.6166 13.2901
19.8757 11.8793
20.1382 10.5242
20.4042 10.8614
20.6737 13.2959
20.9468 11.3332
21.2235 11.5861
21.5038 11.3153
21.7878 10.5201
22.0756 10.2579
22.3672 9.71201
22.6626 9.50674
22.9619 9.43526
23.2652 8.9167
23.5725 8.62198
23.8839 8.2135
24.1994 8.57807
24.519 8.58366
24.8429 8.79643
25.171 7.77507
25.5035 7.6399
25.8404 7.56014
26.1817 7.46991
26.5275 7.52663
26.8779 8.0174
27.2329 7.85689
27.5926 6.9746
27.9571 6.91533
28.3264 7.23186
28.7006 5.97389
29.0797 6.73073
29.4638 6.90737
29.853 5.64311
30.2473 7.17116
30.6468 6.79212
31.0516 6.59478
31.4618 6.4715
31.8774 6.7612
32.2985 5.22834
32.7251 5.58225
33.1574 5.38945
33.5954 5.54828
34.0392 5.39855
34.4888 5.50424
34.9444 6.27633
35.406 5.18535
35.8737 5.0589
36.3475 4.90889
36.8276 5.14483
37.314 4.26346
37.8069 4.7269
38.3063 4.26827
38.8123 4.63442
39.325 4.92882
39.8444 4.90707
40.3707 4.61785
40.904 4.28466
41.4443 4.61527
41.9917 4.75888
42.5464 4.54545
43.1084 4.33949
43.6778 4.32881
44.2547 4.37772
44.8393 4.66694
45.4316 4.11677
46.0317 3.37734
46.6397 4.42355
47.2558 4.07028
47.88 4.04534
48.5124 3.65583
49.1532 3.70403
49.8025 4.36143
