0.01 12928
0.02 13507.3
0.03 12493.5
0.04 7883.3
0.05 7487.37
0.06 7024.79
0.07 5000.22
0.08 4391.51
0.09 3665.03
0.1 3411.45
0.11 2556.48
0.12 2680.44
0.13 2458.41
0.14 1879.37
0.15 1713.46
0.16 1559.39
0.17 1270.54
0.18 1264.33
0.19 1011.78
0.2 1023
0.21 841.848
0.22 916.455
0.23 777.639
0.24 739.162
0.25 640.647
0.26 659.318
0.27 540.159
0.28 511.778
0.29 475.965
0.3 501.779
0.31 433.262
0.32 404.274
0.33 422.063
0.34 347.847
0.35 346.07
0.36 353.788
0.37 319.122
0.38 280.467
0.39 303.869
0.4 303.769
0.41 266.011
0.42 242.705
0.43 219.23
0.44 245.793
0.45 197.724
0.46 203.053
0.47 178.288
0.48 174.142
0.49 183.769
0.5 162.672
0.51 162.154
0.52 147.144
0.53 148.892
0.54 162.743
0.55 141.119
0.56 140.197
0.57 127.261
0.58 127.185
0.59 115.133
0.6 120.792
0.61 132.796
0.62 110.599
0.63 97.707
0.64 99.9109
0.65 97.5194
0.66 101.031
0.67 84.7085
0.68 87.4352
0.69 91.7231
0.7 87.4251
0.71 77.3931
0.72 81.6196
0.73 80.0952
0.74 73.4136
0.75 70.4247
0.76 70.7379
0.77 69.7403
0.78 66.883
0.79 65.2884
0.8 64.006
0.81 59.946
0.82 64.6808
0.83 57.3088
0.84 71.4651
0.85 63.0034
0.86 59.2826
0.87 47.9215
0.88 55.8183
0.89 56.0437
0.9 50.7487
0.91 47.821
0.92 49.8595
0.93 50.8285
0.94 48.0794
0.95 48.2395
0.96 49.429
0.97 50.0303
0.98 43.7695
0.99 42.398
1 40.2866
1.01 40.5098
1.02 39.4492
1.03 39.2074
1.04 38.8882
1.05 36.3422
1.06 40.8472
1.07 38.8941
1.08 35.362
1.09 39.4423
1.1 31.8158
1.11 31.9161
1.12 31.0367
1.13 36.4386
1.14 35.9976
1.15 32.9805
1.16 27.7395
1.17 32.5336
1.18 27.3691
1.19 26.905
1.2 27.6054
1.21 30.014
1.22 24.6619
1.23 26.7283
1.24 28.7119
1.25 27.6098
1.26 28.3384
1.27 27.56
1.28 27.1069
1.29 25.5606
1.3 24.9381
1.31 23.7628
1.32 23.1457
1.33 22.6989
1.34 23.436
1.35 23.3095
1.36 24.2456
1.37 20.1025
1.38 21.5849
1.4 23.0949
1.42 21.952
1.44 22.6642
1.46 18.5116
1.48 20.8019
1.5 18.5866
1.52 20.3859
1.54 19.4927
1.56 18.9813
1.58 16.7015
1.6 18.1728
1.62 17.5533
1.64 15.474
1.66 15.325
1.68 15.2371
1.7 15.0473
1.72 12.303
1.74 14.3225
1.76 12.2165
1.78 14.476
1.8 14.6321
1.82 12.8472
1.84 13.5196
1.86 11.9454
1.88 12.2433
1.9 11.7946
1.92 11.4127
1.94 12.2926
1.96 10.8785
1.98 11.2912
2 10.8711
2.02 10.7792
2.04 10.4985
2.06 9.84932
2.08 9.51222
2.1 9.66381
2.12 9.42227
2.14 9.41213
2.16 9.81053
2.18 9.48498
2.2 9.55501
2.22 8.14253
2.24 7.48822
2.26 8.3903
2.28 8.82584
2.3 8.32208
2.33 8.27807
2.36 7.99933
2.39 7.60486
2.42 7.2655
2.45 7.11999
2.48 7.39547
2.51 5.97343
2.54 7.44096
2.57 6.64195
2.6 6.21528
2.63 6.18264
2.66 5.73697
2.69 5.50363
2.72 5.35963
2.75 4.71393
2.78 5.97333
2.81 5.6488
2.84 5.11307
2.87 4.90541
2.9 5.45312
2.93 5.26102
2.96 5.20416
2.99 4.26317
3.02 4.49322
3.05 4.64914
3.08 4.83271
3.11 4.17709
3.14 4.0404
3.17 5.08891
3.2 4.05155
3.23 3.93702
3.27 4.00017
3.31 4.05538
3.35 3.78853
3.39 3.9815
3.43 3.62822
3.47 3.41922
3.51 3.33524
3.55 3.21186
3.59 3.77436
3.63 3.42907
3.67 3.18358
3.71 3.31765
3.75 2.9569
3.79 3.27571
3.83 2.56077
3.87 2.86386
3.91 2.81567
3.95 2.53668
3.99 2.33154
4.03 2.46726
4.07 2.81359
4.11 2.53031
4.15 2.27843
4.2 2.65256
4.25 2.77629
4.3 2.29146
4.35 2.35448
4.4 2.05752
4.45 1.88466
4.5 2.42992
4.55 1.88949
4.6 1.92372
4.65 2.16278
4.7 1.88126
4.75 1.86013
4.8 1.85052
4.85 1.78441
4.9 1.83124
4.95 1.80961
5 1.76679
5.05 1.59711
5.1 1.60366
5.16 1.52506
5.22 1.62377
5.28 1.55425
5.34 1.51858
5.4 1.61223
5.46 1.381
5.52 1.48081
5.58 1.28579
5.64 1.38842
5.7 1.30205
5.76 1.28589
5.82 1.2391
5.88 1.17125
5.94 1.27957
6 1.14093
6.07 1.15102
6.14 1.14598
6.21 1.215
6.28 1.0845
6.35 1.09842
6.42 1.02839
6.49 1.13368
6.56 0.886204
6.63 0.977466
6.7 0.963405
6.77 1.06285
6.84 0.990902
6.91 0.889141
6.99 1.00528
7.07 0.829346
7.15 0.813089
7.23 0.801133
7.31 0.699984
7.39 0.71884
7.47 0.876508
7.55 0.659467
7.63 0.705026
7.71 0.72186
7.79 0.695667
7.87 0.724775
7.96 0.599054
8.05 0.636959
8.14 0.610142
8.23 0.63248
8.32 0.712108
8.41 0.594633
8.5 0.573207
8.59 0.578648
8.68 0.676316
8.77 0.591912
8.87 0.550572
8.97 0.574341
9.07 0.556843
9.17 0.554108
9.27 0.53288
9.37 0.473024
9.47 0.506161
9.57 0.476395
9.67 0.47688
9.78 0.492461
9.89 0.457375
10 0.466172
10.11 0.415597
10.22 0.42734
10.33 0.385213
10.44 0.380908
10.55 0.40877
10.66 0.394515
10.78 0.370161
10.9 0.417605
11.02 0.312419
11.14 0.333696
11.26 0.380925
11.38 0.346562
11.5 0.343957
11.63 0.3198
11.76 0.328276
11.89 0.292808
12.02 0.307415
12.15 0.291185
12.28 0.277295
12.41 0.248089
12.55 0.254588
12.69 0.267862
12.83 0.252858
12.97 0.265723
13.11 0.224937
13.25 0.242534
13.39 0.234733
13.54 0.241308
13.69 0.2027
13.84 0.216255
13.99 0.239138
14.14 0.216813
14.29 0.196206
14.45 0.200277
14.61 0.174917
14.77 0.20692
14.93 0.186692
15.09 0.216874
15.25 0.174968
15.42 0.193706
15.59 0.153519
15.76 0.169459
15.93 0.169637
16.1 0.17772
16.28 0.161555
16.46 0.165109
16.64 0.161844
16.82 0.151728
17 0.145437
17.18 0.153981
17.37 0.152125
17.56 0.12436
17.75 0.139936
17.94 0.141048
18.14 0.149209
18.34 0.121876
18.54 0.114317
18.74 0.115891
18.94 0.121366
19.15 0.1288
19.36 0.116087
19.57 0.104762
19.78 0.120868
20 0.113221
20.22 0.101349
20.44 0.10559
20.66 0.091125
20.88 0.101835
21.11 0.114096
21.34 0.092843
21.57 0.0931499
21.8 0.0838342
22.04 0.0854847
22.28 0.0841644
22.52 0.081433
22.76 0.0908863
23.01 0.0811269
23.26 0.0804729
23.51 0.0765698
23.77 0.0799488
24.03 0.0883403
24.29 0.0758146
24.55 0.066868
24.82 0.0744774
25.09 0.0641245
25.36 0.0621607
25.64 0.0620429
25.92 0.0551267
26.2 0.0646075
26.49 0.0542225
26.78 0.0550861
27.07 0.0610145
27.36 0.0490043
27.66 0.0560807
27.96 0.0541634
28.26 0.0597911
28.57 0.0527779
28.88 0.0468068
29.19 0.0517511
29.51 0.0514334
29.83 0.0472586
30.15 0.0465251
30.48 0.0513149
30.81 0.0443354
31.15 0.0461558
31.49 0.0461819
31.83 0.0386112
32.18 0.0390637
32.53 0.0414119
32.88 0.0362536
33.24 0.0410406
33.6 0.0449323
33.97 0.0416577
34.34 0.038492
34.71 0.0372456
35.09 0.0352388
35.47 0.0346664
35.86 0.0381374
36.25 0.0320079
36.64 0.0322479
37.04 0.0298827
37.44 0.030117
37.85 0.0313894
38.26 0.0260389
38.68 0.0302491
39.1 0.0264717
39.53 0.028637
39.96 0.0284793
40.39 0.0302577
40.83 0.0280938
41.27 0.0258974
41.72 0.0244286
42.17 0.0240645
42.63 0.0203421
43.09 0.0225433
43.56 0.0231946
44.03 0.0222024
44.51 0.0227928
44.99 0.0208354
45.48 0.0203019
45.97 0.018631
46.47 0.0189692
46.98 0.0198843
47.49 0.0188558
48.01 0.0196342
48.53 0.0178788
49.06 0.0188305
49.59 0.0148982
50.13 0.0156096
50.68 0.0172714
51.23 0.0186651
51.79 0.0140115
52.35 0.0178129
52.92 0.0155135
53.5 0.0156076
54.08 0.0150777
54.67 0.0135174
55.26 0.0144763
55.86 0.0150248
56.47 0.0144139
57.08 0.0123875
57.7 0.0124202
58.33 0.0125162
58.96 0.0115768
59.6 0.0109913
60.25 0.0132238
60.91 0.0130489
61.57 0.011048
62.24 0.0110436
62.92 0.0111255
63.6 0.011138
64.29 0.0113562
64.99 0.00950997
65.7 0.0102594
66.41 0.00963304
67.13 0.010912
67.86 0.0085763
68.6 0.00952295
69.35 0.00886131
70.1 0.00921741
70.86 0.00887804
71.63 0.00829777
72.41 0.00735727
73.2 0.007448
74 0.0076133
74.81 0.00724777
75.62 0.00705596
76.44 0.0076483
77.27 0.00731054
78.11 0.00704039
78.96 0.00790327
79.82 0.00642459
80.69 0.00641208
81.57 0.00634373
82.46 0.00708772
83.36 0.0069457
84.27 0.00589243
85.19 0.00575351
86.12 0.00611899
87.06 0.00487798
88.01 0.00627574
88.97 0.00490568
89.94 0.00605639
90.92 0.00580224
91.91 0.00530996
92.91 0.00482838
93.92 0.00574462
94.94 0.0045518
95.97 0.00524173
97.01 0.00493359
98.07 0.00454904
99.14 0.00426982
100.22 0.00428917
101.31 0.0044675
102.41 0.00378926
103.52 0.00478621
104.65 0.0040266
105.79 0.00396633
106.94 0.00395715
108.1 0.00386775
109.28 0.00308785
110.47 0.00429531
111.67 0.00374758
112.88 0.00352549
114.11 0.00339828
115.35 0.00319342
116.6 0.00355855
117.87 0.00327918
119.15 0.00330937
120.45 0.00321181
121.76 0.00324803
123.08 0.00291214
124.42 0.00314474
125.77 0.00303897
127.14 0.00276608
128.52 0.00267855
129.92 0.0026126
131.33 0.00272984
132.76 0.00274451
134.2 0.00297026
135.66 0.0022667
137.14 0.00231344
138.63 0.00223401
140.14 0.00248833
141.66 0.00230305
143.2 0.00199319
144.76 0.00235583
146.33 0.00224333
147.92 0.00199363
149.53 0.00204513
151.16 0.00211044
152.8 0.0020959
154.46 0.00189553
156.14 0.00202858
157.84 0.00189646
159.56 0.00202549
161.3 0.00197639
163.05 0.00168641
164.82 0.00164581
166.61 0.00152282
168.42 0.00177291
170.25 0.00152804
172.1 0.00176822
173.97 0.00167155
175.86 0.0015171
177.77 0.00141932
179.7 0.0015949
181.65 0.00153094
183.63 0.00157626
185.63 0.00145334
187.65 0.00132835
189.69 0.00128164
191.75 0.00125251
193.84 0.00132514
195.95 0.00113073
198.08 0.00120746
200.23 0.00113934
202.41 0.00119626
204.61 0.00123799
206.84 0.00125855
209.09 0.00106032
211.36 0.000992508
213.66 0.00104577
215.98 0.00105432
218.33 0.00110314
220.71 0.00099085
223.11 0.00111922
225.54 0.00111022
227.99 0.000980691
230.47 0.00106828
232.98 0.000910897
235.51 0.000882065
238.07 0.000848348
240.66 0.000861431
243.28 0.000915826
245.93 0.000838063
248.61 0.000810282
251.31 0.00103137
254.04 0.000745988
256.8 0.000825236
259.59 0.000753117
262.41 0.00082158
265.26 0.000818909
268.15 0.000717673
271.07 0.000759456
274.02 0.000734737
277 0.0006498
280.01 0.000706287
283.06 0.00075176
286.14 0.000668252
289.25 0.000720045
292.4 0.000644597
295.58 0.000593162
298.8 0.000666214
302.05 0.000669707
305.34 0.000594847
308.66 0.000617921
312.02 0.000590097
315.41 0.000713756
318.84 0.000624312
322.31 0.000506989
325.82 0.000560049
329.36 0.00060795
332.94 0.000550773
336.56 0.000584905
340.22 0.000538026
343.92 0.000475056
347.66 0.000533493
351.44 0.000550616
355.26 0.000480637
359.12 0.000512344
363.03 0.00057437
366.98 0.000545935
370.97 0.000493215
375.01 0.000537849
379.09 0.000486066
383.21 0.000500117
387.38 0.000478066
391.59 0.000479919
395.85 0.000439895
400.16 0.000492676
404.51 0.000448298
408.91 0.000474465
413.36 0.00048046
417.86 0.000411898
422.41 0.000399719
427.01 0.000448107
431.66 0.000434619
436.36 0.000447815
441.11 0.000507464
445.91 0.000413548
450.76 0.000462457
455.66 0.000405252
460.62 0.000412191
465.63 0.00042694
470.7 0.000443712
475.82 0.000429213
481 0.000420871
486.23 0.0004037
491.52 0.000442407
496.87 0.000408241
