0.0001 1.42064e+06
0.0002 1.66516e+06
0.0003 1.43977e+06
0.0004 1.63213e+06
0.0005 1.377e+06
0.0006 1.45689e+06
0.0007 1.50737e+06
0.0008 1.49378e+06
0.0009 1.53326e+06
0.001 1.50502e+06
0.0011 1.47755e+06
0.0012 1.60081e+06
0.0013 1.51937e+06
0.0014 1.51434e+06
0.0015 1.55021e+06
0.0016 1.60535e+06
0.0017 1.57575e+06
0.0018 1.59274e+06
0.0019 1.3401e+06
0.002 1.46713e+06
0.0021 1.46762e+06
0.0022 1.44668e+06
0.0023 1.46657e+06
0.0024 1.56692e+06
0.0025 1.63419e+06
0.0026 1.53803e+06
0.0027 1.50571e+06
0.0028 1.39122e+06
0.0029 1.47414e+06
0.003 1.53024e+06
0.0031 1.44119e+06
0.0032 1.55091e+06
0.0033 1.40157e+06
0.0034 1.35644e+06
0.0035 1.55806e+06
0.0036 1.49903e+06
0.0037 1.53759e+06
0.0038 1.53734e+06
0.0039 1.42212e+06
0.004 1.42637e+06
0.0041 1.33289e+06
0.0042 1.42315e+06
0.0043 1.39566e+06
0.0044 1.37887e+06
0.0045 1.46254e+06
0.0046 1.47221e+06
0.0047 1.44689e+06
0.0048 1.51348e+06
0.0049 1.36439e+06
0.005 1.49987e+06
0.0051 1.51665e+06
0.0052 1.40249e+06
0.0053 1.68046e+06
0.0054 1.60592e+06
0.0055 1.47221e+06
0.0056 1.55234e+06
0.0057 1.34885e+06
0.0058 1.52645e+06
0.0059 1.42062e+06
0.006 1.51605e+06
0.0061 1.57388e+06
0.0062 1.45845e+06
0.0063 1.56429e+06
0.0064 1.60911e+06
0.0065 1.30426e+06
0.0066 1.54361e+06
0.0067 1.20026e+06
0.0068 1.36849e+06
0.0069 1.35066e+06
0.007 1.48113e+06
0.0071 1.42956e+06
0.0072 1.45539e+06
0.0073 1.36229e+06
0.0074 1.46873e+06
0.0075 1.48711e+06
0.0076 1.61826e+06
0.0077 1.36189e+06
0.0078 1.36555e+06
0.0079 1.37282e+06
0.008 1.44666e+06
0.0081 1.37613e+06
0.0082 1.28835e+06
0.0083 1.38317e+06
0.0084 1.42519e+06
0.0085 1.4987e+06
0.0086 1.32613e+06
0.0087 1.45984e+06
0.0088 1.53931e+06
0.0089 1.53574e+06
0.009 1.51003e+06
0.0091 1.31927e+06
0.0092 1.46646e+06
0.0093 1.40554e+06
0.0094 1.55507e+06
0.0095 1.50637e+06
0.0096 1.35268e+06
0.0097 1.42731e+06
0.0098 1.5585e+06
0.0099 1.55302e+06
0.01 1.44843e+06
0.0101 1.51052e+06
0.0102 1.41688e+06
0.0103 1.40409e+06
0.0104 1.46324e+06
0.0105 1.32814e+06
0.0106 1.43945e+06
0.0107 1.40375e+06
0.0108 1.30576e+06
0.0109 1.56813e+06
0.011 1.44999e+06
0.0111 1.43175e+06
0.0112 1.42458e+06
0.0113 1.39815e+06
0.0114 1.27448e+06
0.0116 1.36588e+06
0.0118 1.29402e+06
0.012 1.35612e+06
0.0122 1.37146e+06
0.0124 1.38829e+06
0.0126 1.4997e+06
0.0128 1.35091e+06
0.013 1.367e+06
0.0132 1.30274e+06
0.0134 1.36094e+06
0.0136 1.53633e+06
0.0138 1.38234e+06
0.014 1.32167e+06
0.0142 1.4336e+06
0.0144 1.3491e+06
0.0146 1.27287e+06
0.0148 1.38474e+06
0.015 1.3128e+06
0.0152 1.5177e+06
0.0154 1.30131e+06
0.0156 1.34856e+06
0.0158 1.31988e+06
0.016 1.43883e+06
0.0162 1.24174e+06
0.0164 1.37933e+06
0.0166 1.39535e+06
0.0168 1.43148e+06
0.017 1.34667e+06
0.0172 1.27494e+06
0.0174 1.39941e+06
0.0176 1.33779e+06
0.0178 1.25294e+06
0.018 1.39053e+06
0.0182 1.41093e+06
0.0184 1.33743e+06
0.0186 1.37283e+06
0.0188 1.36145e+06
0.019 1.23055e+06
0.0193 1.32739e+06
0.0196 1.32328e+06
0.0199 1.2839e+06
0.0202 1.4046e+06
0.0205 1.28395e+06
0.0208 1.42316e+06
0.0211 1.34523e+06
0.0214 1.43173e+06
0.0217 1.2611e+06
0.022 1.43986e+06
0.0223 1.21051e+06
0.0226 1.34858e+06
0.0229 1.09596e+06
0.0232 1.3849e+06
0.0235 1.24567e+06
0.0238 1.16488e+06
0.0241 1.21404e+06
0.0244 1.24894e+06
0.0247 1.09395e+06
0.025 1.16399e+06
0.0253 1.14995e+06
0.0256 1.24986e+06
0.0259 1.2612e+06
0.0262 1.18316e+06
0.0265 1.26659e+06
0.0269 1.2223e+06
0.0273 1.21663e+06
0.0277 1.24073e+06
0.0281 1.12129e+06
0.0285 1.19929e+06
0.0289 1.19928e+06
0.0293 1.07341e+06
0.0297 1.09546e+06
0.0301 1.14914e+06
0.0305 1.13229e+06
0.0309 1.1069e+06
0.0313 1.11327e+06
0.0317 1.0186e+06
0.0321 1.06936e+06
0.0325 1.25478e+06
0.0329 1.02772e+06
0.0333 1.08045e+06
0.0337 1.0993e+06
0.0341 917482
0.0346 1.00457e+06
0.0351 1.04209e+06
0.0356 896717
0.0361 998139
0.0366 1.07301e+06
0.0371 1.00775e+06
0.0376 1.0181e+06
0.0381 1.03784e+06
0.0386 927769
0.0391 1.013e+06
0.0396 978081
0.0401 1.10371e+06
0.0406 987534
0.0411 891908
0.0416 812315
0.0421 969294
0.0427 950919
0.0433 968169
0.0439 875848
0.0445 862433
0.0451 898232
0.0457 886575
0.0463 810080
0.0469 837423
0.0475 803956
0.0481 823145
0.0487 752261
0.0493 768986
0.05 912283
0.0507 736162
0.0514 732569
0.0521 755897
0.0528 778713
0.0535 773012
0.0542 742416
0.0549 629995
0.0556 664502
0.0563 646923
0.057 664724
0.0578 748287
0.0586 702694
0.0594 714110
0.0602 730915
0.061 648351
0.0618 566666
0.0626 592518
0.0634 575782
0.0642 581624
0.065 623279
0.0659 528394
0.0668 610423
0.0677 584483
0.0686 512003
0.0695 543894
0.0704 575104
0.0713 517056
0.0722 524969
0.0732 528775
0.0742 504028
0.0752 518862
0.0762 526874
0.0772 474949
0.0782 486940
0.0792 441719
0.0802 452463
0.0813 438819
0.0824 413621
0.0835 415009
0.0846 447818
0.0857 424972
0.0868 422328
0.0879 372228
0.0891 429472
0.0903 457108
0.0915 374252
0.0927 362812
0.0939 320939
0.0951 363929
0.0964 357513
0.0977 321108
0.099 322209
0.1003 337594
0.1016 340963
0.1029 347274
0.1043 300382
0.1057 344269
0.1071 309441
0.1085 276373
0.1099 295881
0.1114 285702
0.1129 272672
0.1144 268913
0.1159 237302
0.1174 288296
0.119 247184
0.1206 243190
0.1222 249010
0.1238 240989
0.1254 220113
0.1271 210195
0.1288 223457
0.1305 237638
0.1322 253984
0.1339 186821
0.1357 201099
0.1375 172664
0.1393 213186
0.1411 180048
0.143 174830
0.1449 175581
0.1468 184492
0.1487 162064
0.1507 173381
0.1527 155327
0.1547 165818
0.1567 165835
0.1588 161913
0.1609 159370
0.163 129505
0.1652 152111
0.1674 141485
0.1696 144119
0.1718 132534
0.1741 113677
0.1764 118701
0.1787 117874
0.1811 117063
0.1835 124550
0.1859 105074
0.1884 120859
0.1909 102256
0.1934 108411
0.196 107450
0.1986 103744
0.2012 94117.1
0.2039 100726
0.2066 86941.6
0.2093 89926.3
0.2121 92656.8
0.2149 85460.2
0.2177 89230.3
0.2206 80002.5
0.2235 81049.4
0.2265 74955.2
0.2295 79796.4
0.2325 72276.1
0.2356 67594.7
0.2387 76572
0.2419 68449.1
0.2451 68511.4
0.2483 61882.9
0.2516 66192.2
0.2549 59506.8
0.2583 57342.6
0.2617 60443.6
0.2652 59536.2
0.2687 55175.4
0.2722 52703.9
0.2758 50778.8
0.2794 52094.4
0.2831 51713.6
0.2868 48543.5
0.2906 54898.4
0.2944 49679.5
0.2983 45981.7
0.3022 47815
0.3062 42635.3
0.3102 41154.9
0.3143 44985.5
0.3185 43009.3
0.3227 39770.6
0.327 43244.3
0.3313 34938.9
0.3357 34470.8
0.3401 30866.5
0.3446 36178.4
0.3492 30842.4
0.3538 30844.6
0.3585 32913.4
0.3632 32784.2
0.368 35223.1
0.3729 28960.8
0.3778 28981.2
0.3828 27368.7
0.3879 26158.8
0.393 27973.1
0.3982 24022.3
0.4035 24594.3
0.4088 26054.3
0.4142 23315.9
0.4197 21143.7
0.4252 25151.9
0.4308 23137.8
0.4365 21514.6
0.4423 21851.4
0.4481 19780.4
0.454 18837.9
0.46 19824.9
0.4661 18538.1
0.4723 16775.2
0.4785 17205.4
0.4848 18366.3
0.4912 16014.9
0.4977 18088.6
0.5043 17447.5
0.511 16145
0.5177 16014.7
0.5245 15238.2
0.5314 16188.8
0.5384 13700.1
0.5455 13796.8
0.5527 13313
0.56 13581.2
0.5674 11695.1
0.5749 13482.5
0.5825 12177.3
0.5902 11907
0.598 11608.6
0.6059 10960.2
0.6139 10772.7
0.622 9948.85
0.6302 13431.5
0.6385 10116.9
0.6469 8986.19
0.6554 10166.2
0.6641 9443.68
0.6729 8898.09
0.6818 9367.41
0.6908 8668.96
0.6999 9255.93
0.7091 8067.09
0.7185 8401.63
0.728 8159.71
0.7376 8156.94
0.7473 7945.62
0.7572 8289.31
0.7672 7795.53
0.7773 7211.34
0.7876 7730.73
0.798 6490.51
0.8085 6059.24
0.8192 5756.13
0.83 6753.31
0.841 5726.1
0.8521 6308
0.8634 6059.73
0.8748 5021.81
0.8864 5782.44
0.8981 5838.54
0.91 4988.51
0.922 4520.36
0.9342 5109.21
0.9465 4816.1
0.959 4345.77
0.9717 4083.62
0.9845 4517.54
0.9975 4532.15
1.0107 3647.43
1.0241 3663.84
1.0376 4367.71
1.0513 3370.09
1.0652 3855.41
1.0793 3510.89
1.0936 3628.47
1.108 3402.77
1.1226 3729.32
1.1374 3622.2
1.1524 3690.44
1.1676 3056.3
1.183 3035.24
1.1986 2648.61
1.2144 2684.06
1.2304 2851.38
1.2467 2572.14
1.2632 2530.85
1.2799 2370.31
1.2968 2357.02
1.3139 2642.27
1.3313 2320.58
1.3489 2277.37
1.3667 2184.27
1.3848 2050.45
1.4031 2020.17
1.4216 1761.73
1.4404 1974.6
1.4594 2017.35
1.4787 1670.12
1.4982 2170.21
1.518 1880.37
1.5381 2163.76
1.5584 1670.46
1.579 1846.84
1.5999 1486.11
1.621 1561.57
1.6424 1569.63
1.6641 1533.49
1.6861 1472.49
1.7084 1594.8
1.731 1303.4
1.7539 1375.41
1.7771 1319.38
1.8006 1437.84
1.8244 1131.7
1.8485 1332.65
1.8729 1311.22
1.8976 1096.3
1.9227 1176.95
1.9481 999.67
1.9738 984.505
1.9999 1022.91
2.0263 913.871
2.0531 956.485
2.0802 971.566
2.1077 1009.13
2.1355 962.96
2.1637 825.718
2.1923 887.661
2.2213 889.165
2.2506 779.904
2.2803 811.05
2.3104 821.599
2.3409 804.466
2.3718 713.812
2.4031 675.726
2.4348 738.787
2.467 671.337
2.4996 623.957
2.5326 598.648
2.5661 656.148
2.6 684.488
2.6343 672.479
2.6691 550.365
2.7044 531.361
2.7401 544.853
2.7763 566.71
2.813 532.893
2.8502 478.147
2.8878 534.364
2.9259 485.17
2.9645 481.301
3.0037 439.833
3.0434 455.161
3.0836 418.723
3.1243 421.237
3.1656 393.936
3.2074 422.773
3.2498 421.75
3.2927 372.674
3.3362 380.299
3.3803 360.007
3.4249 364.644
3.4701 344.7
3.5159 347.889
3.5623 316.188
3.6094 326.892
3.6571 333.933
3.7054 283.085
3.7543 309.312
3.8039 299.038
3.8541 288.828
3.905 271.912
3.9566 280.583
4.0089 274.387
4.0619 269.68
4.1156 231.186
4.17 232.823
4.2251 210.641
4.2809 202.65
4.3374 228.865
4.3947 232.299
4.4527 224.809
4.5115 210.438
4.5711 225.367
4.6315 201.443
4.6927 208.944
4.7547 196.303
4.8175 182.822
4.8811 173.162
4.9456 180.064
5.0109 163.483
5.0771 167.808
5.1442 159.978
5.2121 140.946
5.2809 161.646
5.3507 150.965
5.4214 146.137
5.493 115.962
5.5656 135.575
5.6391 134.646
5.7136 137.811
5.7891 133.625
5.8656 118.428
5.9431 117.064
6.0216 119.584
6.1011 125.621
6.1817 104.17
6.2634 119.737
6.3461 94.7371
6.4299 90.8675
6.5148 110.958
6.6009 102.98
6.6881 90.8051
6.7764 101.595
6.8659 94.7279
6.9566 81.8854
7.0485 87.3142
7.1416 82.3204
7.2359 93.514
7.3315 80.5615
7.4283 77.659
7.5264 67.6265
7.6258 70.825
7.7265 71.6209
7.8286 77.5325
7.932 63.8304
8.0368 62.7951
8.143 63.156
8.2506 71.9722
8.3596 60.0559
8.47 62.1601
8.5819 62.1068
8.6953 61.5467
8.8102 54.4611
8.9266 49.9899
9.0445 55.7945
9.164 46.1995
9.285 56.8793
9.4076 46.4986
9.5319 45.3689
9.6578 46.5361
9.7854 46.0818
9.9147 48.8333
10.0457 42.248
10.1784 46.1953
10.3128 46.9761
10.449 42.4132
10.587 38.7861
10.7268 34.4159
10.8685 37.5932
11.0121 34.4369
11.1576 40.0676
11.305 34.1684
11.4543 30.1899
11.6056 34.9519
11.7589 33.508
11.9142 27.5114
12.0716 24.2588
12.2311 31.4681
12.3927 27.9539
12.5564 26.7319
12.7223 30.6357
12.8903 24.7251
13.0606 27.0455
13.2331 25.4947
13.4079 24.3967
13.585 22.9309
13.7644 22.8977
13.9462 23.8817
14.1304 22.747
14.317 21.4255
14.5061 23.4426
14.6977 20.0754
14.8918 21.3441
15.0885 22.4767
15.2878 18.6021
15.4897 19.1709
15.6943 22.9734
15.9016 16.8926
16.1116 19.4914
16.3244 18.4675
16.54 18.5671
16.7585 15.0506
16.9799 17.8199
17.2042 15.5033
17.4314 16.264
17.6616 14.3121
17.8949 15.9722
18.1313 14.9875
18.3708 13.8485
18.6135 15.3557
18.8594 11.9226
19.1085 14.0957
19.3609 14.0312
19.6166 12.9066
19.8757 11.3302
20.1382 13.0283
20.4042 11.2778
20.6737 12.1175
20.9468 9.97494
21.2235 11.5038
21.5038 11.4943
21.7878 10.2132
22.0756 10.1372
22.3672 9.64199
22.6626 8.91212
22.9619 9.04563
23.2652 9.37852
23.5725 9.65418
23.8839 8.73282
24.1994 9.03906
24.519 8.22448
24.8429 8.84535
25.171 7.97914
25.5035 7.32743
25.8404 7.02769
26.1817 8.43419
26.5275 7.55544
26.8779 6.89005
27.2329 8.07467
27.5926 7.88719
27.9571 6.75867
28.3264 7.04611
28.7006 6.17643
29.0797 6.57031
29.4638 6.37553
29.853 6.31433
30.2473 6.73755
30.6468 5.34612
31.0516 5.9113
31.4618 6.15868
31.8774 5.46332
32.2985 5.38797
32.7251 5.87483
33.1574 5.58616
33.5954 5.64242
34.0392 5.43277
34.4888 5.42221
34.9444 5.43026
35.406 4.87439
35.8737 4.90552
36.3475 5.07253
36.8276 4.61079
37.314 4.12341
37.8069 4.95388
38.3063 4.64297
38.8123 4.07311
39.325 4.74884
39.8444 4.7543
40.3707 4.28962
40.904 4.98695
41.4443 4.48227
41.9917 4.55786
42.5464 4.61457
43.1084 4.20034
43.6778 4.85683
44.2547 4.22226
44.8393 4.29964
45.4316 4.25544
46.0317 4.15598
46.6397 4.5268
47.2558 4.28791
47.88 4.48431
48.5124 4.23435
49.1532 3.97578
49.8025 3.91583
