0.0001 1.56647e+06
0.0002 1.44808e+06
0.0003 1.44841e+06
0.0004 1.48105e+06
0.0005 1.53499e+06
0.0006 1.34594e+06
0.0007 1.55107e+06
0.0008 1.53965e+06
0.0009 1.57719e+06
0.001 1.52706e+06
0.0011 1.49649e+06
0.0012 1.3343e+06
0.0013 1.62088e+06
0.0014 1.41989e+06
0.0015 1.66712e+06
0.0016 1.4571e+06
0.0017 1.53582e+06
0.0018 1.75506e+06
0.0019 1.5086e+06
0.002 1.63196e+06
0.0021 1.4331e+06
0.0022 1.41862e+06
0.0023 1.52423e+06
0.0024 1.6276e+06
0.0025 1.33716e+06
0.0026 1.54236e+06
0.0027 1.37257e+06
0.0028 1.34278e+06
0.0029 1.58971e+06
0.003 1.58316e+06
0.0031 1.47073e+06
0.0032 1.57485e+06
0.0033 1.59646e+06
0.0034 1.69021e+06
0.0035 1.39128e+06
0.0036 1.40018e+06
0.0037 1.50146e+06
0.0038 1.48188e+06
0.0039 1.39945e+06
0.004 1.44745e+06
0.0041 1.32599e+06
0.0042 1.24774e+06
0.0043 1.52269e+06
0.0044 1.4396e+06
0.0045 1.42143e+06
0.0046 1.58727e+06
0.0047 1.50767e+06
0.0048 1.52113e+06
0.0049 1.54465e+06
0.005 1.76705e+06
0.0051 1.56569e+06
0.0052 1.5256e+06
0.0053 1.37551e+06
0.0054 1.43896e+06
0.0055 1.44682e+06
0.0056 1.66115e+06
0.0057 1.47696e+06
0.0058 1.52226e+06
0.0059 1.52788e+06
0.006 1.68763e+06
0.0061 1.55286e+06
0.0062 1.3593e+06
0.0063 1.59405e+06
0.0064 1.54251e+06
0.0065 1.38573e+06
0.0066 1.57521e+06
0.0067 1.41562e+06
0.0068 1.46118e+06
0.0069 1.36009e+06
0.007 1.40699e+06
0.0071 1.45271e+06
0.0072 1.37966e+06
0.0073 1.60947e+06
0.0074 1.39524e+06
0.0075 1.42469e+06
0.0076 1.30891e+06
0.0077 1.45087e+06
0.0078 1.59745e+06
0.0079 1.40852e+06
0.008 1.47777e+06
0.0081 1.48962e+06
0.0082 1.40891e+06
0.0083 1.40445e+06
0.0084 1.32366e+06
0.0085 1.60163e+06
0.0086 1.50156e+06
0.0087 1.38906e+06
0.0088 1.69571e+06
0.0089 1.48625e+06
0.009 1.45589e+06
0.0091 1.36839e+06
0.0092 1.39466e+06
0.0093 1.50834e+06
0.0094 1.47751e+06
0.0095 1.36204e+06
0.0096 1.4904e+06
0.0097 1.55561e+06
0.0098 1.39339e+06
0.0099 1.44985e+06
0.01 1.59792e+06
0.0101 1.52655e+06
0.0102 1.43784e+06
0.0103 1.29847e+06
0.0104 1.3811e+06
0.0105 1.47649e+06
0.0106 1.452e+06
0.0107 1.64279e+06
0.0108 1.32945e+06
0.0109 1.38357e+06
0.011 1.47752e+06
0.0111 1.52895e+06
0.0112 1.49584e+06
0.0113 1.39636e+06
0.0114 1.23512e+06
0.0116 1.58495e+06
0.0118 1.38946e+06
0.012 1.30421e+06
0.0122 1.52295e+06
0.0124 1.37864e+06
0.0126 1.54412e+06
0.0128 1.39878e+06
0.013 1.58799e+06
0.0132 1.57642e+06
0.0134 1.39317e+06
0.0136 1.33963e+06
0.0138 1.37139e+06
0.014 1.49421e+06
0.0142 1.429e+06
0.0144 1.44391e+06
0.0146 1.43528e+06
0.0148 1.32179e+06
0.015 1.27669e+06
0.0152 1.41615e+06
0.0154 1.62285e+06
0.0156 1.21819e+06
0.0158 1.25456e+06
0.016 1.23205e+06
0.0162 1.18068e+06
0.0164 1.37189e+06
0.0166 1.33687e+06
0.0168 1.49439e+06
0.017 1.46364e+06
0.0172 1.30505e+06
0.0174 1.15678e+06
0.0176 1.47059e+06
0.0178 1.25595e+06
0.018 1.29261e+06
0.0182 1.33735e+06
0.0184 1.18629e+06
0.0186 1.48041e+06
0.0188 1.3464e+06
0.019 1.3309e+06
0.0193 1.43186e+06
0.0196 1.25233e+06
0.0199 1.52767e+06
0.0202 1.19941e+06
0.0205 1.21196e+06
0.0208 1.3184e+06
0.0211 1.27301e+06
0.0214 1.48097e+06
0.0217 1.22043e+06
0.022 1.14827e+06
0.0223 1.42015e+06
0.0226 1.22053e+06
0.0229 1.32943e+06
0.0232 1.24694e+06
0.0235 1.30125e+06
0.0238 1.15501e+06
0.0241 1.28531e+06
0.0244 1.2064e+06
0.0247 1.29453e+06
0.025 1.15328e+06
0.0253 1.0844e+06
0.0256 1.23824e+06
0.0259 1.21473e+06
0.0262 1.24215e+06
0.0265 1.13433e+06
0.0269 1.30542e+06
0.0273 1.12052e+06
0.0277 1.08087e+06
0.0281 1.13264e+06
0.0285 1.18107e+06
0.0289 1.12402e+06
0.0293 1.24126e+06
0.0297 1.14345e+06
0.0301 1.13174e+06
0.0305 910767
0.0309 1.13096e+06
0.0313 1.19566e+06
0.0317 1.07033e+06
0.0321 1.19408e+06
0.0325 1.1659e+06
0.0329 1.14257e+06
0.0333 1.05129e+06
0.0337 999471
0.0341 1.0613e+06
0.0346 1.10176e+06
0.0351 1.01996e+06
0.0356 909273
0.0361 1.03956e+06
0.0366 986975
0.0371 1.0361e+06
0.0376 1.01085e+06
0.0381 1.09643e+06
0.0386 903651
0.0391 990705
0.0396 852672
0.0401 940238
0.0406 892309
0.0411 844072
0.0416 932425
0.0421 893603
0.0427 898569
0.0433 988523
0.0439 898310
0.0445 851100
0.0451 920832
0.0457 923966
0.0463 676841
0.0469 881893
0.0475 905373
0.0481 775318
0.0487 839999
0.0493 819884
0.05 769287
0.0507 817809
0.0514 833527
0.0521 767028
0.0528 784192
0.0535 649604
0.0542 749748
0.0549 686163
0.0556 731527
0.0563 710704
0.057 633487
0.0578 718279
0.0586 691412
0.0594 677907
0.0602 690532
0.061 722305
0.0618 531218
0.0626 640571
0.0634 578636
0.0642 568305
0.065 636962
0.0659 553743
0.0668 560674
0.0677 625274
0.0686 591245
0.0695 541802
0.0704 514833
0.0713 602949
0.0722 506322
0.0732 506693
0.0742 591932
0.0752 512834
0.0762 437229
0.0772 472571
0.0782 556298
0.0792 453831
0.0802 480023
0.0813 426964
0.0824 509513
0.0835 426781
0.0846 444228
0.0857 479141
0.0868 425858
0.0879 357280
0.0891 373662
0.0903 373042
0.0915 372109
0.0927 379050
0.0939 411529
0.0951 381167
0.0964 398287
0.0977 351271
0.099 332558
0.1003 332681
0.1016 314432
0.1029 282928
0.1043 305225
0.1057 307714
0.1071 306097
0.1085 302042
0.1099 268722
0.1114 254309
0.1129 278230
0.1144 269731
0.1159 290050
0.1174 252854
0.119 240135
0.1206 211684
0.1222 233905
0.1238 228125
0.1254 243305
0.1271 212385
0.1288 215229
0.1305 200760
0.1322 185734
0.1339 201886
0.1357 212911
0.1375 195886
0.1393 183933
0.1411 195631
0.143 163331
0.1449 170044
0.1468 174796
0.1487 152712
0.1507 175986
0.1527 173965
0.1547 150832
0.1567 163389
0.1588 139284
0.1609 155240
0.163 156851
0.1652 122437
0.1674 143679
0.1696 136556
0.1718 132867
0.1741 113503
0.1764 119056
0.1787 107362
0.1811 123693
0.1835 122107
0.1859 111145
0.1884 117324
0.1909 122173
0.1934 89671.4
0.196 106059
0.1986 94842.5
0.2012 92934.3
0.2039 101567
0.2066 95022.8
0.2093 79650
0.2121 85519.2
0.2149 92094.2
0.2177 96819.5
0.2206 77096.6
0.2235 81099.2
0.2265 76643.6
0.2295 76847.9
0.2325 76745.7
0.2356 72166.9
0.2387 71707.5
0.2419 66270.4
0.2451 66703.3
0.2483 63872.8
0.2516 63602.3
0.2549 62415.7
0.2583 66752.1
0.2617 55430.4
0.2652 62025
0.2687 63504.1
0.2722 54083.7
0.2758 54777.5
0.2794 50584.5
0.2831 53621.5
0.2868 52814.4
0.2906 44622.8
0.2944 50059.2
0.2983 47816.9
0.3022 47165.3
0.3062 44406.1
0.3102 42801.3
0.3143 35606.9
0.3185 38466.2
0.3227 37053
0.327 40586.6
0.3313 35489.4
0.3357 31439
0.3401 37525.6
0.3446 31253.5
0.3492 38216.7
0.3538 29869.8
0.3585 38939.4
0.3632 34660.2
0.368 30068.2
0.3729 30959.4
0.3778 28408.5
0.3828 31261.7
0.3879 29775.2
0.393 27138.9
0.3982 26649.5
0.4035 24531
0.4088 24951.1
0.4142 27089.5
0.4197 20442.5
0.4252 22256.7
0.4308 25079.1
0.4365 20376.1
0.4423 19992.5
0.4481 17786
0.454 19717.7
0.46 18709.3
0.4661 19710.6
0.4723 18880.4
0.4785 19234.3
0.4848 18102.4
0.4912 16564.3
0.4977 16202.3
0.5043 16607
0.511 18392
0.5177 17431.9
0.5245 15494.2
0.5314 14499.1
0.5384 14845
0.5455 13278.7
0.5527 14379.6
0.56 11997.2
0.5674 12913.8
0.5749 11369.7
0.5825 13549.7
0.5902 11314.3
0.598 10133
0.6059 12024.8
0.6139 10133.8
0.622 9579.68
0.6302 10419.1
0.6385 10508.5
0.6469 9654.96
0.6554 10408
0.6641 8773.71
0.6729 10031.9
0.6818 9059.15
0.6908 8902.26
0.6999 9451.7
0.7091 7844.86
0.7185 9022.09
0.728 9350.91
0.7376 8023.99
0.7473 6303.52
0.7572 7220.88
0.7672 6944.83
0.7773 6929.56
0.7876 6746.18
0.798 6578.13
0.8085 6680.22
0.8192 6711.66
0.83 6441.09
0.841 6369.03
0.8521 5750.98
0.8634 5412.68
0.8748 5729.13
0.8864 5952.53
0.8981 5165.29
0.91 5181.24
0.922 4476.8
0.9342 4878.64
0.9465 4759.8
0.959 4860.43
0.9717 4718.42
0.9845 4036.86
0.9975 4306.48
1.0107 3921.1
1.0241 3911.85
1.0376 3795.23
1.0513 4276.11
1.0652 3827.41
1.0793 3573.29
1.0936 3368.82
1.108 3028.53
1.1226 3238.77
1.1374 3007.03
1.1524 3259.17
1.1676 3231.25
1.183 3132.07
1.1986 3134.33
1.2144 2970.31
1.2304 2897.79
1.2467 2819.44
1.2632 2482.18
1.2799 2678.27
1.2968 2538.93
1.3139 2374.15
1.3313 2028.12
1.3489 2063.97
1.3667 2528.3
1.3848 2116.69
1.4031 2350.02
1.4216 2058
1.4404 1736.49
1.4594 1958.99
1.4787 2114.9
1.4982 2005.32
1.518 1775.43
1.5381 1640.86
1.5584 1748.84
1.579 1930.45
1.5999 1583.1
1.621 1561.29
1.6424 1702.19
1.6641 1745.73
1.6861 1714.55
1.7084 1400.46
1.731 1383.48
1.7539 1297.01
1.7771 1408.79
1.8006 1359.16
1.8244 1160.36
1.8485 1277.13
1.8729 1192.76
1.8976 1194.67
1.9227 1169.85
1.9481 1066.75
1.9738 1056.91
1.9999 1077.7
2.0263 1029.89
2.0531 1101.07
2.0802 983.637
2.1077 986.325
2.1355 898.874
2.1637 871.908
2.1923 765.74
2.2213 981.935
2.2506 957.078
2.2803 937.898
2.3104 864.201
2.3409 832.276
2.3718 775.227
2.4031 679.452
2.4348 763.86
2.467 666.745
2.4996 650.19
2.5326 669.616
2.5661 588.928
2.6 652.41
2.6343 642.681
2.6691 631.841
2.7044 540.788
2.7401 555.031
2.7763 557.623
2.813 603.823
2.8502 513.107
2.8878 548.282
2.9259 448.964
2.9645 460.429
3.0037 485.787
3.0434 459.538
3.0836 459.521
3.1243 485.452
3.1656 417.002
3.2074 397.764
3.2498 401.008
3.2927 421.954
3.3362 357.685
3.3803 409.983
3.4249 332.423
3.4701 372.805
3.5159 365.774
3.5623 353.062
3.6094 300.909
3.6571 332.978
3.7054 315.782
3.7543 288.523
3.8039 312.779
3.8541 280.619
3.905 319.663
3.9566 267.513
4.0089 282.377
4.0619 265.42
4.1156 233.712
4.17 241.454
4.2251 270.751
4.2809 229.784
4.3374 200.623
4.3947 256.876
4.4527 197.42
4.5115 197.922
4.5711 193.12
4.6315 182.772
4.6927 192.927
4.7547 180.776
4.8175 194.75
4.8811 197.372
4.9456 212.379
5.0109 150.475
5.0771 141.586
5.1442 140.393
5.2121 165.505
5.2809 162.039
5.3507 140.615
5.4214 141.866
5.493 116.442
5.5656 133.536
5.6391 124.404
5.7136 128.717
5.7891 119.76
5.8656 129.82
5.9431 119.336
6.0216 117.555
6.1011 124.994
6.1817 106.43
6.2634 108.022
6.3461 86.699
6.4299 104.309
6.5148 92.4294
6.6009 100.396
6.6881 105.133
6.7764 86.0912
6.8659 85.0944
6.9566 88.6322
7.0485 91.1134
7.1416 90.6659
7.2359 81.0804
7.3315 73.1673
7.4283 77.8046
7.5264 72.58
7.6258 71.1752
7.7265 64.7409
7.8286 68.2791
7.932 70.9526
8.0368 73.9734
8.143 66.0734
8.2506 59.2464
8.3596 63.2324
8.47 58.3235
8.5819 59.3619
8.6953 57.6633
8.8102 55.5866
8.9266 56.5497
9.0445 50.6234
9.164 59.9456
9.285 52.3264
9.4076 54.3426
9.5319 55.114
9.6578 45.2882
9.7854 47.6326
9.9147 48.5203
10.0457 46.4563
10.1784 41.395
10.3128 42.2686
10.449 40.3012
10.587 39.7859
10.7268 40.5325
10.8685 38.6704
11.0121 40.8956
11.1576 36.1134
11.305 32.5872
11.4543 31.9651
11.6056 29.9688
11.7589 28.7153
11.9142 31.9137
12.0716 32.0514
12.2311 31.1348
12.3927 27.2251
12.5564 28.3886
12.7223 27.6484
12.8903 28.0397
13.0606 25.0484
13.2331 22.8292
13.4079 26.0353
13.585 22.1537
13.7644 24.275
13.9462 22.7995
14.1304 21.2328
14.317 21.2114
14.5061 19.1402
14.6977 18.9126
14.8918 17.5518
15.0885 20.0547
15.2878 17.9582
15.4897 18.4323
15.6943 18.6999
15.9016 17.6245
16.1116 18.1878
16.3244 17.4716
16.54 15.7738
16.7585 16.0151
16.9799 15.175
17.2042 15.065
17.4314 15.724
17.6616 15.8639
17.8949 15.5196
18.1313 14.1774
18.3708 13.4616
18.6135 11.5936
18.8594 12.4207
19.1085 11.5675
19.3609 10.5386
19.6166 12.3877
19.8757 11.7024
20.1382 11.2465
20.4042 12.8576
20.6737 11.2055
20.9468 11.154
21.2235 11.5322
21.5038 11.7202
21.7878 11.4772
22.0756 11.0581
22.3672 10.381
22.6626 9.01924
22.9619 9.54435
23.2652 9.47822
23.5725 8.59563
23.8839 8.93433
24.1994 8.41617
24.519 7.59075
24.8429 10.0211
25.171 8.64275
25.5035 7.57844
25.8404 9.33143
26.1817 7.85463
26.5275 6.81257
26.8779 7.70357
27.2329 7.36129
27.5926 7.89537
27.9571 6.84056
28.3264 7.61523
28.7006 6.15251
29.0797 6.50129
29.4638 7.46501
29.853 5.91199
30.2473 6.95095
30.6468 6.55218
31.0516 6.51037
31.4618 6.53932
31.8774 5.14766
32.2985 6.25365
32.7251 5.66194
33.1574 5.329
33.5954 5.82063
34.0392 5.96929
34.4888 4.86441
34.9444 5.6378
35.406 4.67584
35.8737 5.10237
36.3475 5.13107
36.8276 4.93394
37.314 4.90797
37.8069 4.63824
38.3063 4.68617
38.8123 4.76832
39.325 5.13531
39.8444 4.23055
40.3707 4.46473
40.904 4.72473
41.4443 4.15044
41.9917 4.19434
42.5464 4.64511
43.1084 4.17828
43.6778 4.42075
44.2547 3.89132
44.8393 3.95489
45.4316 4.76126
46.0317 4.82547
46.6397 3.57878
47.2558 4.15337
47.88 4.68061
48.5124 3.65198
49.1532 3.87143
49.8025 4.66987
