0.0001 1.39518e+06
0.0002 1.31757e+06
0.0003 1.45495e+06
0.0004 1.58128e+06
0.0005 1.50753e+06
0.0006 1.4854e+06
0.0007 1.33137e+06
0.0008 1.48837e+06
0.0009 1.5756e+06
0.001 1.50761e+06
0.0011 1.6576e+06
0.0012 1.33027e+06
0.0013 1.47884e+06
0.0014 1.42695e+06
0.0015 1.47275e+06
0.0016 1.3434e+06
0.0017 1.46349e+06
0.0018 1.45688e+06
0.0019 1.52211e+06
0.002 1.49481e+06
0.0021 1.61397e+06
0.0022 1.45816e+06
0.0023 1.54643e+06
0.0024 1.3419e+06
0.0025 1.46328e+06
0.0026 1.74232e+06
0.0027 1.39818e+06
0.0028 1.53456e+06
0.0029 1.55151e+06
0.003 1.3762e+06
0.0031 1.6316e+06
0.0032 1.39952e+06
0.0033 1.5169e+06
0.0034 1.66713e+06
0.0035 1.57621e+06
0.0036 1.47448e+06
0.0037 1.53878e+06
0.0038 1.36907e+06
0.0039 1.54284e+06
0.004 1.66784e+06
0.0041 1.54809e+06
0.0042 1.46365e+06
0.0043 1.48289e+06
0.0044 1.54378e+06
0.0045 1.56156e+06
0.0046 1.62241e+06
0.0047 1.52537e+06
0.0048 1.50998e+06
0.0049 1.38353e+06
0.005 1.52731e+06
0.0051 1.46843e+06
0.0052 1.68057e+06
0.0053 1.53501e+06
0.0054 1.4386e+06
0.0055 1.47318e+06
0.0056 1.58359e+06
0.0057 1.66016e+06
0.0058 1.40377e+06
0.0059 1.52991e+06
0.006 1.71613e+06
0.0061 1.38746e+06
0.0062 1.38798e+06
0.0063 1.51657e+06
0.0064 1.37846e+06
0.0065 1.51402e+06
0.0066 1.37973e+06
0.0067 1.37461e+06
0.0068 1.47119e+06
0.0069 1.36364e+06
0.007 1.46347e+06
0.0071 1.30518e+06
0.0072 1.54262e+06
0.0073 1.37574e+06
0.0074 1.52556e+06
0.0075 1.47849e+06
0.0076 1.57507e+06
0.0077 1.40456e+06
0.0078 1.40942e+06
0.0079 1.61677e+06
0.008 1.4235e+06
0.0081 1.31743e+06
0.0082 1.43008e+06
0.0083 1.52592e+06
0.0084 1.60569e+06
0.0085 1.41738e+06
0.0086 1.35328e+06
0.0087 1.42344e+06
0.0088 1.61794e+06
0.0089 1.52093e+06
0.009 1.39638e+06
0.0091 1.48049e+06
0.0092 1.54983e+06
0.0093 1.50735e+06
0.0094 1.38043e+06
0.0095 1.47367e+06
0.0096 1.28769e+06
0.0097 1.36172e+06
0.0098 1.47239e+06
0.0099 1.46557e+06
0.01 1.41339e+06
0.0101 1.56667e+06
0.0102 1.53913e+06
0.0103 1.56809e+06
0.0104 1.4812e+06
0.0105 1.44813e+06
0.0106 1.46911e+06
0.0107 1.31118e+06
0.0108 1.40557e+06
0.0109 1.4501e+06
0.011 1.42483e+06
0.0111 1.52274e+06
0.0112 1.33708e+06
0.0113 1.45452e+06
0.0114 1.50084e+06
0.0115 1.6637e+06
0.0116 1.5663e+06
0.0117 1.37263e+06
0.0118 1.44459e+06
0.0119 1.42607e+06
0.012 1.558e+06
0.0121 1.2403e+06
0.0122 1.33872e+06
0.0123 1.38704e+06
0.0124 1.39794e+06
0.0125 1.54004e+06
0.0126 1.22478e+06
0.0127 1.49863e+06
0.0128 1.48985e+06
0.0129 1.4694e+06
0.013 1.53135e+06
0.0131 1.32688e+06
0.0132 1.38544e+06
0.0133 1.37117e+06
0.0134 1.15441e+06
0.0135 1.37993e+06
0.0136 1.25876e+06
0.0137 1.42762e+06
0.0138 1.40356e+06
0.014 1.40802e+06
0.0142 1.39683e+06
0.0144 1.4198e+06
0.0146 1.32409e+06
0.0148 1.31214e+06
0.015 1.37063e+06
0.0152 1.38263e+06
0.0154 1.33842e+06
0.0156 1.39571e+06
0.0158 1.3616e+06
0.016 1.33056e+06
0.0162 1.32549e+06
0.0164 1.45463e+06
0.0166 1.21959e+06
0.0168 1.42928e+06
0.017 1.29222e+06
0.0172 1.32684e+06
0.0174 1.37544e+06
0.0176 1.42557e+06
0.0178 1.55135e+06
0.018 1.29967e+06
0.0182 1.28995e+06
0.0184 1.16801e+06
0.0186 1.36583e+06
0.0188 1.329e+06
0.019 1.44155e+06
0.0192 1.30185e+06
0.0194 1.4313e+06
0.0196 1.33172e+06
0.0198 1.28511e+06
0.02 1.11162e+06
0.0202 1.36996e+06
0.0204 1.19907e+06
0.0206 1.44344e+06
0.0208 1.34746e+06
0.021 1.4023e+06
0.0212 1.21954e+06
0.0214 1.29624e+06
0.0216 1.35674e+06
0.0218 1.34375e+06
0.022 1.31964e+06
0.0222 1.24582e+06
0.0224 1.11117e+06
0.0226 1.25894e+06
0.0228 1.29816e+06
0.023 1.17245e+06
0.0233 1.10149e+06
0.0236 1.08812e+06
0.0239 1.17139e+06
0.0242 1.24299e+06
0.0245 1.24893e+06
0.0248 1.10016e+06
0.0251 1.15067e+06
0.0254 1.25261e+06
0.0257 1.34445e+06
0.026 1.28755e+06
0.0263 1.3311e+06
0.0266 1.1162e+06
0.0269 1.29536e+06
0.0272 1.26503e+06
0.0275 1.10127e+06
0.0278 1.24669e+06
0.0281 1.13403e+06
0.0284 1.34813e+06
0.0287 1.11639e+06
0.029 1.17808e+06
0.0293 1.21459e+06
0.0296 1.05394e+06
0.0299 1.16348e+06
0.0302 1.05516e+06
0.0305 1.10345e+06
0.0308 1.20218e+06
0.0311 1.12082e+06
0.0314 1.16852e+06
0.0317 1.07614e+06
0.032 1.16414e+06
0.0323 1.0412e+06
0.0327 1.1813e+06
0.0331 1.18662e+06
0.0335 912294
0.0339 1.05495e+06
0.0343 940278
0.0347 1.05156e+06
0.0351 997854
0.0355 1.079e+06
0.0359 1.13052e+06
0.0363 898262
0.0367 921612
0.0371 942139
0.0375 1.09519e+06
0.0379 1.01577e+06
0.0383 881736
0.0387 900482
0.0391 1.01635e+06
0.0395 988632
0.0399 847661
0.0403 1.01852e+06
0.0407 1.00512e+06
0.0411 926996
0.0415 1.02584e+06
0.042 921662
0.0425 893611
0.043 894250
0.0435 908174
0.044 815433
0.0445 789372
0.045 866036
0.0455 797361
0.046 897516
0.0465 885700
0.047 782633
0.0475 733004
0.048 829133
0.0485 905044
0.049 678317
0.0495 758231
0.05 901790
0.0505 674950
0.051 847901
0.0516 847428
0.0522 707124
0.0528 768490
0.0534 686722
0.054 773447
0.0546 669550
0.0552 729311
0.0558 683492
0.0564 607164
0.057 680478
0.0576 645350
0.0582 710814
0.0588 701972
0.0594 677638
0.06 637790
0.0607 688742
0.0614 578101
0.0621 687893
0.0628 563320
0.0635 604907
0.0642 593763
0.0649 573975
0.0656 649976
0.0663 477602
0.067 540754
0.0677 628225
0.0684 604924
0.0691 541003
0.0699 524811
0.0707 574626
0.0715 550111
0.0723 532966
0.0731 526248
0.0739 460297
0.0747 550795
0.0755 483580
0.0763 484974
0.0771 501157
0.0779 464394
0.0787 448457
0.0796 454806
0.0805 475876
0.0814 496840
0.0823 447399
0.0832 489094
0.0841 395646
0.085 443108
0.0859 429191
0.0868 410116
0.0877 425071
0.0887 429568
0.0897 401681
0.0907 351228
0.0917 405481
0.0927 382638
0.0937 376116
0.0947 358458
0.0957 325510
0.0967 360250
0.0978 375378
0.0989 354313
0.1 334710
0.1011 325358
0.1022 335764
0.1033 312248
0.1044 306395
0.1055 333663
0.1066 305630
0.1078 286600
0.109 265053
0.1102 269827
0.1114 293765
0.1126 286926
0.1138 263321
0.115 234074
0.1163 254063
0.1176 299438
0.1189 244731
0.1202 233267
0.1215 236196
0.1228 234315
0.1241 249240
0.1255 210106
0.1269 212696
0.1283 209778
0.1297 198442
0.1311 211511
0.1325 211605
0.1339 205140
0.1354 206113
0.1369 188728
0.1384 199995
0.1399 198726
0.1414 168860
0.1429 201668
0.1445 198118
0.1461 192330
0.1477 175015
0.1493 169346
0.1509 165676
0.1525 162611
0.1542 151850
0.1559 159217
0.1576 155593
0.1593 159746
0.161 152961
0.1628 134621
0.1646 147963
0.1664 142816
0.1682 140441
0.17 128818
0.1718 127163
0.1737 132374
0.1756 136232
0.1775 105474
0.1794 113582
0.1814 117261
0.1834 115794
0.1854 116673
0.1874 118658
0.1894 108362
0.1915 109144
0.1936 105776
0.1957 100716
0.1978 103237
0.2 96554.2
0.2022 88760.8
0.2044 96766.4
0.2066 89517.7
0.2088 86738.2
0.2111 85735.5
0.2134 86052.7
0.2157 89301.4
0.218 86851.3
0.2204 81619.8
0.2228 79031.4
0.2252 77976.3
0.2276 82234.9
0.2301 69208.1
0.2326 85566.4
0.2351 82751.1
0.2377 70665.1
0.2403 74976.4
0.2429 72136.8
0.2455 68207.1
0.2482 67314.4
0.2509 59027.5
0.2536 62020.5
0.2564 64709.8
0.2592 58538.5
0.262 59790.5
0.2649 57514.7
0.2678 57519.8
0.2707 53979.8
0.2736 57051.1
0.2766 57976.1
0.2796 54610.5
0.2826 53727.8
0.2857 49781.3
0.2888 51398.3
0.2919 42535.6
0.2951 51306.7
0.2983 48070
0.3015 47670.3
0.3048 43697.4
0.3081 45834.7
0.3115 40025.7
0.3149 42502.1
0.3183 42093.7
0.3218 40563.7
0.3253 41004
0.3288 41972.7
0.3324 40483.3
0.336 38087.2
0.3397 39758.7
0.3434 36531.1
0.3471 32441.9
0.3509 34004.7
0.3547 36436.2
0.3586 32620
0.3625 31615.9
0.3664 27830.9
0.3704 28556.6
0.3744 29120.9
0.3785 30188.1
0.3826 29311
0.3868 28337.1
0.391 26476
0.3953 24852.5
0.3996 24385
0.4039 26085.9
0.4083 24161.9
0.4127 25452.4
0.4172 22190.8
0.4217 23757.7
0.4263 26376.5
0.4309 22387.8
0.4356 21758.2
0.4403 21093.8
0.4451 21044.5
0.4499 21868.8
0.4548 20684.3
0.4597 21521.9
0.4647 19558.5
0.4698 20216.5
0.4749 18908.3
0.4801 17829.2
0.4853 17388.6
0.4906 16367.5
0.4959 16962
0.5013 14579.8
0.5068 15755.3
0.5123 16510.5
0.5179 13895.5
0.5235 16796.9
0.5292 14798.4
0.535 13952.8
0.5408 14843.1
0.5467 13852.8
0.5526 14356.3
0.5586 14355.1
0.5647 12889.3
0.5708 13913.2
0.577 10621.7
0.5833 11131
0.5896 12412.8
0.596 12248.9
0.6025 11272.6
0.6091 11795.3
0.6157 10049.9
0.6224 10035.6
0.6292 11449.8
0.636 10579.5
0.6429 8998.39
0.6499 9768.77
0.657 9566.75
0.6641 9752.67
0.6713 10208.8
0.6786 9247.85
0.686 9113.88
0.6935 9563.22
0.701 8143.59
0.7086 7228.29
0.7163 8066.98
0.7241 8354.71
0.732 7542.18
0.74 7875.48
0.7481 8913.78
0.7562 7612.82
0.7644 7606.33
0.7727 8579.78
0.7811 6105.53
0.7896 6664.51
0.7982 6558.61
0.8069 6738.94
0.8157 6321.09
0.8246 7373.25
0.8336 6260.12
0.8427 5998.82
0.8519 6030.1
0.8612 6792.67
0.8706 5626.39
0.8801 5352.79
0.8897 5751.89
0.8994 5234.36
0.9092 5257.65
0.9191 4767.23
0.9291 5127.67
0.9392 5162.49
0.9494 4528.78
0.9597 4570.74
0.9701 4390.33
0.9807 4351.32
0.9914 4200.22
1.0022 4430.91
1.0131 4225.31
1.0241 4188.92
1.0352 3985.67
1.0465 3884
1.0579 3999.36
1.0694 3945.71
1.081 3463.32
1.0928 3480.21
1.1047 3739.57
1.1167 3367.95
1.1288 3182.45
1.1411 3616.34
1.1535 3306.4
1.166 3570.5
1.1787 3204.33
1.1915 3357.04
1.2045 3073.31
1.2176 2954.09
1.2308 2790.96
1.2442 2676.8
1.2577 2484.47
1.2714 2448.42
1.2852 2672.97
1.2992 3061.83
1.3133 2593.6
1.3276 2432.83
1.342 2617.14
1.3566 2510.23
1.3714 2801.09
1.3863 2041.14
1.4014 2428.94
1.4166 2147.02
1.432 1981.54
1.4476 2195.69
1.4633 1994.27
1.4792 1891.33
1.4953 2018.85
1.5116 1889.48
1.528 2092.22
1.5446 1977.53
1.5614 2031.13
1.5784 1723.95
1.5956 1772.55
1.613 1819.3
1.6305 1556.66
1.6482 1585.62
1.6661 2062.57
1.6842 1552.09
1.7025 1527.89
1.721 1638.95
1.7397 1611.81
1.7586 1544.71
1.7777 1309.66
1.797 1782.97
1.8165 1376.39
1.8363 1307.64
1.8563 1440.15
1.8765 1332.8
1.8969 1362.72
1.9175 1126.09
1.9384 1303.45
1.9595 1280.12
1.9808 1283.37
2.0023 1423.38
2.0241 1159.05
2.0461 1163.47
2.0684 1309.04
2.0909 1066.62
2.1136 1220.1
2.1366 1056.22
2.1598 1034.35
2.1833 1144.02
2.2071 1117.9
2.2311 963.378
2.2554 994.277
2.2799 952.576
2.3047 1007.73
2.3298 912.517
2.3551 1060.99
2.3807 776.433
2.4066 857.508
2.4328 842.897
2.4593 892.051
2.4861 789.351
2.5131 811.018
2.5404 884.064
2.568 857.419
2.5959 823.912
2.6241 676
2.6526 743.415
2.6815 756.279
2.7107 724.527
2.7402 649.311
2.77 660.293
2.8001 680.511
2.8306 722.996
2.8614 754.357
2.8925 651.131
2.924 663.302
2.9558 677.974
2.988 680.861
3.0205 623.442
3.0534 631.884
3.0866 594.678
3.1202 541.916
3.1541 587.809
3.1884 615.185
3.2231 666.153
3.2582 558.406
3.2936 604.381
3.3294 570.755
3.3656 552.454
3.4022 572.532
3.4392 554.369
3.4766 568.213
3.5144 607.87
3.5526 557.283
3.5912 552.011
3.6303 497.179
3.6698 564.004
3.7097 466.437
3.7501 444.473
3.7909 552.716
3.8321 523.099
3.8738 458.393
3.9159 478.901
3.9585 452.219
4.0016 477.186
4.0451 427.056
4.0891 443.028
4.1336 471.097
4.1786 497.848
4.2241 405.62
4.2701 466.446
4.3166 475.03
4.3636 451.062
4.4111 416.491
4.4591 407.491
4.5076 454.477
4.5566 444.945
4.6062 446.93
4.6563 400.617
4.707 416.55
4.7582 444.598
4.81 419.25
4.8623 435.106
4.9152 433.018
4.9687 423.449
