0 7708
5e-05 7707
0.0001 7708
0.00015 7707
0.0002 7708
0.00025 7707
0.0003 7707
0.00035 7707
0.0004 7707
0.00045 7707
0.0005 7707
0.00055 7707
0.0006 7707
0.00065 7706
0.0007 7707
0.00075 7707
0.0008 7706
0.00085 7707
0.0009 7706
0.00095 7707
0.001 7706
0.00105 7706
0.0011 7706
0.00115 7707
0.0012 7706
0.00125 7706
0.0013 7706
0.00135 7706
0.0014 7705
0.00145 7706
0.0015 7706
0.00155 7706
0.0016 7705
0.00165 7706
0.0017 7705
0.00175 7706
0.0018 7705
0.00185 7705
0.0019 7706
0.00195 7705
0.002 7705
0.00205 7705
0.0021 7705
0.00215 7705
0.0022 7705
0.00225 7705
0.0023 7704
0.00235 7705
0.0024 7705
0.00245 7705
