0 4125
5e-05 4125
0.0001 4125
0.00015 4126
0.0002 4125
0.00025 4126
0.0003 4125
0.00035 4126
0.0004 4126
0.00045 4126
0.0005 4126
0.00055 4126
0.0006 4127
0.00065 4126
0.0007 4127
0.00075 4126
0.0008 4127
0.00085 4127
0.0009 4127
0.00095 4127
0.001 4128
0.00105 4127
0.0011 4127
0.00115 4128
0.0012 4128
0.00125 4127
0.0013 4128
0.00135 4128
0.0014 4129
0.00145 4128
0.0015 4128
0.00155 4129
0.0016 4128
0.00165 4129
0.0017 4129
0.00175 4129
0.0018 4129
0.00185 4129
0.0019 4129
0.00195 4129
0.002 4130
0.00205 4129
0.0021 4130
0.00215 4130
0.0022 4130
0.00225 4130
0.0023 4130
0.00235 4130
0.0024 4130
0.00245 4131
