0 321
1e-05 320
2e-05 320
3e-05 320
4e-05 320
5e-05 320
6e-05 320
7e-05 320
8e-05 320
9e-05 320
0.0001 320
0.00011 320
0.00012 320
0.00013 320
0.00014 320
0.00015 320
0.00016 320
0.00017 320
0.00018 320
0.00019 320
0.0002 320
0.00021 321
0.00022 320
0.00023 320
0.00024 320
0.00025 320
0.00026 320
0.00027 320
0.00028 320
0.00029 320
0.0003 320
0.00031 320
0.00032 320
0.00033 320
0.00034 320
0.00035 320
0.00036 320
0.00037 320
0.00038 320
0.00039 320
0.0004 320
0.00041 320
0.00042 320
0.00043 320
0.00044 320
0.00045 320
0.00046 320
0.00047 320
0.00048 320
0.00049 320
