0 1600
0.0005 1600
0.001 1599
0.0015 1599
0.002 1598
0.0025 1598
0.003 1598
0.0035 1597
0.004 1597
0.0045 1597
0.005 1596
0.0055 1596
0.006 1595
0.0065 1595
0.007 1595
0.0075 1594
0.008 1594
0.0085 1594
0.009 1593
0.0095 1593
0.01 1592
0.0105 1592
0.011 1592
0.0115 1591
0.012 1591
0.0125 1590
0.013 1591
0.0135 1589
0.014 1590
0.0145 1589
0.015 1588
0.0155 1589
0.016 1587
0.0165 1588
0.017 1587
0.0175 1587
0.018 1586
0.0185 1586
0.019 1586
0.0195 1585
0.02 1585
0.0205 1585
0.021 1584
0.0215 1583
0.022 1584
0.0225 1583
0.023 1582
0.0235 1583
0.024 1581
0.0245 1582
