0 77070
0.0005 77064
0.001 77058
0.0015 77052
0.002 77046
0.0025 77041
0.003 77035
0.0035 77029
0.004 77024
0.0045 77019
0.005 77014
0.0055 77009
0.006 77003
0.0065 76999
0.007 76994
0.0075 76989
0.008 76984
0.0085 76980
0.009 76975
0.0095 76971
0.01 76966
0.0105 76963
0.011 76958
0.0115 76953
0.012 76950
0.0125 76946
0.013 76941
0.0135 76938
0.014 76934
0.0145 76930
0.015 76927
0.0155 76923
0.016 76919
0.0165 76916
0.017 76912
0.0175 76909
0.018 76905
0.0185 76902
0.019 76899
0.0195 76896
0.02 76893
0.0205 76889
0.021 76886
0.0215 76884
0.022 76880
0.0225 76877
0.023 76875
0.0235 76872
0.024 76868
0.0245 76867
