0.0001 320
0.0002 321
0.0003 320
0.0004 320
0.0005 320
0.0006 320
0.0007 319
0.0008 320
0.0009 320
0.001 320
0.0011 320
0.0012 320
0.0013 320
0.0014 320
0.0015 320
0.0016 319
0.0017 320
0.0018 320
0.0019 320
0.002 320
0.0021 319
0.0022 320
0.0023 320
0.0024 319
0.0025 320
0.0026 320
0.0027 320
0.0028 319
0.0029 320
0.003 319
0.0031 320
0.0032 320
0.0033 319
0.0034 320
0.0035 319
0.0036 320
0.0037 319
0.0038 320
0.0039 319
0.004 320
0.0041 319
0.0042 320
0.0043 319
0.0044 319
0.0045 320
0.0046 319
0.0047 319
0.0048 320
0.0049 319
0.005 319
