0,000	1449353,933	1461528,102	0,000	1,008
6,600	2157594,323	2142288,413	0,000	0,993
13,200	2038033,329	2062543,761	0,000	1,012
19,800	2085599,789	2099781,025	0,000	1,007
26,400	2132832,655	2126764,776	0,000	0,997
33,000	2052539,917	2071101,499	0,000	1,009
39,600	1963797,681	1973606,211	0,000	1,005
46,200	1998955,734	1991640,273	0,000	0,996
52,800	1954004,150	1971478,332	0,000	1,009
59,400	1903565,915	1914826,837	0,000	1,006
66,000	1898640,642	1909971,419	0,000	1,006
72,600	1353661,854	1333219,543	0,000	0,985
79,200	1232777,183	1242984,857	0,000	1,008
85,800	1229664,814	1233295,261	0,000	1,003
92,400	1200556,939	1213142,495	0,000	1,010
99,000	1245510,050	1257417,861	0,000	1,010
105,600	1190371,726	1202272,141	0,000	1,010
112,200	1203464,837	1210520,136	0,000	1,006
118,800	1186026,700	1203472,416	0,000	1,015
125,400	1121507,031	1133781,798	0,000	1,011
132,000	1196019,696	1173782,925	0,000	0,981
138,600	1081205,919	1092673,619	0,000	1,011
145,200	1048941,535	1054517,372	0,000	1,005
151,800	1122380,635	1128636,020	0,000	1,006
158,400	1074817,870	1032122,145	0,000	0,960
165,000	1055841,299	1067683,863	0,000	1,011
171,600	1007432,854	1016591,966	0,000	1,009
178,200	1005340,390	1012447,032	0,000	1,007
184,800	992459,026	998568,543	0,000	1,006
191,400	990945,755	999843,848	0,000	1,009
198,000	956996,579	963101,475	0,000	1,006
204,600	1001133,265	1005769,542	0,000	1,005
211,200	963674,338	971835,154	0,000	1,008
217,800	936632,659	942352,101	0,000	1,006
224,400	912570,993	921284,848	0,000	1,010
231,000	938356,147	945574,670	0,000	1,008
237,600	878242,542	885318,545	0,000	1,008
244,200	875792,934	877367,810	0,000	1,002
250,800	846097,914	848173,017	0,000	1,002
257,400	850617,514	853669,734	0,000	1,004
264,000	870911,602	867293,687	0,000	0,996
270,600	795447,884	807772,821	0,000	1,015
277,200	837968,526	839027,338	0,000	1,001
283,800	944240,104	945280,140	0,000	1,001
290,400	835168,024	843532,645	0,000	1,010
297,000	758393,574	754298,475	0,000	0,995
303,600	784816,943	789538,491	0,000	1,006
310,200	727146,124	731185,425	0,000	1,006
316,800	767567,287	770188,445	0,000	1,003
323,400	724304,159	725331,012	0,000	1,001
330,000	716241,840	724882,822	0,000	1,012
336,600	698624,296	705235,002	0,000	1,009
343,200	666773,842	674476,385	0,000	1,012
349,800	680959,088	681985,922	0,000	1,002
356,400	593040,399	604876,119	0,000	1,020
363,000	635061,259	639720,411	0,000	1,007
369,600	628327,599	629871,403	0,000	1,002
376,200	674849,489	676910,260	0,000	1,003
382,800	563092,494	565367,335	0,000	1,004
389,400	561086,258	565599,111	0,000	1,008
396,000	596107,584	593960,111	0,000	0,996
402,600	576500,346	581083,127	0,000	1,008
409,200	530871,727	531898,147	0,000	1,002
415,800	486158,265	485635,402	0,000	0,999
422,400	494771,815	506262,258	0,000	1,023
429,000	494989,479	493957,464	0,000	0,998
435,600	500952,026	502502,588	0,000	1,003
442,200	476509,237	477557,718	0,000	1,002
448,800	431461,088	430419,066	0,000	0,998
455,400	438540,840	435474,323	0,000	0,993
462,000	459905,161	460004,127	0,000	1,000
468,600	399620,173	405725,289	0,000	1,015
475,200	431343,216	428762,885	0,000	0,994
481,800	378979,575	378980,545	0,000	1,000
488,400	312245,451	307835,109	0,000	0,986
495,000	348563,728	348046,760	0,000	0,999
501,600	346839,241	348926,695	0,000	1,006
508,200	349363,100	349783,794	0,000	1,001
514,800	330647,558	327968,430	0,000	0,992
521,400	320023,795	323101,881	0,000	1,010
528,000	293457,302	293476,102	0,000	1,000
534,600	300763,796	297720,246	0,000	0,990
541,200	285385,481	284369,171	0,000	0,996
547,800	249963,505	248865,319	0,000	0,996
554,400	234729,391	232148,071	0,000	0,989
561,000	232682,910	231141,533	0,000	0,993
567,600	221571,098	223114,667	0,000	1,007
574,200	222705,533	224250,180	0,000	1,007
580,800	206386,316	201709,409	0,000	0,977
587,400	183090,789	181109,315	0,000	0,989
594,000	181722,083	184335,328	0,000	1,014
600,600	158914,815	159067,654	0,000	1,001
607,200	147603,717	145979,250	0,000	0,989
613,800	140735,322	143484,861	0,000	1,020
620,400	140951,506	139383,665	0,000	0,989
627,000	114670,075	114667,112	0,000	1,000
633,600	115035,389	113504,329	0,000	0,987
640,200	97621,072	98677,319	0,000	1,011
646,800	96711,753	99266,615	0,000	1,026
653,400	76092,439	77121,027	0,000	1,014
660,000	81401,897	81933,128	0,000	1,007
666,600	75159,490	73103,436	0,000	0,973
673,200	88941,898	89434,613	0,000	1,006
679,800	63963,271	63446,394	0,000	0,992
686,400	51994,029	55175,732	0,000	1,061
693,000	69659,197	69346,143	0,000	0,996
699,600	63788,017	65292,006	0,000	1,024
706,200	73965,814	75007,890	0,000	1,014
712,800	73374,373	73446,745	0,000	1,001
719,400	67819,576	70408,551	0,000	1,038
726,000	77981,118	77984,731	0,000	1,000
732,600	62876,739	63935,569	0,000	1,017
739,200	66358,365	65301,704	0,000	0,984
745,800	70460,023	70447,039	0,000	1,000
752,400	64900,313	63908,124	0,000	0,985
759,000	71140,581	71667,673	0,000	1,007
765,600	64208,768	63698,651	0,000	0,992
772,200	71948,338	71967,117	0,000	1,000
778,800	79473,398	82073,381	0,000	1,033
785,400	78426,495	77879,063	0,000	0,993
792,000	64598,824	65657,804	0,000	1,016
798,600	65361,954	65876,844	0,000	1,008
805,200	77582,127	80016,290	0,000	1,031
811,800	60527,695	60991,730	0,000	1,008
818,400	63081,866	63585,744	0,000	1,008
825,000	80201,313	80714,375	0,000	1,006
831,600	69270,098	67731,600	0,000	0,978
838,200	69314,457	70346,603	0,000	1,015
844,800	60529,717	62595,130	0,000	1,034
851,400	68639,026	68134,525	0,000	0,993
858,000	73389,792	73389,792	0,000	1,000
864,600	70624,155	71135,160	0,000	1,007
871,200	64945,066	65970,552	0,000	1,016
877,800	66425,281	68014,838	0,000	1,024
884,400	64768,176	65295,709	0,000	1,008
891,000	69661,976	70708,452	0,000	1,015
897,600	58410,145	57376,386	0,000	0,982
904,200	74488,438	74992,472	0,000	1,007
910,800	73900,199	74404,380	0,000	1,007
917,400	72178,040	73207,763	0,000	1,014
924,000	71056,641	71571,396	0,000	1,007
930,600	61498,985	60956,668	0,000	0,991
937,200	63601,238	63608,756	0,000	1,000
943,800	62999,157	62999,157	0,000	1,000
950,400	68010,307	68010,307	0,000	1,000
957,000	69075,513	69605,266	0,000	1,008
963,600	62107,329	62613,637	0,000	1,008
970,200	72087,731	72595,523	0,000	1,007
976,800	70051,752	69549,116	0,000	0,993
983,400	64387,875	64387,875	0,000	1,000
990,000	63646,985	64161,123	0,000	1,008
996,600	66605,607	67108,264	0,000	1,008
1003,200	73538,426	74047,993	0,000	1,007
1009,800	79516,652	78997,629	0,000	0,993
1016,400	63110,981	64115,510	0,000	1,016
1023,000	60580,840	60580,840	0,000	1,000
1029,600	73983,283	72446,857	0,000	0,979
1036,200	71565,950	73153,571	0,000	1,022
1042,800	71409,474	73478,025	0,000	1,029
1049,400	69605,038	70107,984	0,000	1,007
1056,000	62304,488	62821,078	0,000	1,008
1062,600	70607,725	72137,253	0,000	1,022
1069,200	77723,528	77207,066	0,000	0,993
1075,800	61471,244	61481,032	0,000	1,000
1082,400	68765,376	69796,773	0,000	1,015
1089,000	67248,772	68304,903	0,000	1,016
1095,600	73017,171	75069,734	0,000	1,028
1102,200	67976,227	68495,152	0,000	1,008
1108,800	67847,472	68364,763	0,000	1,008
1115,400	70047,318	70543,299	0,000	1,007
1122,000	78628,561	79649,184	0,000	1,013
1128,600	67584,541	68090,771	0,000	1,007
1135,200	70286,480	71312,569	0,000	1,015
1141,800	69520,324	66956,114	0,000	0,963
1148,400	69107,797	69107,797	0,000	1,000
1155,000	73005,960	75048,795	0,000	1,028
1161,600	66414,656	68444,503	0,000	1,031
1168,200	75737,248	77312,397	0,000	1,021
1174,800	73891,513	72862,489	0,000	0,986
1181,400	60980,564	59931,407	0,000	0,983
1188,000	72169,279	73692,614	0,000	1,021
1194,600	72281,759	73826,837	0,000	1,021
1201,200	61716,475	59121,488	0,000	0,958
1207,800	64988,425	68033,232	0,000	1,047
1214,400	63397,450	63391,508	0,000	1,000
1221,000	62855,444	62855,444	0,000	1,000
1227,600	67392,104	69969,671	0,000	1,038
1234,200	66197,961	67735,666	0,000	1,023
1240,800	71002,532	71002,532	0,000	1,000
1247,400	73644,871	74684,492	0,000	1,014
1254,000	68584,021	69096,750	0,000	1,007
1260,600	69923,645	70435,756	0,000	1,007
1267,200	60483,951	60483,951	0,000	1,000
1273,800	62060,842	63099,831	0,000	1,017
1280,400	71841,062	72356,636	0,000	1,007
1287,000	60766,159	62300,986	0,000	1,025
1293,600	69070,100	69068,472	0,000	1,000
1300,200	76580,394	76580,394	0,000	1,000
1306,800	69169,858	67604,320	0,000	0,977
1313,400	70136,699	69095,652	0,000	0,985
1320,000	62870,919	63895,640	0,000	1,016
1326,600	64508,347	66049,035	0,000	1,024
1333,200	72279,073	72808,982	0,000	1,007
1339,800	70065,205	70073,012	0,000	1,000
1346,400	72038,108	73060,163	0,000	1,014
1353,000	70271,184	69752,213	0,000	0,993
1359,600	71989,295	73017,221	0,000	1,014
1366,200	58951,851	59478,810	0,000	1,009
1372,800	73832,979	75352,246	0,000	1,021
1379,400	66821,114	68353,488	0,000	1,023
1386,000	78545,414	76478,389	0,000	0,974
1392,600	70108,457	70108,457	0,000	1,000
1399,200	64965,488	65492,230	0,000	1,008
1405,800	73369,268	74379,659	0,000	1,014
1412,400	69682,660	68633,846	0,000	0,985
1419,000	71611,678	72134,914	0,000	1,007
1425,600	73332,165	73838,289	0,000	1,007
1432,200	71117,477	70094,275	0,000	0,986
1438,800	64331,354	64843,754	0,000	1,008
1445,400	63325,576	63325,576	0,000	1,000
1452,000	75780,008	77335,760	0,000	1,021
1458,600	59489,295	60014,645	0,000	1,009
1465,200	68812,472	69316,108	0,000	1,007
1471,800	71609,250	72119,781	0,000	1,007
1478,400	65124,578	64621,139	0,000	0,992
1485,000	72537,206	72013,159	0,000	0,993
1491,600	75534,310	77087,386	0,000	1,021
1498,200	60995,381	59949,480	0,000	0,983
1504,800	66538,264	67567,893	0,000	1,015
1511,400	83166,691	82661,109	0,000	0,994
1518,000	70285,847	69764,376	0,000	0,993
1524,600	74194,463	75250,769	0,000	1,014
1531,200	73049,263	74099,325	0,000	1,014
1537,800	70053,751	72607,667	0,000	1,036
1544,400	76276,740	76786,979	0,000	1,007
1551,000	74849,637	73293,749	0,000	0,979
1557,600	75654,544	75660,260	0,000	1,000
1564,200	61810,092	62329,879	0,000	1,008
1570,800	70215,077	71774,587	0,000	1,022
1577,400	67090,897	67090,897	0,000	1,000
1584,000	82285,028	83811,544	0,000	1,019
1590,600	59389,989	59389,989	0,000	1,000
1597,200	63644,664	63644,664	0,000	1,000
1603,800	67860,647	67345,763	0,000	0,992
1610,400	76886,321	78429,390	0,000	1,020
1617,000	77782,999	78310,099	0,000	1,007
1623,600	69899,732	70413,241	0,000	1,007
1630,200	67838,451	68358,449	0,000	1,008
1636,800	74945,372	75971,379	0,000	1,014
1643,400	64631,611	65658,677	0,000	1,016
1650,000	70725,015	70725,015	0,000	1,000
1656,600	67245,900	67771,806	0,000	1,008
1663,200	74670,510	74670,510	0,000	1,000
1669,800	66548,573	67053,866	0,000	1,008
1676,400	87287,502	88840,712	0,000	1,018
1683,000	79858,411	80882,857	0,000	1,013
1689,600	64710,399	65745,126	0,000	1,016
1696,200	71461,156	71974,072	0,000	1,007
1702,800	178221,095	153559,651	0,000	0,862
1709,400	77743,055	76705,247	0,000	0,987
1716,000	75894,720	75376,364	0,000	0,993
1722,600	63865,542	64894,111	0,000	1,016
1729,200	83139,042	83648,778	0,000	1,006
1735,800	88913,486	89956,744	0,000	1,012
1742,400	80864,334	79858,442	0,000	0,988
1749,000	79809,340	80328,472	0,000	1,007
1755,600	74219,971	77296,987	0,000	1,041
1762,200	81300,211	81819,678	0,000	1,006
1768,800	84742,288	84212,497	0,000	0,994
1775,400	74433,755	72879,049	0,000	0,979
1782,000	65506,020	65506,020	0,000	1,000
1788,600	84624,938	84624,938	0,000	1,000
1795,200	78144,855	79171,202	0,000	1,013
1801,800	76432,419	76432,419	0,000	1,000
1808,400	65907,353	65386,328	0,000	0,992
1815,000	68434,450	68438,909	0,000	1,000
1821,600	77110,272	77614,684	0,000	1,007
1828,200	80882,982	81886,761	0,000	1,012
1834,800	80405,851	80929,524	0,000	1,007
1841,400	71353,132	71355,593	0,000	1,000
1848,000	71619,179	71619,179	0,000	1,000
1854,600	135858,033	112095,707	0,000	0,825
1861,200	144544,363	115858,521	0,000	0,802
1867,800	110135,960	93294,163	0,000	0,847
1874,400	74526,459	75561,619	0,000	1,014
1881,000	74928,360	77000,269	0,000	1,028
1887,600	72995,854	73506,844	0,000	1,007
1894,200	82553,011	83059,630	0,000	1,006
1900,800	99211,598	70625,774	0,000	0,712
1907,400	66767,051	67802,289	0,000	1,016
1914,000	65988,163	66504,883	0,000	1,008
1920,600	72496,360	74040,050	0,000	1,021
1927,200	66702,472	66192,648	0,000	0,992
1933,800	70277,230	70791,460	0,000	1,007
1940,400	77662,643	78169,142	0,000	1,007
1947,000	90546,236	80318,911	0,000	0,887
1953,600	81268,025	81784,196	0,000	1,006
1960,200	81143,579	81152,890	0,000	1,000
1966,800	96462,223	101633,683	0,000	1,054
1973,400	119801,133	124385,232	0,000	1,038
