0,000	8787852,946	8802712,471	0,000	1,002
26,400	9626818,279	9786753,598	0,000	1,017
52,800	9834282,083	9991343,596	0,000	1,016
79,200	10416244,713	10343107,733	0,000	0,993
105,600	10269845,932	10312373,242	0,000	1,004
132,000	9694491,348	9587015,061	0,000	0,989
158,400	9691296,241	9671550,059	0,000	0,998
184,800	9868082,559	9889476,037	0,000	1,002
211,200	9759026,072	9761584,515	0,000	1,000
237,600	9707350,368	9753973,603	0,000	1,005
264,000	9761627,560	9733922,750	0,000	0,997
290,400	9684027,589	9577092,882	0,000	0,989
316,800	9571785,406	9733852,170	0,000	1,017
343,200	9712923,259	9625268,289	0,000	0,991
369,600	9811612,343	9642626,040	0,000	0,983
396,000	9607786,984	9612641,538	0,000	1,001
422,400	9698272,697	9801740,271	0,000	1,011
448,800	9733691,892	9603200,356	0,000	0,987
475,200	9760291,238	9523857,338	0,000	0,976
501,600	9589308,320	9905663,949	0,000	1,033
528,000	9635486,284	9716849,780	0,000	1,008
554,400	9479170,315	9568512,389	0,000	1,009
580,800	9603517,015	9800454,303	0,000	1,021
607,200	9504450,464	9623049,067	0,000	1,012
633,600	9537830,449	9621273,510	0,000	1,009
660,000	9578957,598	9755656,963	0,000	1,018
686,400	9606345,259	9720057,102	0,000	1,012
712,800	9744033,622	9596361,752	0,000	0,985
739,200	9629647,587	9445474,196	0,000	0,981
765,600	9518585,776	9640076,888	0,000	1,013
792,000	9626087,356	9604349,130	0,000	0,998
818,400	9629641,861	9664941,062	0,000	1,004
844,800	9717436,276	9695225,620	0,000	0,998
871,200	9686357,746	9683466,668	0,000	1,000
897,600	9572098,529	9625320,423	0,000	1,006
924,000	9546983,165	9577666,695	0,000	1,003
950,400	9690037,855	9768852,244	0,000	1,008
976,800	9223314,530	9428788,219	0,000	1,022
1003,200	8989801,588	9133453,249	0,000	1,016
1029,600	9290438,755	9002588,459	0,000	0,969
1056,000	9255414,141	9154753,722	0,000	0,989
1082,400	9189856,294	9160030,310	0,000	0,997
1108,800	9156562,580	9123905,323	0,000	0,996
1135,200	9166041,561	9025089,575	0,000	0,985
1161,600	9058680,048	9012548,553	0,000	0,995
1188,000	8946941,303	9163166,888	0,000	1,024
1214,400	9056040,423	9342193,598	0,000	1,032
1240,800	8996292,564	9307667,275	0,000	1,035
1267,200	9292005,555	9082399,516	0,000	0,977
1293,600	9114861,481	9190816,812	0,000	1,008
1320,000	9030272,495	9071312,568	0,000	1,005
1346,400	9218474,995	9203249,868	0,000	0,998
1372,800	9112817,306	8973076,362	0,000	0,985
1399,200	9002101,996	9089363,481	0,000	1,010
1425,600	9125632,053	9067269,463	0,000	0,994
1452,000	9215503,235	9055539,793	0,000	0,983
1478,400	8900434,302	9099323,529	0,000	1,022
1504,800	9049429,027	8991172,603	0,000	0,994
1531,200	9083621,417	9022656,830	0,000	0,993
1557,600	9109302,217	9115574,734	0,000	1,001
1584,000	9196914,894	9202348,806	0,000	1,001
1610,400	9488434,812	9528677,805	0,000	1,004
1636,800	9654307,914	9652878,926	0,000	1,000
1663,200	9581877,511	9594319,535	0,000	1,001
1689,600	9757358,572	9806633,531	0,000	1,005
1716,000	9752380,288	9524278,101	0,000	0,977
1742,400	9584051,447	9659097,584	0,000	1,008
1768,800	9266103,219	9226118,607	0,000	0,996
1795,200	9469043,530	9368648,049	0,000	0,989
1821,600	9404855,492	9490640,070	0,000	1,009
1848,000	9469822,864	9594269,351	0,000	1,013
1874,400	9334696,018	9482630,487	0,000	1,016
1900,800	9473893,023	9430271,746	0,000	0,995
1927,200	9347622,154	9475347,587	0,000	1,014
1953,600	9638648,053	9434078,014	0,000	0,979
1980,000	9294624,237	9366358,390	0,000	1,008
2006,400	9424677,681	9495814,784	0,000	1,008
2032,800	9413433,444	9529540,897	0,000	1,012
2059,200	9677030,246	9611784,069	0,000	0,993
2085,600	9367074,632	9370405,868	0,000	1,000
2112,000	9326010,877	9264532,069	0,000	0,993
2138,400	9289058,297	9489672,135	0,000	1,022
2164,800	9287521,826	9261354,307	0,000	0,997
2191,200	9554227,212	9371000,284	0,000	0,981
2217,600	9368503,049	9325434,139	0,000	0,995
2244,000	9257849,324	9600393,599	0,000	1,037
2270,400	9334883,461	9324133,901	0,000	0,999
2296,800	9365550,467	9373512,213	0,000	1,001
2323,200	9337974,554	9342802,266	0,000	1,001
2349,600	9356341,608	9320836,968	0,000	0,996
2376,000	9248581,378	9364921,500	0,000	1,013
2402,400	9273356,369	9425933,145	0,000	1,016
2428,800	9311270,930	9339911,108	0,000	1,003
2455,200	9324087,219	9561457,671	0,000	1,025
2481,600	9544021,149	9323249,966	0,000	0,977
2508,000	9270340,266	9363370,947	0,000	1,010
2534,400	9363369,608	9306772,463	0,000	0,994
2560,800	9529993,816	9300403,469	0,000	0,976
2587,200	9389625,878	9270323,120	0,000	0,987
2613,600	9306853,892	9369145,925	0,000	1,007
2640,000	9301157,879	9417319,106	0,000	1,012
2666,400	9455834,516	9340858,643	0,000	0,988
2692,800	9563800,958	9461663,576	0,000	0,989
2719,200	9342747,178	9268821,375	0,000	0,992
2745,600	9163677,520	9450807,115	0,000	1,031
2772,000	9229817,162	9426652,997	0,000	1,021
2798,400	9209758,901	9461670,665	0,000	1,027
2824,800	9206934,189	9334444,547	0,000	1,014
2851,200	9184494,864	9429916,044	0,000	1,027
2877,600	9300969,491	9359808,481	0,000	1,006
2904,000	9332691,584	9288745,748	0,000	0,995
2930,400	9153420,446	9514196,072	0,000	1,039
2956,800	9211187,920	9458727,805	0,000	1,027
2983,200	9252626,797	9442078,501	0,000	1,020
3009,600	9213194,026	9149483,473	0,000	0,993
3036,000	9401617,426	9254519,405	0,000	0,984
3062,400	9179507,513	9349278,762	0,000	1,018
3088,800	9193622,008	9336677,997	0,000	1,016
3115,200	9100052,984	9297220,903	0,000	1,022
3141,600	9163048,766	9036345,742	0,000	0,986
3168,000	9006569,774	9090547,441	0,000	1,009
3194,400	9210069,648	9222831,528	0,000	1,001
3220,800	9122042,221	9209117,224	0,000	1,010
3247,200	8990470,350	9176433,445	0,000	1,021
3273,600	9338445,278	9252962,929	0,000	0,991
3300,000	9083538,042	9251375,545	0,000	1,018
3326,400	9074656,843	9195386,162	0,000	1,013
3352,800	9084274,706	9231871,167	0,000	1,016
3379,200	9027126,853	9166224,960	0,000	1,015
3405,600	9120050,079	9085673,443	0,000	0,996
3432,000	8960536,880	9376821,532	0,000	1,046
3458,400	9011077,364	9007137,791	0,000	1,000
3484,800	9444973,809	9147980,459	0,000	0,969
3511,200	9118279,344	9177893,036	0,000	1,007
3537,600	9025141,727	9290462,064	0,000	1,029
3564,000	9094746,657	9208722,863	0,000	1,013
3590,400	9219333,341	9210282,439	0,000	0,999
3616,800	9261937,427	9054509,138	0,000	0,978
3643,200	9244148,010	9138575,809	0,000	0,989
3669,600	9391036,570	9125759,796	0,000	0,972
3696,000	9139613,951	9025718,771	0,000	0,988
3722,400	9115976,889	9152113,897	0,000	1,004
3748,800	9279772,300	9266341,449	0,000	0,999
3775,200	9054130,041	9093810,433	0,000	1,004
3801,600	9282259,948	9078247,493	0,000	0,978
3828,000	9044316,901	8921516,857	0,000	0,986
3854,400	9121012,939	8981237,928	0,000	0,985
3880,800	8914233,829	8914484,291	0,000	1,000
3907,200	9206342,781	8840423,924	0,000	0,960
3933,600	8994947,352	8811458,245	0,000	0,980
3960,000	9012749,991	8889914,383	0,000	0,986
3986,400	8918185,067	8911832,069	0,000	0,999
4012,800	8952869,744	8882020,644	0,000	0,992
4039,200	9085212,818	8886938,706	0,000	0,978
4065,600	9119760,564	8930891,632	0,000	0,979
4092,000	9093459,835	8950166,337	0,000	0,984
4118,400	9328319,237	8958682,550	0,000	0,960
4144,800	9119133,271	8926332,521	0,000	0,979
4171,200	9042640,200	8945914,292	0,000	0,989
4197,600	8924491,825	8992376,144	0,000	1,008
4224,000	8962794,690	8820516,440	0,000	0,984
4250,400	8955737,508	8788515,695	0,000	0,981
4276,800	9006845,418	8923540,621	0,000	0,991
4303,200	8929406,289	8924741,311	0,000	0,999
4329,600	8927024,658	8939195,099	0,000	1,001
4356,000	8923075,385	8921636,702	0,000	1,000
4382,400	8910179,534	8962433,631	0,000	1,006
4408,800	9029222,927	8726869,650	0,000	0,967
4435,200	8863298,514	8792550,031	0,000	0,992
4461,600	8923789,009	8947788,544	0,000	1,003
4488,000	8999545,329	8775978,967	0,000	0,975
4514,400	8829636,741	8995718,910	0,000	1,019
4540,800	9042874,291	8896726,305	0,000	0,984
4567,200	8851346,967	8935148,814	0,000	1,009
4593,600	9174670,868	8980697,963	0,000	0,979
4620,000	9286531,641	8955871,781	0,000	0,964
4646,400	8812912,553	9004107,443	0,000	1,022
4672,800	8903749,488	8994558,925	0,000	1,010
4699,200	8844796,587	8949803,394	0,000	1,012
4725,600	9259596,035	9017854,944	0,000	0,974
4752,000	9009793,487	9086350,984	0,000	1,008
4778,400	9329935,625	8879536,509	0,000	0,952
4804,800	8795832,738	8977170,184	0,000	1,021
4831,200	9013405,923	8890887,486	0,000	0,986
4857,600	8971988,894	8763111,699	0,000	0,977
4884,000	8883830,527	9046220,327	0,000	1,018
4910,400	9033753,754	8946352,116	0,000	0,990
4936,800	8853311,148	9016683,020	0,000	1,018
4963,200	8861502,423	9045921,169	0,000	1,021
4989,600	8852970,433	8854615,050	0,000	1,000
5016,000	8818155,584	8905833,205	0,000	1,010
5042,400	8762535,575	8864316,948	0,000	1,012
5068,800	8935093,556	8972337,082	0,000	1,004
5095,200	8769993,124	8781929,125	0,000	1,001
5121,600	8748516,088	8926948,059	0,000	1,020
5148,000	8780005,600	8812832,604	0,000	1,004
5174,400	8787160,924	8726495,087	0,000	0,993
5200,800	8869579,857	8799849,913	0,000	0,992
5227,200	8849944,957	8899027,927	0,000	1,006
5253,600	8786062,882	8797260,320	0,000	1,001
5280,000	8941510,005	8921770,845	0,000	0,998
5306,400	8856381,262	8808675,551	0,000	0,995
5332,800	8828564,627	8964471,041	0,000	1,015
5359,200	8784303,076	8860839,255	0,000	1,009
5385,600	9036478,029	8874992,879	0,000	0,982
5412,000	8893212,054	8832404,336	0,000	0,993
5438,400	8820964,342	8774243,168	0,000	0,995
5464,800	8806114,819	8786529,781	0,000	0,998
5491,200	8964637,769	8698233,799	0,000	0,970
5517,600	8816576,138	8894639,807	0,000	1,009
5544,000	8888218,673	8903593,927	0,000	1,002
5570,400	8785177,669	8782333,078	0,000	1,000
5596,800	8618262,488	8892106,864	0,000	1,032
5623,200	8812348,129	8834306,678	0,000	1,002
5649,600	8776288,616	8953514,114	0,000	1,020
5676,000	8900476,017	8880031,136	0,000	0,998
5702,400	8845915,998	8958461,633	0,000	1,013
5728,800	8709965,873	8928872,405	0,000	1,025
5755,200	8756301,727	8814704,055	0,000	1,007
5781,600	8732452,221	8955551,461	0,000	1,026
5808,000	8942366,923	8861905,418	0,000	0,991
5834,400	8818191,638	8995792,502	0,000	1,020
5860,800	8834780,273	8933724,364	0,000	1,011
5887,200	8943262,139	8809615,061	0,000	0,985
5913,600	8791492,842	8715800,374	0,000	0,991
5940,000	8725532,240	8800797,825	0,000	1,009
5966,400	8831427,077	8855996,801	0,000	1,003
5992,800	8652877,073	8905040,343	0,000	1,029
6019,200	8777306,482	8861836,745	0,000	1,010
6045,600	8618264,913	8882891,821	0,000	1,031
6072,000	8795761,467	8807739,190	0,000	1,001
6098,400	8696610,673	8688098,806	0,000	0,999
6124,800	8935171,968	8941510,385	0,000	1,001
6151,200	8818444,897	8771498,288	0,000	0,995
6177,600	8877681,459	8761213,056	0,000	0,987
6204,000	8932639,143	8820316,738	0,000	0,987
6230,400	8906622,970	8873952,719	0,000	0,996
6256,800	8834060,818	8869381,720	0,000	1,004
6283,200	9042725,631	8812582,280	0,000	0,975
6309,600	8717101,520	8866752,241	0,000	1,017
6336,000	8709528,142	8886978,177	0,000	1,020
6362,400	8913106,013	8928074,032	0,000	1,002
6388,800	8767619,664	8871910,177	0,000	1,012
6415,200	8849560,415	8838157,159	0,000	0,999
6441,600	8786666,463	8644760,907	0,000	0,984
6468,000	8952520,134	8759106,314	0,000	0,978
6494,400	8664397,446	8698521,081	0,000	1,004
6520,800	8785047,413	8756526,821	0,000	0,997
6547,200	8777469,992	8665337,495	0,000	0,987
6573,600	8704698,657	8908789,761	0,000	1,023
