0,000	5907114,634	5915476,368	0,000	1,001
26,400	6615376,632	6607722,431	0,000	0,999
52,800	7217735,065	7261600,074	0,000	1,006
79,200	7214765,094	7326211,899	0,000	1,015
105,600	7127033,197	7178434,211	0,000	1,007
132,000	7004267,829	7301272,592	0,000	1,042
158,400	7223323,416	7135920,458	0,000	0,988
184,800	7490291,042	7193667,709	0,000	0,960
211,200	7069530,315	7082251,134	0,000	1,002
237,600	7123150,633	7070816,614	0,000	0,993
264,000	7196046,626	7106694,245	0,000	0,988
290,400	7155164,517	7100383,566	0,000	0,992
316,800	6490899,260	6437324,239	0,000	0,992
343,200	6404412,703	6497590,804	0,000	1,015
369,600	6499123,947	6438497,676	0,000	0,991
396,000	6523703,834	6400741,050	0,000	0,981
422,400	6389036,006	6495718,729	0,000	1,017
448,800	6643056,510	6539670,107	0,000	0,984
475,200	6449433,528	6554923,042	0,000	1,016
501,600	6389645,431	6409872,863	0,000	1,003
528,000	6451262,426	6505956,275	0,000	1,008
554,400	6428988,015	6506633,739	0,000	1,012
580,800	6500380,599	6473447,658	0,000	0,996
607,200	6523274,488	6385144,605	0,000	0,979
633,600	6582351,855	6550511,165	0,000	0,995
660,000	6815386,640	6640624,649	0,000	0,974
686,400	6439924,018	6625616,919	0,000	1,029
712,800	6498876,427	6490572,683	0,000	0,999
739,200	6466971,135	6596742,185	0,000	1,020
765,600	6548971,971	6471896,453	0,000	0,988
792,000	6656148,658	6491816,849	0,000	0,975
818,400	6849985,122	6424611,500	0,000	0,938
844,800	6692449,537	6477368,982	0,000	0,968
871,200	6574734,898	6551230,145	0,000	0,996
897,600	6490105,146	6475975,658	0,000	0,998
924,000	6542612,149	6642220,601	0,000	1,015
950,400	6536937,900	6524999,069	0,000	0,998
976,800	6699462,935	6589370,675	0,000	0,984
1003,200	6415623,580	6573639,822	0,000	1,025
1029,600	6505420,052	6514289,860	0,000	1,001
1056,000	6427245,884	6480801,233	0,000	1,008
1082,400	6644561,841	6482740,201	0,000	0,976
1108,800	6404056,937	6563396,188	0,000	1,025
1135,200	6447599,882	6462987,510	0,000	1,002
1161,600	6823854,870	6451693,146	0,000	0,945
1188,000	6566997,225	6567715,869	0,000	1,000
1214,400	6623310,714	6420699,261	0,000	0,969
1240,800	6449662,012	6544616,056	0,000	1,015
1267,200	6379896,915	6600068,565	0,000	1,035
1293,600	6458616,319	6457207,606	0,000	1,000
1320,000	6413181,008	6388673,528	0,000	0,996
1346,400	6283411,827	6383048,280	0,000	1,016
1372,800	6544145,710	6334253,520	0,000	0,968
1399,200	6243700,907	6334877,211	0,000	1,015
1425,600	6608001,436	6310737,487	0,000	0,955
1452,000	6334611,567	6329741,948	0,000	0,999
1478,400	6449377,498	6268073,546	0,000	0,972
1504,800	6223913,360	6309706,801	0,000	1,014
1531,200	6316248,915	6365197,334	0,000	1,008
1557,600	6333279,623	6338436,086	0,000	1,001
1584,000	6328595,085	6507278,004	0,000	1,028
1610,400	6350418,826	6456359,811	0,000	1,017
1636,800	6524429,421	6462663,074	0,000	0,991
1663,200	6422254,094	6456329,561	0,000	1,005
1689,600	6334664,725	6443436,671	0,000	1,017
1716,000	6473184,868	6415213,736	0,000	0,991
1742,400	6347863,711	6617529,167	0,000	1,042
1768,800	6440486,492	6501742,820	0,000	1,010
1795,200	6269567,090	6490794,659	0,000	1,035
1821,600	6303029,960	6434626,722	0,000	1,021
1848,000	6513574,638	6360274,378	0,000	0,976
1874,400	6424812,823	6370877,012	0,000	0,992
1900,800	6295846,750	6507393,801	0,000	1,034
1927,200	6338806,358	6425104,443	0,000	1,014
1953,600	6411024,808	6386211,120	0,000	0,996
1980,000	6428864,596	6375266,508	0,000	0,992
2006,400	6288483,528	6530223,021	0,000	1,038
2032,800	6438343,338	6390894,815	0,000	0,993
2059,200	6302899,558	6435681,123	0,000	1,021
2085,600	6340964,950	6442324,474	0,000	1,016
2112,000	6280608,859	6434788,007	0,000	1,025
2138,400	6242325,785	6432333,177	0,000	1,030
2164,800	6284155,681	6405878,091	0,000	1,019
2191,200	6224708,286	6419550,663	0,000	1,031
2217,600	6080091,395	6399472,033	0,000	1,053
2244,000	6160329,771	6439245,137	0,000	1,045
2270,400	6281672,295	6489342,438	0,000	1,033
2296,800	6054580,283	6408003,083	0,000	1,058
2323,200	5997183,701	6174512,960	0,000	1,030
2349,600	6041350,490	6391442,851	0,000	1,058
2376,000	6138731,805	6323518,592	0,000	1,030
2402,400	5930533,434	6327221,435	0,000	1,067
2428,800	5898406,317	6516341,402	0,000	1,105
2455,200	5861166,840	6494217,676	0,000	1,108
2481,600	5883117,288	6380537,808	0,000	1,085
2508,000	5992900,447	6317145,741	0,000	1,054
2534,400	5962361,878	6241285,425	0,000	1,047
2560,800	5967050,288	6503638,845	0,000	1,090
2587,200	5885516,428	6359845,015	0,000	1,081
2613,600	5857900,549	6297990,683	0,000	1,075
2640,000	5837724,492	6301488,723	0,000	1,079
2666,400	5749906,887	6284554,132	0,000	1,093
2692,800	5769873,085	6221482,872	0,000	1,078
2719,200	5716034,669	6255769,554	0,000	1,094
2745,600	5748287,732	6274489,513	0,000	1,092
2772,000	5819237,320	6216708,171	0,000	1,068
2798,400	5881221,711	6288294,329	0,000	1,069
2824,800	5897088,458	6199215,578	0,000	1,051
2851,200	5863397,391	6266155,564	0,000	1,069
2877,600	6007129,280	6198550,010	0,000	1,032
2904,000	5979493,262	6126462,843	0,000	1,025
2930,400	6033980,588	6074501,921	0,000	1,007
2956,800	5987471,489	5988592,611	0,000	1,000
2983,200	6047158,294	6217672,929	0,000	1,028
3009,600	6155663,611	5936037,839	0,000	0,964
3036,000	6136529,901	6040990,256	0,000	0,984
3062,400	6214697,098	6030037,941	0,000	0,970
3088,800	6166973,596	6042191,114	0,000	0,980
3115,200	6195076,253	5903370,182	0,000	0,953
3141,600	6303590,629	6021288,508	0,000	0,955
3168,000	6030477,181	5829842,370	0,000	0,967
3194,400	6410648,537	5878707,472	0,000	0,917
3220,800	6142071,730	5808147,243	0,000	0,946
3247,200	6172574,144	5820765,629	0,000	0,943
3273,600	6283514,262	5799734,887	0,000	0,923
3300,000	6268164,782	5666228,170	0,000	0,904
3326,400	6269961,588	5837014,872	0,000	0,931
3352,800	6343554,123	5807045,066	0,000	0,915
3379,200	6363535,553	5746587,786	0,000	0,903
3405,600	6265979,474	5799351,104	0,000	0,926
3432,000	6318280,603	5898199,056	0,000	0,934
3458,400	6476856,160	5809188,612	0,000	0,897
3484,800	6373230,933	5790862,997	0,000	0,909
3511,200	6231478,671	5826917,912	0,000	0,935
3537,600	6195370,910	5873693,758	0,000	0,948
3564,000	6247958,892	5934944,620	0,000	0,950
3590,400	6240175,209	5857871,740	0,000	0,939
3616,800	6306258,404	5975066,157	0,000	0,947
3643,200	6255554,138	5881450,587	0,000	0,940
3669,600	6524089,081	5922592,127	0,000	0,908
3696,000	6321737,412	6015232,964	0,000	0,952
3722,400	6317430,840	6113964,748	0,000	0,968
3748,800	6289885,955	5945177,082	0,000	0,945
3775,200	6299784,895	6150868,786	0,000	0,976
3801,600	6349262,187	6144486,767	0,000	0,968
3828,000	6451273,634	6074826,588	0,000	0,942
3854,400	6356235,414	6097127,234	0,000	0,959
3880,800	6247737,972	6152111,876	0,000	0,985
3907,200	6277718,683	6305355,406	0,000	1,004
3933,600	6315105,150	6086596,715	0,000	0,964
3960,000	6225144,786	6325291,156	0,000	1,016
3986,400	6419064,835	6225326,727	0,000	0,970
4012,800	6265624,379	6185235,743	0,000	0,987
4039,200	6360650,543	6146471,660	0,000	0,966
4065,600	6171524,066	6183145,694	0,000	1,002
4092,000	6308482,432	6143241,486	0,000	0,974
4118,400	6202240,412	6350065,498	0,000	1,024
4144,800	6178735,041	6127343,949	0,000	0,992
4171,200	6219159,321	6106647,495	0,000	0,982
4197,600	6053900,747	6301173,723	0,000	1,041
4224,000	6292850,702	6006167,948	0,000	0,954
4250,400	6196657,753	6208993,489	0,000	1,002
4276,800	6192482,496	6225917,063	0,000	1,005
4303,200	6306865,116	6201790,257	0,000	0,983
4329,600	6153218,569	6132099,732	0,000	0,997
4356,000	6383452,463	6181985,183	0,000	0,968
4382,400	6340838,668	6203729,764	0,000	0,978
4408,800	6241431,444	6192742,004	0,000	0,992
4435,200	6143880,692	6125971,560	0,000	0,997
4461,600	6128835,085	6309001,081	0,000	1,029
4488,000	6140333,872	6121222,164	0,000	0,997
4514,400	6099662,838	6075646,976	0,000	0,996
4540,800	6181593,596	6058507,099	0,000	0,980
4567,200	6221626,709	6200732,661	0,000	0,997
4593,600	6196071,674	6138536,352	0,000	0,991
4620,000	6128077,751	6074793,727	0,000	0,991
4646,400	6130285,882	6246751,398	0,000	1,019
4672,800	6085659,817	6176250,162	0,000	1,015
4699,200	6052682,070	5986615,957	0,000	0,989
4725,600	6150903,177	5958235,108	0,000	0,969
4752,000	6148033,991	6013562,158	0,000	0,978
4778,400	5863921,634	5993822,056	0,000	1,022
4804,800	6103343,246	5907835,772	0,000	0,968
4831,200	6020999,803	6131229,681	0,000	1,018
4857,600	6015514,847	6143632,682	0,000	1,021
4884,000	5966442,010	6043063,325	0,000	1,013
4910,400	6106420,295	6025951,187	0,000	0,987
4936,800	6143720,300	6042581,041	0,000	0,984
4963,200	6054202,548	6094608,793	0,000	1,007
4989,600	6027742,469	5969451,071	0,000	0,990
5016,000	6046182,876	5980518,471	0,000	0,989
5042,400	5895966,297	5957139,300	0,000	1,010
5068,800	6059507,373	6084675,754	0,000	1,004
5095,200	6068772,796	6065152,596	0,000	0,999
5121,600	6319211,851	6019221,196	0,000	0,953
5148,000	6037201,454	5996158,100	0,000	0,993
5174,400	6010215,336	6101076,508	0,000	1,015
5200,800	6151830,405	6067811,334	0,000	0,986
5227,200	6121799,282	5984161,106	0,000	0,978
5253,600	5907079,801	5985363,792	0,000	1,013
5280,000	6004015,804	5982672,395	0,000	0,996
5306,400	5966607,647	5987995,310	0,000	1,004
5332,800	6065020,159	6021273,841	0,000	0,993
5359,200	5984210,222	5970960,675	0,000	0,998
5385,600	5917504,374	5807296,967	0,000	0,981
5412,000	5869328,045	5867807,125	0,000	1,000
5438,400	6058664,071	5907718,287	0,000	0,975
5464,800	6035944,217	6020021,685	0,000	0,997
5491,200	5793803,807	5871308,226	0,000	1,013
5517,600	5714812,489	5945704,552	0,000	1,040
5544,000	6029305,644	5999989,556	0,000	0,995
5570,400	5917905,293	5959943,248	0,000	1,007
5596,800	5912745,469	6027962,763	0,000	1,019
5623,200	6000803,999	5940866,763	0,000	0,990
5649,600	6080085,030	5873267,776	0,000	0,966
5676,000	5908557,074	5936278,677	0,000	1,005
5702,400	5852069,876	5904173,206	0,000	1,009
5728,800	5830531,677	5968979,864	0,000	1,024
5755,200	5912555,501	5953079,923	0,000	1,007
5781,600	5893279,695	5890722,320	0,000	1,000
5808,000	5881698,112	5904368,462	0,000	1,004
5834,400	6122731,931	5932423,779	0,000	0,969
5860,800	5935964,423	5968098,189	0,000	1,005
5887,200	5967089,873	5973599,930	0,000	1,001
5913,600	5967662,465	5983590,698	0,000	1,003
5940,000	5927451,948	5851405,459	0,000	0,987
5966,400	5844657,927	5936919,518	0,000	1,016
5992,800	5848943,237	5936337,847	0,000	1,015
6019,200	5745446,520	5870696,779	0,000	1,022
6045,600	5732464,844	5869711,310	0,000	1,024
6072,000	5875763,432	5863485,534	0,000	0,998
6098,400	5755636,272	5819057,405	0,000	1,011
6124,800	5926538,305	5810670,232	0,000	0,980
6151,200	5756353,932	5772571,812	0,000	1,003
6177,600	5691374,948	5738951,508	0,000	1,008
6204,000	5817231,246	5976510,933	0,000	1,027
6230,400	5868603,506	5862155,379	0,000	0,999
6256,800	5837853,692	5763949,719	0,000	0,987
6283,200	5773024,170	5732950,525	0,000	0,993
6309,600	5750555,240	5635091,688	0,000	0,980
6336,000	5815844,167	5636982,523	0,000	0,969
6362,400	5665864,365	5682170,942	0,000	1,003
6388,800	5711039,031	5711577,006	0,000	1,000
6415,200	5696535,457	5856716,326	0,000	1,028
6441,600	5611811,765	5656948,260	0,000	1,008
6468,000	5976344,209	5840043,031	0,000	0,977
6494,400	5951446,804	6042804,322	0,000	1,015
6520,800	5920605,482	6072252,890	0,000	1,026
6547,200	6049986,444	5966483,123	0,000	0,986
6573,600	6010295,253	6128294,919	0,000	1,020
