0 0
0.5 4.6164
1 6.5258
1.5 18.7879
2 75.2716
2.5 164.106
3 184.621
3.5 249.174
4 296.117
4.5 264.489
5 320.451
5.5 366.274
6 503.218
6.5 633.349
7 582.422
7.5 708.776
8 684.192
8.5 675.545
9 653.936
9.5 709.204
10 723.512
10.5 733.436
11 725.496
11.5 800.263
12 805.242
12.5 838.669
13 899.64
13.5 936.813
14 1044.09
14.5 1031.62
15 1048.6
15.5 1023.95
16 977.5
16.5 905.663
17 840.472
17.5 789.494
18 802.914
18.5 751.411
19 729.275
19.5 769.129
20 780.268
20.5 757.597
21 824.656
21.5 848.321
22 851.935
22.5 861.77
23 822.318
23.5 818.225
24 788.076
24.5 775.554
25 709.024
25.5 691.312
26 704.564
26.5 731.174
27 807.661
27.5 827.611
28 850.536
28.5 870.362
29 899.259
29.5 893.813
30 904.23
30.5 925.251
31 930.989
31.5 897.09
32 874.125
32.5 894.295
33 910.581
33.5 935.796
34 915.708
34.5 929.277
35 949.796
35.5 966.074
36 936.005
36.5 971.42
37 985.413
37.5 971.078
38 1002.9
38.5 1091.98
39 1148.16
39.5 1166.63
40 1207.45
40.5 1219.69
41 1201.61
41.5 1208.75
42 1202.27
42.5 1180.84
43 1137.26
43.5 1089.22
44 1098.56
44.5 1086.81
45 1105.41
45.5 1134.17
46 1132.77
46.5 1108.21
47 1069.45
47.5 1057.51
48 1051.89
48.5 1035.15
49 1035.85
49.5 1029.06
50 1023.18
50.5 1059.48
51 1077.7
51.5 1080.42
52 1099.77
52.5 1106.19
53 1078.35
53.5 1091.03
54 1103.94
54.5 1121.8
55 1097.89
55.5 1112.45
56 1112.7
56.5 1055.46
57 1070.1
57.5 1070.69
58 1039.63
58.5 1052.69
59 1050.99
59.5 1057.82
60 1056.05
60.5 1040.67
61 1010.78
61.5 987.59
62 979.383
62.5 1001.56
63 1028.55
63.5 1024.63
64 1022.56
64.5 977.711
65 962.631
65.5 971.947
66 938.425
66.5 933.539
67 924.819
67.5 892.709
68 897.542
68.5 902.653
69 884.25
69.5 905.551
70 887.479
70.5 899.442
71 892.148
71.5 902.204
72 905.259
72.5 921.149
73 907.398
73.5 929.39
74 934.688
74.5 928.512
75 886.206
75.5 843.335
76 859.487
76.5 867.754
77 869.146
77.5 861.097
78 846.263
78.5 819.523
79 832.52
79.5 862.31
80 878.688
80.5 898.169
81 898.546
81.5 907.531
82 910.189
82.5 900.452
83 887.412
83.5 875.024
84 905.154
84.5 883.736
85 852.156
85.5 834.748
86 840.856
86.5 826.301
87 810.638
87.5 800.176
88 802.749
88.5 798.03
89 792.31
89.5 786.653
90 759.134
90.5 741.994
91 733.297
91.5 740.668
92 758.726
92.5 766.756
93 742.693
93.5 710.954
94 715.349
94.5 702.969
95 720.743
95.5 725.041
96 707.55
96.5 701.091
97 702.951
97.5 725.636
98 719.983
98.5 721.489
99 722.653
99.5 738.426
100 773.369
100.5 786.405
101 795.971
101.5 811.598
102 813.762
102.5 817.959
103 825.026
103.5 818.98
104 806.455
104.5 797.762
105 790.646
105.5 787.372
106 782.587
106.5 777.671
107 775.271
107.5 784.896
108 766.536
108.5 780.584
109 773.607
109.5 766.376
110 768.566
110.5 789.177
111 804.476
111.5 809.8
112 801.233
112.5 796.851
113 802.375
113.5 789.503
114 783.565
114.5 781.676
115 798.382
115.5 812.988
116 815.133
116.5 811.203
117 822.504
117.5 824.497
118 838.448
118.5 865.751
119 868.364
119.5 881.613
120 876.554
120.5 889.913
121 915.709
121.5 910.979
122 914.641
122.5 911.094
123 904.593
123.5 917.036
124 918.441
124.5 938.5
125 947.988
125.5 935.09
126 959.951
126.5 941.881
127 935.163
127.5 929.159
128 932.576
128.5 911.044
129 904.289
129.5 915.894
130 919.907
130.5 923.164
131 951.783
131.5 942.178
132 948.314
132.5 960.08
133 981.079
133.5 969.187
134 983.295
134.5 995.521
135 1007.26
135.5 1009.25
136 1015.92
136.5 999.899
137 999.873
137.5 966.404
138 977.303
138.5 967.88
139 959.345
139.5 941.296
140 914.81
140.5 924.121
141 923.884
141.5 917.491
142 924.683
142.5 909.909
143 912.366
143.5 917.484
144 920.779
144.5 921.829
145 931.954
145.5 939.478
146 929.767
146.5 937.547
147 934.887
147.5 917.745
148 919.491
148.5 913.378
149 916.13
149.5 885.803
150 880.687
150.5 882.242
151 900.692
151.5 913.299
152 917.606
152.5 916.007
153 902.077
153.5 912.298
154 901.07
154.5 876.328
155 868.399
155.5 862.51
156 854.895
156.5 861.613
157 841.588
157.5 859.85
158 854.978
158.5 851.386
159 839.708
159.5 829.762
160 805.773
160.5 790.766
161 781.583
161.5 793.93
162 794.045
162.5 784.911
163 788.885
163.5 788.38
164 794.831
164.5 801.465
165 814.584
165.5 815.851
166 789.509
166.5 787.323
167 785.269
167.5 764.993
168 762.663
168.5 744.423
169 747.543
169.5 744.958
170 752.877
170.5 760.075
171 775.405
171.5 775.356
172 790.005
172.5 783.809
173 798.394
173.5 772.692
174 774.383
174.5 764.266
175 769.659
175.5 765.617
176 768.623
176.5 776.093
177 788.985
177.5 803.739
178 812.54
178.5 816.954
179 802.269
179.5 807.819
180 815.608
180.5 821.019
181 820.19
181.5 815.136
182 830.324
182.5 833.633
183 841.991
183.5 836.038
184 836.755
184.5 846.546
185 849.949
185.5 841.68
186 843.296
186.5 852.916
187 833.355
187.5 820.313
188 817.643
188.5 822.977
189 818.747
189.5 812.712
190 812.395
190.5 805.242
191 806.218
191.5 790.872
192 792.954
192.5 791.541
193 778.258
193.5 776.592
194 788.722
194.5 775.789
195 776.013
195.5 802.91
196 816.979
196.5 843.382
197 858.618
197.5 860.372
198 862.963
198.5 849.515
199 847.63
199.5 876.472
200 871.59
200.5 875.665
201 880.621
201.5 877.794
202 893.758
202.5 895.145
203 877.012
203.5 868.421
204 850.366
204.5 844.681
205 826.324
205.5 824.674
206 821.011
206.5 840.5
207 851.066
207.5 865.8
208 873.265
208.5 883.24
209 873.877
209.5 872.226
210 869.245
210.5 865.539
211 884.053
211.5 887.558
212 881.721
212.5 888.029
213 880.067
213.5 868.877
214 866.471
214.5 852.335
215 847.795
215.5 850.104
216 855.222
216.5 856.393
217 851.518
217.5 854.366
218 842.542
218.5 855.225
219 855.751
219.5 849.495
220 841.787
220.5 845.929
221 848.991
221.5 845.805
222 843.935
222.5 831.161
223 819.847
223.5 815.113
224 804.627
224.5 808.853
225 808.559
225.5 816.535
226 805.283
226.5 811.634
227 816.48
227.5 815.67
228 825.816
228.5 824.781
229 812.919
229.5 807.809
230 803.858
230.5 830.161
231 817.585
231.5 816.276
232 812.361
232.5 820.818
233 818.713
233.5 830.241
234 834.073
234.5 846.156
235 849.204
235.5 853.282
236 843.65
236.5 851.976
237 849.487
237.5 855.178
238 842.039
238.5 838.759
239 850.819
239.5 857.384
240 853.455
240.5 858.38
241 848.924
241.5 850.759
242 846.727
242.5 842.63
243 840.284
243.5 840.545
244 826.749
244.5 827.256
245 818.037
245.5 815.106
246 818.31
246.5 810.183
247 807.84
247.5 790.085
248 789.006
248.5 783.003
249 792.536
249.5 790.022
250 775.399
250.5 762.531
251 754.524
251.5 739.522
252 735.62
252.5 737.631
253 739.027
253.5 737.381
254 734.465
254.5 729.399
255 733.935
255.5 740.242
256 733.373
256.5 731.404
257 720.942
257.5 715.389
258 718.058
258.5 705.111
259 682.943
259.5 677.786
260 676.472
260.5 691.149
261 677.22
261.5 672.212
262 686.414
262.5 680.808
263 684.134
263.5 680.39
264 673.51
264.5 676.622
265 680.644
265.5 685.193
266 693.234
266.5 676.62
267 678.571
267.5 689.332
268 702.004
268.5 706.64
269 692.177
269.5 701.36
270 700.898
270.5 704.189
271 719.4
271.5 742.293
272 745.073
272.5 748.01
273 745.024
273.5 763.009
274 774.567
274.5 782.295
275 786.945
275.5 803.502
276 814.264
276.5 802.519
277 792.169
277.5 797.836
278 779.993
278.5 776.653
279 781.472
279.5 787.055
280 779.689
280.5 778.527
281 779.72
281.5 779.152
282 781.408
282.5 786.657
283 786.256
283.5 795.578
284 809.211
284.5 817.34
285 811.224
285.5 808.101
286 805.985
286.5 815.402
287 821.032
287.5 813.816
288 810.562
288.5 814.735
289 803.399
289.5 796.25
290 792.534
290.5 785.477
291 788.209
291.5 783.681
292 786.379
292.5 787.118
293 785.704
293.5 782.396
294 780.568
294.5 787.072
295 793.802
295.5 795.547
296 777.683
296.5 770.574
297 774.603
297.5 785.399
298 799.455
298.5 794.082
299 801.449
299.5 798.981
300 785.113
300.5 786.214
301 790.059
301.5 793.696
302 793.082
302.5 788.232
303 795.19
303.5 808.568
304 795.945
304.5 790.331
305 799.203
305.5 803.898
306 797.691
306.5 795.78
307 802.787
307.5 801.054
308 784.325
308.5 788.053
309 775.988
309.5 764.841
310 766.946
310.5 772.294
311 774.39
311.5 775.555
312 771.69
312.5 756.857
313 746.224
313.5 750.575
314 758.968
314.5 749.004
315 752.461
315.5 756.156
316 757.166
316.5 752.202
317 748.16
317.5 743.738
318 737.891
318.5 743.599
319 738.047
319.5 737.634
320 747.353
320.5 748.918
321 753.199
321.5 758.543
322 756.936
322.5 762.875
323 775.826
323.5 767.928
324 769.217
324.5 769.796
325 773.898
325.5 767.575
326 753.093
326.5 752.891
327 755.723
327.5 755.734
328 759.32
328.5 766.944
329 763.251
329.5 764.108
330 758.713
330.5 747.007
331 758.584
331.5 737.367
332 746.967
332.5 752.058
333 750.292
333.5 744.173
334 748.987
334.5 757.063
335 758.32
335.5 742.374
336 733.917
336.5 727.959
337 716.649
337.5 713.568
338 715.298
338.5 714.763
339 722.325
339.5 730.553
340 732.997
340.5 747.044
341 762.092
341.5 757.908
342 764.868
342.5 754.884
343 751.891
343.5 746.802
344 750.373
344.5 763.666
345 764.741
345.5 752.02
346 749.467
346.5 750.264
347 757.814
347.5 758.08
348 762.647
348.5 778.151
349 767.44
349.5 765.196
350 774.231
350.5 772.76
351 781.496
351.5 773.658
352 770.282
352.5 760.046
353 755.631
353.5 757.406
354 742.474
354.5 734.92
355 725.602
355.5 737.196
356 741.714
356.5 735.577
357 742.35
357.5 721.472
358 719.975
358.5 716.712
359 713.128
359.5 713.214
360 708.207
360.5 705.277
361 698.572
361.5 696.954
362 691.797
362.5 685.293
363 691.455
363.5 695.509
364 680.995
364.5 692.443
365 694.036
365.5 705.29
366 720.093
366.5 723.731
367 720.859
367.5 715.975
368 718.322
368.5 732.684
369 737.987
369.5 724.206
370 726.199
370.5 717.825
371 717.14
371.5 723.412
372 726.315
372.5 718.28
373 716.028
373.5 725.616
374 735.15
374.5 734.569
375 743.22
375.5 737.766
376 748.228
376.5 754.517
377 750.428
377.5 742.458
378 738.783
378.5 738.259
379 743.784
379.5 753.104
380 749.943
380.5 756.834
381 756.369
381.5 751.358
382 750.704
382.5 757.786
383 756.961
383.5 763.89
384 764.865
384.5 772.7
385 783.222
385.5 785.465
386 787.166
386.5 781.903
387 774.633
387.5 776.818
388 786.113
388.5 783.396
389 770.97
389.5 779.733
390 779.197
390.5 787.467
391 785.38
391.5 789.834
392 793.494
392.5 781.846
393 768.424
393.5 777.804
394 782.111
394.5 782.918
395 775.84
395.5 772.529
396 766.033
396.5 758.679
397 762.215
397.5 759.019
398 762.44
398.5 772.015
399 773.445
399.5 786.834
400 794.264
400.5 795.681
401 807.431
401.5 834.799
402 849.015
402.5 849.507
403 848.179
403.5 847.245
404 835.346
404.5 839.123
405 835.296
405.5 835.76
406 836.039
406.5 829.829
407 829.594
407.5 831.518
408 824.53
408.5 817.838
409 821.372
409.5 811.129
410 801.045
410.5 805.778
411 814.525
411.5 802.145
412 801.126
412.5 792.074
413 805.519
413.5 814.224
414 813.463
414.5 809.616
415 817.934
415.5 814.446
416 812.041
416.5 821.036
417 825.073
417.5 825.841
418 825.21
418.5 822.979
419 816.93
419.5 814.713
420 808.498
420.5 815.708
421 806.081
421.5 801.72
422 793.452
422.5 800.946
423 793.863
423.5 794.726
424 807.879
424.5 807.387
425 818.842
425.5 834.118
426 847.835
426.5 849.225
427 865.67
427.5 873.298
428 882.948
428.5 890.695
429 888.841
429.5 898.247
430 896.766
430.5 891.469
431 899.664
431.5 904.642
432 912.677
432.5 918.123
433 913.453
433.5 908.814
434 896.328
434.5 888.366
435 880.598
435.5 888.044
436 888.088
436.5 899.813
437 906.312
437.5 909.509
438 900.819
438.5 905.027
439 913.064
439.5 911.047
440 921.657
440.5 922.749
441 922.316
441.5 924.02
442 924.268
442.5 931.871
443 930.933
443.5 930.831
444 926.325
444.5 952.528
445 955.392
445.5 939.693
446 937.933
446.5 937.181
447 941.968
447.5 933.64
448 937.404
448.5 952.991
449 957.389
449.5 954.469
450 945.859
450.5 940.984
451 936.66
451.5 948.07
452 953.369
452.5 950.214
453 942.732
453.5 940.242
454 935.288
454.5 932.431
455 931.853
455.5 930.399
456 926.149
456.5 922.454
457 930.553
457.5 927.645
458 944.23
458.5 944.219
459 949.369
459.5 954.722
460 942.545
460.5 960.045
461 965.655
461.5 961.233
462 955.148
462.5 957.339
463 950.151
463.5 969.144
464 953.853
464.5 963.063
465 960.508
465.5 956.856
466 961.732
466.5 969.263
467 981.752
467.5 990.143
468 988.408
468.5 994.832
469 994.022
469.5 998.258
470 1013.2
470.5 1012.69
471 1017.96
471.5 1033.97
472 1029.77
472.5 1023.05
473 1027.07
473.5 1031.7
474 1023.72
474.5 1027.88
475 1028.33
475.5 1040.8
476 1044.46
476.5 1038.15
477 1029.84
477.5 1024.21
478 1013.17
478.5 1006.84
479 1010.42
479.5 1014.34
480 1011.67
480.5 1008.52
481 1012.69
481.5 1008.89
482 1009.47
482.5 1003.54
483 1006.2
483.5 1002.98
484 992.904
484.5 999.986
485 999.382
485.5 1002.84
486 1011.81
486.5 1009.98
487 1014.08
487.5 1019.43
488 1024.29
488.5 1034.45
489 1040.42
489.5 1047.45
490 1053.37
490.5 1043.67
491 1034.48
491.5 1042.33
492 1039.58
492.5 1053.05
493 1052.29
493.5 1043.17
494 1042.7
494.5 1046.56
495 1039.1
495.5 1044.33
496 1054.22
496.5 1071.59
497 1077.47
497.5 1079.91
498 1079.51
498.5 1088.71
499 1101.18
499.5 1104.68
