0 0
0.05 0
0.1 0
0.15 0
0.2 0
0.25 0
0.3 3.4
0.35 2.91429
0.4 2.55
0.45 2.26667
0.5 2.04
0.55 1.85455
0.6 1.7
0.65 1.56923
0.7 1.45714
0.75 1.36
0.8 1.275
0.85 1.2
0.9 1.13333
0.95 1.07368
1 1.02
1.05 0.971429
1.1 0.927273
1.15 0.898957
1.2 0.8615
1.25 0.82176
1.3 0.790154
1.35 0.765037
1.4 0.737714
1.45 0.712276
1.5 0.6912
1.55 0.668903
1.6 0.680125
1.65 0.727273
1.7 0.709294
1.75 0.745714
1.8 0.716
1.85 0.834162
1.9 0.812211
1.95 0.81241
2 0.9021
2.05 0.942537
2.1 0.920095
2.15 1.03293
2.2 1.00945
2.25 0.993867
2.3 0.98513
2.35 0.96417
2.4 0.947417
2.45 0.916327
2.5 0.91968
2.55 1.056
2.6 1.06162
2.65 1.07389
2.7 1.144
2.75 1.1328
2.8 1.13493
2.85 1.12449
2.9 1.15338
2.95 1.14685
3 1.12773
3.05 1.12787
3.1 1.14768
3.15 1.12863
3.2 1.15025
3.25 1.14806
3.3 1.26212
3.35 1.25875
3.4 1.26447
3.45 1.26957
3.5 1.26766
3.55 1.31628
3.6 1.41272
3.65 1.52197
3.7 1.56843
3.75 1.77541
3.8 1.76637
3.85 1.82358
3.9 1.85415
3.95 1.83068
4 1.83
4.05 1.94277
4.1 1.93659
4.15 1.9108
4.2 1.90933
4.25 2.07059
4.3 2.17791
4.35 2.15287
4.4 2.2595
4.45 2.33353
4.5 2.83716
4.55 2.81763
4.6 2.787
4.65 2.85338
4.7 2.83813
4.75 2.87785
4.8 2.936
4.85 2.90573
4.9 2.93061
4.95 3.00218
5 3.45284
5.05 3.51192
5.1 3.47749
5.15 3.44373
5.2 3.454
5.25 3.52899
5.3 3.75849
5.35 3.76015
5.4 3.84207
5.45 3.80683
5.5 3.80251
5.55 3.97276
5.6 3.94914
5.65 3.95005
5.7 3.96874
5.75 4.02508
5.8 4.01452
5.85 4.08168
5.9 4.05342
5.95 4.21785
6 4.21187
6.05 4.25243
6.1 4.32407
6.15 4.52114
6.2 4.48468
6.25 4.44685
6.3 4.53425
6.35 4.65906
6.4 4.74341
6.45 4.76664
6.5 4.81197
6.55 4.82882
6.6 4.91724
6.65 4.89131
6.7 4.87355
6.75 4.86175
6.8 5.02047
6.85 5.2242
6.9 5.23133
6.95 5.23177
7 5.41474
7.05 5.45884
7.1 5.4542
7.15 5.48836
7.2 5.49692
7.25 6.0992
7.3 6.05742
7.35 6.0612
7.4 6.06746
7.45 6.13058
7.5 6.27811
7.55 6.2591
7.6 6.22116
7.65 6.2098
7.7 6.19075
7.75 6.20903
7.8 6.35446
7.85 6.49399
7.9 6.54187
7.95 6.50518
8 6.4939
8.05 6.59041
8.1 6.68632
8.15 6.88101
8.2 6.97876
8.25 7.06485
8.3 7.08617
8.35 7.05363
8.4 7.01164
8.45 6.97015
8.5 6.99814
8.55 7.11366
8.6 7.26381
8.65 7.44194
8.7 7.54595
8.75 7.55769
8.8 7.55645
8.85 7.82273
8.9 7.99571
8.95 8.07618
9 8.07333
9.05 8.23876
9.1 8.22701
9.15 8.27183
9.2 8.26226
9.25 8.27548
9.3 8.25368
9.35 8.20954
9.4 8.37626
9.45 8.35185
9.5 8.40497
9.55 8.51677
9.6 8.49977
9.65 8.72176
9.7 8.9473
9.75 8.93342
9.8 9.04631
9.85 9.07338
9.9 9.08972
9.95 9.11053
10 9.118
10.05 9.08157
10.1 9.16998
10.15 9.33456
10.2 9.36871
10.25 9.40607
10.3 9.37235
10.35 9.32707
10.4 9.98662
10.45 9.93883
10.5 10.1155
10.55 10.1059
10.6 10.0582
10.65 10.2196
10.7 10.2816
10.75 10.2512
10.8 10.2722
10.85 10.3341
10.9 10.3439
10.95 10.2967
11 10.3327
11.05 10.3478
11.1 10.3193
11.15 10.343
11.2 10.3397
11.25 10.329
11.3 10.3432
11.35 10.4384
11.4 10.4702
11.45 10.5821
11.5 10.7423
11.55 10.9014
11.6 11.0915
11.65 11.1352
11.7 11.1252
11.75 11.1798
11.8 11.1644
11.85 11.181
11.9 11.1974
11.95 11.2218
12 11.1751
12.05 11.1694
12.1 11.1846
12.15 11.3258
12.2 11.4915
12.25 11.4446
12.3 11.4199
12.35 11.5389
12.4 11.5646
12.45 11.6317
12.5 11.7012
12.55 11.6546
12.6 11.6655
12.65 11.8189
12.7 11.9044
12.75 11.8933
12.8 11.9229
12.85 11.8977
12.9 11.9915
12.95 12.0068
13 12.0929
13.05 12.1721
13.1 12.1581
13.15 12.1598
13.2 12.4002
13.25 12.4532
13.3 12.474
13.35 12.4944
13.4 12.4909
13.45 12.4666
13.5 12.6114
13.55 12.7903
13.6 12.7432
13.65 12.7201
13.7 12.6737
13.75 12.7033
13.8 12.8
13.85 12.8629
13.9 12.8821
13.95 12.8534
14 13.0932
14.05 13.1192
14.1 13.2619
14.15 13.2374
14.2 13.431
14.25 13.6933
14.3 13.6454
14.35 13.6209
14.4 13.6615
14.45 13.7246
14.5 13.7318
14.55 13.6846
14.6 13.7127
14.65 13.7512
14.7 13.7784
14.75 13.8498
14.8 13.8489
14.85 13.8385
14.9 13.9721
14.95 14.2457
15 14.3079
15.05 14.4771
15.1 14.5166
15.15 14.5073
15.2 14.5869
15.25 14.5643
15.3 14.6273
15.35 14.7339
15.4 14.8468
15.45 14.7987
15.5 14.9636
15.55 15.0611
15.6 15.1448
15.65 15.17
15.7 15.1216
15.75 15.0736
15.8 15.2
15.85 15.4247
15.9 15.4588
15.95 15.4104
16 15.4175
16.05 15.5293
16.1 15.6
16.15 15.7021
16.2 15.6536
16.25 15.7579
16.3 15.9083
16.35 15.9853
16.4 15.9604
16.45 15.9543
16.5 15.9753
16.55 15.9726
16.6 16.0817
16.65 16.2039
16.7 16.1554
16.75 16.1072
16.8 16.1644
16.85 16.1379
16.9 16.1174
16.95 16.3407
17 16.3148
17.05 16.4774
17.1 16.5692
17.15 16.5209
17.2 16.6198
17.25 16.708
17.3 16.7595
17.35 16.8346
17.4 16.9388
17.45 17.0317
17.5 17.0025
17.55 17.0236
17.6 17.0116
17.65 17.0913
17.7 17.1643
17.75 17.1394
17.8 17.0913
17.85 17.3213
17.9 17.3071
17.95 17.2589
18 17.4192
18.05 17.3709
18.1 17.417
18.15 17.6482
18.2 17.6295
18.25 17.6066
18.3 17.598
18.35 17.8264
18.4 18.2391
18.45 18.2817
18.5 18.3503
18.55 18.3008
18.6 18.628
18.65 18.7662
18.7 18.7322
18.75 18.7766
18.8 18.7555
18.85 18.7387
18.9 18.8034
18.95 18.8792
19 18.9026
19.05 18.9237
19.1 19.0115
19.15 18.9978
19.2 19.0017
19.25 19.0481
19.3 19.017
19.35 19.0419
19.4 19.1889
19.45 19.1396
19.5 19.1477
19.55 19.1349
19.6 19.1829
19.65 19.2184
19.7 19.2248
19.75 19.2322
19.8 19.4285
19.85 19.3986
19.9 19.4059
19.95 19.4041
20 19.4232
20.05 19.4195
20.1 19.4617
20.15 19.5274
20.2 19.479
20.25 19.6074
20.3 19.656
20.35 19.7972
20.4 19.7922
20.45 19.8281
20.5 19.8357
20.55 20.0664
20.6 20.0943
20.65 20.0958
20.7 20.0906
20.75 20.0594
20.8 20.0112
20.85 20.0538
20.9 20.2188
20.95 20.3566
21 20.3637
21.05 20.3565
21.1 20.4736
21.15 20.4454
21.2 20.5151
21.25 20.4669
21.3 20.517
21.35 20.6728
21.4 20.895
21.45 20.8657
21.5 21.014
21.55 21.0073
21.6 21.1133
21.65 21.2083
21.7 21.3616
21.75 21.4053
21.8 21.4154
21.85 21.5082
21.9 21.4591
21.95 21.4286
22 21.3799
22.05 21.5159
22.1 21.563
22.15 21.599
22.2 21.6087
22.25 21.6171
22.3 21.7127
22.35 21.8155
22.4 21.8795
22.45 21.8824
22.5 21.9074
22.55 21.9601
22.6 22.1191
22.65 22.1973
22.7 22.2043
22.75 22.2974
22.8 22.3283
22.85 22.5178
22.9 22.5618
22.95 22.6035
23 22.7258
23.05 22.7522
23.1 22.8216
23.15 22.8883
23.2 22.8828
23.25 22.9732
23.3 22.9576
23.35 22.9523
23.4 22.9763
23.45 23.0438
23.5 23.0597
23.55 23.1424
23.6 23.2008
23.65 23.268
23.7 23.3009
23.75 23.2909
23.8 23.3594
23.85 23.3104
23.9 23.4297
23.95 23.5279
24 23.5764
24.05 23.6957
24.1 23.6465
24.15 23.7307
24.2 23.8423
24.25 23.8311
24.3 23.9647
24.35 24.0048
24.4 24.3713
24.45 24.4813
24.5 24.4314
24.55 24.4224
24.6 24.5483
24.65 24.6415
24.7 24.5917
24.75 24.8224
24.8 24.8356
24.85 24.908
24.9 24.9792
24.95 25.1257
25 25.108
25.05 25.111
25.1 25.1538
25.15 25.3021
25.2 25.5034
25.25 25.4983
25.3 25.587
25.35 25.5365
25.4 25.5355
25.45 25.6259
25.5 25.6731
25.55 25.8284
25.6 25.9879
25.65 25.9951
25.7 26.05
25.75 26.0683
25.8 26.0911
25.85 26.2216
25.9 26.4882
25.95 26.4984
26 26.4474
26.05 26.4328
26.1 26.5006
26.15 26.5897
26.2 26.6658
26.25 26.7512
26.3 26.935
26.35 26.9957
26.4 27.2536
26.45 27.426
26.5 27.5013
26.55 27.5603
26.6 27.5648
26.65 27.549
26.7 27.5916
26.75 27.7195
26.8 27.6678
26.85 27.6162
26.9 27.5848
26.95 27.5998
27 27.7852
27.05 27.9401
27.1 27.9589
27.15 28.199
27.2 28.1471
27.25 28.5151
27.3 28.6845
27.35 28.6725
27.4 28.6514
27.45 28.6215
27.5 28.8389
27.55 28.8181
27.6 28.8574
27.65 28.8052
27.7 28.7723
27.75 28.7539
27.8 29.1477
27.85 29.1391
27.9 29.2364
27.95 29.239
28 29.3247
28.05 29.7052
28.1 29.9915
28.15 30.0546
28.2 30.0575
28.25 30.0043
28.3 30.1479
28.35 30.1166
28.4 30.086
28.45 30.0984
28.5 30.1224
28.55 30.1158
28.6 30.3807
28.65 30.3448
28.7 30.3606
28.75 30.477
28.8 30.4535
28.85 30.5564
28.9 30.5474
28.95 30.6023
29 30.5945
29.05 30.6067
29.1 30.7232
29.15 30.6931
29.2 30.7629
29.25 30.824
29.3 30.7714
29.35 30.8641
29.4 31.0316
29.45 30.9789
29.5 31.0034
29.55 31.1043
29.6 31.1709
29.65 31.2514
29.7 31.2658
29.75 31.247
29.8 31.5377
29.85 31.5738
29.9 31.7009
29.95 31.648
30 31.6707
30.05 31.7225
30.1 31.6974
30.15 31.7034
30.2 31.6857
30.25 31.9192
30.3 31.8979
30.35 31.9462
30.4 32.0229
30.45 32.0371
30.5 32.2539
30.55 32.3267
30.6 32.3417
30.65 32.309
30.7 32.5318
30.75 32.5481
30.8 32.6588
30.85 32.6739
30.9 32.665
30.95 32.7621
31 32.9913
31.05 33.037
31.1 33.0593
31.15 33.0878
31.2 33.0848
31.25 33.1003
31.3 33.1711
31.35 33.134
31.4 33.3323
31.45 33.4021
31.5 33.5878
31.55 33.6146
31.6 33.5614
31.65 33.7024
31.7 33.6492
31.75 33.7239
31.8 33.7567
31.85 33.7848
31.9 33.7318
31.95 33.7785
32 34.0987
32.05 34.0684
32.1 34.1113
32.15 34.1415
32.2 34.1314
32.25 34.2117
32.3 34.29
32.35 34.3396
32.4 34.3201
32.45 34.2672
32.5 34.2145
32.55 34.3661
32.6 34.6388
32.65 34.7636
32.7 34.7105
32.75 34.8197
32.8 34.8813
32.85 35.0222
32.9 35.0814
32.95 35.0282
33 35.1287
33.05 35.1024
33.1 35.2989
33.15 35.3702
33.2 35.317
33.25 35.3295
33.3 35.3095
33.35 35.4369
33.4 35.4728
33.45 35.4871
33.5 35.4906
33.55 35.6626
33.6 35.9737
33.65 35.9831
33.7 36.0069
33.75 36.1853
33.8 36.351
33.85 36.4042
33.9 36.6601
33.95 36.6061
34 36.6247
34.05 36.5709
34.1 36.626
34.15 36.5723
34.2 36.7079
34.25 36.6543
34.3 36.7642
34.35 36.7383
34.4 36.6849
34.45 36.9617
34.5 36.9507
34.55 37.1092
34.6 37.2265
34.65 37.1727
34.7 37.4338
34.75 37.5335
34.8 37.58
34.85 37.6065
34.9 37.5526
34.95 37.5536
35 37.6136
35.05 37.5989
35.1 37.7253
35.15 37.6716
35.2 37.8705
35.25 37.8168
35.3 37.8394
35.35 38.1156
35.4 38.0618
35.45 38.3776
35.5 38.4757
35.55 38.5042
35.6 38.6641
35.65 38.6369
35.7 38.6433
35.75 38.7183
35.8 38.7022
35.85 38.6888
35.9 38.6722
35.95 38.6982
36 38.6975
36.05 38.748
36.1 38.8357
36.15 39.0218
36.2 38.9869
36.25 39.1108
36.3 39.2245
36.35 39.2891
36.4 39.2352
36.45 39.2248
36.5 39.2396
36.55 39.3614
36.6 39.3992
36.65 39.3455
36.7 39.5486
36.75 39.4948
36.8 39.6353
36.85 39.6239
36.9 39.7449
36.95 39.7489
37 39.8337
37.05 39.8444
37.1 39.8871
37.15 39.8334
37.2 39.8683
37.25 39.9749
37.3 40.0569
37.35 40.109
37.4 40.1349
37.45 40.1084
37.5 40.3674
37.55 40.4202
37.6 40.3875
37.65 40.3739
37.7 40.3472
37.75 40.427
37.8 40.6011
37.85 40.8007
37.9 40.8123
37.95 40.9422
38 40.9701
38.05 40.9163
38.1 41.1071
38.15 41.0532
38.2 41.1041
38.25 41.1299
38.3 41.245
38.35 41.2202
38.4 41.1665
38.45 41.4281
38.5 41.5055
38.55 41.7723
38.6 41.7839
38.65 41.7298
38.7 41.8156
38.75 42.0029
38.8 42.0874
38.85 42.1076
38.9 42.0534
38.95 42.0687
39 42.0514
39.05 42.1212
39.1 42.0674
39.15 42.0136
39.2 42.0462
39.25 42.0484
39.3 42.2372
39.35 42.301
39.4 42.2473
39.45 42.406
39.5 42.4719
39.55 42.4182
39.6 42.439
39.65 42.5515
39.7 42.6209
39.75 42.6332
39.8 42.611
39.85 42.7189
39.9 42.8213
39.95 42.7677
40 42.8131
40.05 42.8503
40.1 42.9951
40.15 43.0024
40.2 43.1248
40.25 43.1133
40.3 43.1177
40.35 43.236
40.4 43.2559
40.45 43.4371
40.5 43.493
40.55 43.4394
40.6 43.4698
40.65 43.4841
40.7 43.4865
40.75 43.5879
40.8 43.6058
40.85 43.5804
40.9 43.5271
40.95 43.4955
41 43.5362
41.05 43.7227
41.1 43.7438
41.15 43.7187
41.2 43.7692
41.25 43.9939
41.3 44.0051
41.35 44.0556
41.4 44.1638
41.45 44.1105
41.5 44.1214
41.55 44.1703
41.6 44.2774
41.65 44.4688
41.7 44.5956
41.75 44.6567
41.8 44.7319
41.85 44.6785
41.9 44.8451
41.95 44.9827
42 44.9674
42.05 44.9757
42.1 44.9561
42.15 45.052
42.2 44.9986
42.25 45.2673
42.3 45.2814
42.35 45.4365
42.4 45.509
42.45 45.5098
42.5 45.52
42.55 45.5292
42.6 45.6194
42.65 45.5995
42.7 45.6213
42.75 45.7907
42.8 46.0565
42.85 46.0439
42.9 46.0458
42.95 45.9922
43 46.0043
43.05 46.0131
43.1 45.9876
43.15 46.0588
43.2 46.1112
43.25 46.1257
43.3 46.2348
43.35 46.2536
43.4 46.3516
43.45 46.4813
43.5 46.4538
43.55 46.5453
43.6 46.7114
43.65 46.8803
43.7 46.9717
43.75 46.918
43.8 46.9835
43.85 47.0906
43.9 47.0369
43.95 47.1421
44 47.1901
44.05 47.1365
44.1 47.341
44.15 47.3561
44.2 47.3895
44.25 47.7095
44.3 47.6556
44.35 47.789
44.4 47.809
44.45 47.8706
44.5 47.8585
44.55 47.8048
44.6 47.9304
44.65 48.0963
44.7 48.21
44.75 48.1756
44.8 48.151
44.85 48.1481
44.9 48.1271
44.95 48.1053
45 48.2681
45.05 48.2689
45.1 48.2558
45.15 48.3926
45.2 48.4961
45.25 48.5038
45.3 48.5815
45.35 48.5279
45.4 48.4745
45.45 48.6079
45.5 48.6815
45.55 48.6918
45.6 48.6671
45.65 48.6407
45.7 48.779
45.75 48.7257
45.8 48.9395
45.85 48.998
45.9 48.9647
45.95 49.15
46 49.0966
46.05 49.1707
46.1 49.3445
46.15 49.353
46.2 49.5472
46.25 49.658
46.3 49.6351
46.35 49.7933
46.4 49.8023
46.45 49.7915
46.5 49.7966
46.55 49.8097
46.6 49.7563
46.65 49.754
46.7 49.732
46.75 49.6788
46.8 49.9842
46.85 49.9508
46.9 50.0667
46.95 50.0951
47 50.1396
47.05 50.2694
47.1 50.3104
47.15 50.4908
47.2 50.5635
47.25 50.9177
47.3 50.9735
47.35 50.9762
47.4 50.9556
47.45 51.0072
47.5 51.0168
47.55 51.0264
47.6 50.9957
47.65 51.0724
47.7 51.0384
47.75 51.1985
47.8 51.1802
47.85 51.1267
47.9 51.2845
47.95 51.3961
48 51.4272
48.05 51.4086
48.1 51.4508
48.15 51.6216
48.2 51.6189
48.25 51.6509
48.3 51.6464
48.35 51.593
48.4 51.6268
48.45 51.6425
48.5 51.6404
48.55 51.7204
48.6 51.7726
48.65 51.792
48.7 51.8805
48.75 51.9001
48.8 51.8671
48.85 51.814
48.9 51.9702
48.95 52.0164
49 52.1019
49.05 52.109
49.1 52.056
49.15 52.0347
49.2 52.0669
49.25 52.1832
49.3 52.343
49.35 52.3609
49.4 52.4467
49.45 52.4506
49.5 52.6783
49.55 52.6251
49.6 52.5919
49.65 52.825
49.7 52.8358
49.75 52.8518
49.8 52.9518
49.85 52.9583
49.9 52.9738
49.95 52.9898
