0 0
500000 12.8084
1000000 29.1573
1500000 52.297
2000000 71.2177
2500000 86.0013
3000000 102.393
3500000 117.968
4000000 124.41
4500000 133.517
5000000 143.333
5500000 155.028
6000000 165.484
6500000 173.721
7000000 177.347
7500000 190.37
8000000 197.567
8500000 198.126
9000000 202.517
9500000 202.198
10000000 202.003
10500000 202.435
11000000 203.362
11500000 203.899
12000000 204.082
12500000 204.082
13000000 203.34
13500000 201.336
14000000 198.31
14500000 197.975
15000000 197.975
15500000 197.613
16000000 194.971
16500000 194.971
17000000 194.971
17500000 196.079
18000000 196.756
18500000 196.756
19000000 196.756
19500000 196.756
20000000 196.756
20500000 196.756
21000000 196.756
21500000 196.756
22000000 196.756
22500000 192.609
23000000 191.001
23500000 190.238
24000000 189.458
24500000 189.423
25000000 189.423
25500000 189.423
26000000 189.423
26500000 189.423
27000000 189.423
27500000 189.423
28000000 188.732
28500000 185.513
29000000 184.568
29500000 184.612
30000000 190.607
30500000 192.192
31000000 194.691
31500000 197.089
32000000 200.764
32500000 200.764
33000000 200.764
33500000 200.764
34000000 200.764
34500000 200.617
35000000 200.617
35500000 200.617
36000000 200.617
36500000 200.617
37000000 200.617
37500000 200.617
38000000 200.184
38500000 200.103
39000000 200.103
39500000 199.111
40000000 197.267
40500000 194.879
41000000 193.768
41500000 192.672
42000000 192.324
42500000 192.505
43000000 193.7
43500000 193.191
44000000 191.354
44500000 189.257
45000000 188.382
45500000 187.903
46000000 188.617
46500000 188.617
47000000 188.086
47500000 186.487
48000000 186.487
48500000 186.487
49000000 186.487
49500000 186.487
50000000 186.487
50500000 186.487
51000000 188.094
51500000 190.379
52000000 194.131
52500000 196.088
53000000 198.225
53500000 198.225
54000000 198.225
54500000 198.225
55000000 195.957
55500000 195.375
56000000 195.775
56500000 197.127
57000000 201.231
57500000 202.121
58000000 205.931
58500000 207.679
59000000 207.679
59500000 207.679
60000000 207.182
60500000 206.819
61000000 206.806
61500000 206.806
62000000 206.806
62500000 206.806
63000000 203.702
63500000 199.69
64000000 198.809
64500000 198.792
65000000 198.792
65500000 198.792
66000000 198.792
66500000 198.792
67000000 198.792
67500000 198.718
68000000 196.13
68500000 194.355
69000000 193.221
69500000 191.974
70000000 190.497
70500000 189.366
71000000 188.95
71500000 189.118
72000000 189.719
72500000 190.285
73000000 189.47
73500000 187.923
74000000 186.53
74500000 185.736
75000000 184.136
75500000 183.214
76000000 182.652
76500000 183.055
77000000 184.891
77500000 188.452
78000000 192.063
78500000 195.404
79000000 197.688
79500000 199.527
80000000 204.122
80500000 208.084
81000000 212.745
81500000 217.077
82000000 223.43
82500000 227.272
83000000 229.882
83500000 235.365
84000000 239.554
84500000 245.035
85000000 250.665
85500000 259.928
86000000 267.736
86500000 271.354
87000000 274.682
87500000 278.787
88000000 286.988
88500000 293.805
89000000 296.161
89500000 299.582
90000000 300.032
90500000 300.032
91000000 298.073
91500000 295.523
92000000 294.185
92500000 293.348
93000000 291.745
93500000 290.577
94000000 289.707
94500000 288.801
95000000 287.882
95500000 287.689
96000000 287.621
96500000 285.851
97000000 283.642
97500000 280.809
98000000 277.029
98500000 274.153
99000000 271.954
99500000 273.067
100000000 273.465
100500000 273.415
101000000 273.905
101500000 272.041
102000000 270.585
102500000 270.008
103000000 270.109
103500000 270.109
104000000 270.109
104500000 270.138
105000000 270.428
105500000 270.469
106000000 269.452
106500000 265.355
107000000 263.282
107500000 262.179
108000000 261.067
108500000 260.5
109000000 260.548
109500000 260.484
110000000 259.887
110500000 259.322
111000000 258.992
111500000 258.811
112000000 258.671
112500000 258.216
113000000 254.462
113500000 252.351
114000000 250.978
114500000 247.673
115000000 244.618
115500000 242.685
116000000 240.631
116500000 239.351
117000000 238.402
117500000 236.987
118000000 235.998
118500000 232.874
119000000 230.674
119500000 229.715
120000000 229.1
120500000 228.973
121000000 229.372
121500000 230.187
122000000 230.459
122500000 230.6
123000000 230.915
123500000 232.647
124000000 234.29
124500000 235.628
125000000 236.501
125500000 234.673
126000000 233.299
126500000 231.728
127000000 230.534
127500000 229.599
128000000 228.552
128500000 227.425
129000000 224.814
129500000 223.179
130000000 222.679
130500000 222.851
131000000 222.155
131500000 221.371
132000000 221.022
132500000 220.568
133000000 220.537
133500000 220.561
134000000 220.829
134500000 221.491
135000000 221.894
135500000 223.25
136000000 224.271
136500000 225.063
137000000 225.929
137500000 226.588
138000000 227.797
138500000 229.019
139000000 228.701
139500000 226.628
140000000 229.014
140500000 232.215
141000000 234.048
141500000 234.346
142000000 236.433
142500000 237.706
143000000 240.987
143500000 242.832
144000000 244.332
144500000 245.555
145000000 245.997
145500000 245.962
146000000 245.962
146500000 245.962
147000000 245.962
147500000 245.962
148000000 245.962
148500000 245.962
149000000 245.962
149500000 245.962
150000000 245.962
150500000 245.567
151000000 245.161
151500000 244.768
152000000 244.768
152500000 244.768
153000000 244.768
153500000 244.399
154000000 243.937
154500000 243.937
155000000 243.937
155500000 243.937
156000000 243.937
156500000 243.937
157000000 243.937
157500000 243.937
158000000 243.937
158500000 243.937
159000000 243.937
159500000 243.937
160000000 243.937
160500000 243.937
161000000 243.937
161500000 243.937
162000000 243.937
162500000 243.937
163000000 243.857
163500000 243.184
164000000 242.542
164500000 242.125
165000000 242.125
165500000 242.125
166000000 242.125
166500000 242.125
167000000 242.125
167500000 242.025
168000000 241.48
168500000 242.649
169000000 243.978
169500000 245.055
170000000 246.653
170500000 247.131
171000000 246.974
171500000 246.622
172000000 247.718
172500000 248.576
173000000 249.68
173500000 250.624
174000000 251.465
174500000 253.395
175000000 255.845
175500000 256.56
176000000 256.643
176500000 256.05
177000000 255.963
177500000 256.248
178000000 256.74
178500000 257.194
179000000 257.499
179500000 258.963
180000000 260.358
180500000 262.119
181000000 263.643
181500000 263.862
182000000 264.142
182500000 264.329
183000000 264.65
183500000 264.837
184000000 265.414
184500000 266.21
185000000 266.806
185500000 267.311
186000000 265.674
186500000 261.544
187000000 257.899
187500000 254.056
188000000 250.986
188500000 248.485
189000000 247.43
189500000 247.032
190000000 246.862
190500000 247.154
191000000 250.039
191500000 250.872
192000000 252.611
192500000 254.699
193000000 256.803
193500000 257.997
194000000 260.168
194500000 260.194
195000000 261.273
195500000 260.479
196000000 260.489
196500000 262.57
197000000 263.679
197500000 265.81
198000000 267.468
198500000 269.137
199000000 271.093
199500000 273.402
200000000 276.302
200500000 277.979
201000000 280.445
201500000 280.623
202000000 278.736
202500000 275.787
203000000 273.519
203500000 272.636
204000000 271.987
204500000 271.784
205000000 272.736
205500000 275.362
206000000 277.62
206500000 279.393
207000000 282.17
207500000 285.986
208000000 289.261
208500000 291.791
209000000 293.773
209500000 297.485
210000000 298.703
210500000 299.773
211000000 301.548
211500000 303.936
212000000 307.758
212500000 311.255
213000000 314.14
213500000 316.742
214000000 316.644
214500000 315.912
215000000 316.893
215500000 315.682
216000000 317.901
216500000 320.416
217000000 321.839
217500000 321.203
218000000 320.862
218500000 320.836
219000000 321.016
219500000 321.188
220000000 322.018
220500000 322.524
221000000 324.242
221500000 325.02
222000000 325.231
222500000 325.211
223000000 325.231
223500000 325.32
224000000 325.238
224500000 325.198
225000000 324.962
225500000 325.38
226000000 324.861
226500000 324.166
227000000 322.096
227500000 320.959
228000000 319.471
228500000 318.515
229000000 317.933
229500000 317.388
230000000 316.583
230500000 315.483
231000000 315.084
231500000 315.557
232000000 315.68
232500000 316.753
233000000 316.515
233500000 317.212
234000000 318.033
234500000 320.073
235000000 320.736
235500000 322.25
236000000 323.59
236500000 324.108
237000000 324.351
237500000 324.462
238000000 324.206
238500000 324.174
239000000 324.203
239500000 324.631
240000000 325.193
240500000 325.85
241000000 327.017
241500000 328.477
242000000 328.775
242500000 328.775
243000000 328.775
243500000 328.775
244000000 328.775
244500000 328.775
245000000 328.775
245500000 328.775
246000000 328.775
246500000 328.775
247000000 328.775
247500000 328.775
248000000 328.775
248500000 328.775
249000000 328.775
249500000 329.805
250000000 331.089
250500000 331.128
251000000 331.128
251500000 331.535
252000000 332.743
252500000 334.246
253000000 335.201
253500000 336.815
254000000 338.277
254500000 339.145
255000000 339.851
255500000 340.573
256000000 342.059
256500000 344.166
257000000 346.925
257500000 349.272
258000000 350.547
258500000 354.955
259000000 356.172
259500000 356.172
260000000 356.172
260500000 356.172
261000000 356.172
261500000 356.172
262000000 356.172
262500000 356.172
263000000 356.172
263500000 356.172
264000000 355.419
264500000 354.386
265000000 353.669
265500000 353.081
266000000 352.294
266500000 351.859
267000000 351.327
267500000 351.014
268000000 350.621
268500000 350.509
269000000 350.509
269500000 350.509
270000000 349.087
270500000 346.27
271000000 343.256
271500000 341.017
272000000 338.785
272500000 336.719
273000000 334.002
273500000 332.45
274000000 331.684
274500000 330.106
275000000 328.722
275500000 328.232
276000000 327.257
276500000 327.195
277000000 326.752
277500000 326.633
278000000 326.422
278500000 326.34
279000000 326.295
279500000 326.317
280000000 325.164
280500000 324.151
281000000 322.936
281500000 322.596
282000000 322.515
282500000 321.832
283000000 321.543
283500000 320.039
284000000 318.922
284500000 318.091
285000000 317.35
285500000 316.31
286000000 314.677
286500000 314.271
287000000 314.02
287500000 313.862
288000000 314.669
288500000 315.242
289000000 316.311
289500000 316.832
290000000 318.489
290500000 319.464
291000000 320.569
291500000 321.598
292000000 322.68
292500000 323.936
293000000 324.879
293500000 325.554
294000000 325.554
294500000 325.554
295000000 325.554
295500000 325.554
296000000 325.554
296500000 325.554
297000000 325.554
297500000 325.554
298000000 326.319
298500000 327.806
299000000 329.528
299500000 330.679
300000000 332.574
300500000 332.704
301000000 332.555
301500000 332.482
302000000 332.118
302500000 331.372
303000000 330.995
303500000 330.602
304000000 330.138
304500000 329.574
305000000 328.666
305500000 326.892
306000000 325.115
306500000 324.311
307000000 323.926
307500000 323.307
308000000 322.896
308500000 322.478
309000000 322.241
309500000 322.042
310000000 321.928
310500000 321.867
311000000 321.771
311500000 319.592
312000000 318.665
312500000 317.422
313000000 315.618
313500000 314.846
314000000 313.813
314500000 313.519
315000000 313.598
315500000 314.443
316000000 315.218
316500000 316.33
317000000 318.472
317500000 320.242
318000000 322.653
318500000 324.902
319000000 326.031
319500000 325.674
320000000 325.673
320500000 325.652
321000000 325.322
321500000 325.629
322000000 325.837
322500000 325.837
323000000 325.837
323500000 325.837
324000000 325.837
324500000 325.942
325000000 326.454
325500000 326.999
326000000 326.915
326500000 327.071
327000000 327.066
327500000 327.785
328000000 327.648
328500000 328.187
329000000 328.953
329500000 329.998
330000000 331.893
330500000 331.984
331000000 330.188
331500000 329.539
332000000 330.121
332500000 331.85
333000000 333.439
333500000 335.243
334000000 337.279
334500000 339.391
335000000 341.458
335500000 343.39
336000000 345.385
336500000 347.48
337000000 349.556
337500000 351.362
338000000 353.553
338500000 355.445
339000000 357.521
339500000 359.717
340000000 361.057
340500000 362.263
341000000 362.263
341500000 362.263
342000000 362.263
342500000 362.263
343000000 362.263
343500000 362.075
344000000 361.86
344500000 361.663
345000000 361.477
345500000 361.415
346000000 361.514
346500000 362.786
347000000 364.075
347500000 364.846
348000000 365.864
348500000 367.612
349000000 368.858
349500000 370.014
350000000 371.402
350500000 372.228
351000000 373.737
351500000 375.892
352000000 376.783
352500000 376.959
353000000 377.253
353500000 377.253
354000000 377.253
354500000 377.253
355000000 377.253
355500000 377.253
356000000 377.253
356500000 377.709
357000000 378.485
357500000 379.396
358000000 380.695
358500000 381.542
359000000 382.365
359500000 383.293
360000000 384.016
360500000 385.347
361000000 386.557
361500000 387.983
362000000 389.35
362500000 391.442
363000000 392.12
363500000 393.156
364000000 394.897
364500000 396.492
365000000 398.1
365500000 398.55
366000000 399.896
366500000 402.065
367000000 403.902
367500000 405.715
368000000 408.421
368500000 410.27
369000000 410.309
369500000 409.926
370000000 409.951
370500000 409.032
371000000 408.946
371500000 408.946
372000000 408.509
372500000 408.509
373000000 408.509
373500000 408.509
374000000 407.797
374500000 406.275
375000000 405.515
375500000 403.706
376000000 402.838
376500000 400.42
377000000 399.577
377500000 399.577
378000000 399.577
378500000 399.577
379000000 399.577
379500000 399.577
380000000 399.577
380500000 399.577
381000000 399.577
381500000 399.577
382000000 399.577
382500000 399.577
383000000 399.367
383500000 397.77
384000000 396.361
384500000 396.94
385000000 397.724
385500000 397.724
386000000 397.599
386500000 396.578
387000000 395.348
387500000 394.981
388000000 395.457
388500000 396.344
389000000 396.437
389500000 396.452
390000000 394.216
390500000 392.283
391000000 391.233
391500000 389.142
392000000 388.752
392500000 388.752
393000000 388.064
393500000 385.513
394000000 384.11
394500000 382.677
395000000 380.68
395500000 379.384
396000000 378.044
396500000 376.978
397000000 375.993
397500000 374.891
398000000 374.323
398500000 373.969
399000000 373.969
399500000 373.969
400000000 373.969
400500000 374.104
401000000 374.872
401500000 375.439
402000000 375.603
402500000 375.018
403000000 374.81
403500000 374.81
404000000 374.81
404500000 374.81
405000000 374.81
405500000 374.81
406000000 374.81
406500000 374.81
407000000 374.81
407500000 374.81
408000000 374.81
408500000 374.81
409000000 374.81
409500000 374.81
410000000 375.232
410500000 378.691
411000000 381.447
411500000 381.577
412000000 381.577
412500000 381.577
413000000 381.577
413500000 381.577
414000000 381.577
414500000 380.664
415000000 377.627
415500000 374.086
416000000 370.749
416500000 368.003
417000000 366.024
417500000 364.049
418000000 362.422
418500000 359.888
419000000 359.369
419500000 358.785
420000000 359.43
420500000 360.65
421000000 363.24
421500000 365.015
422000000 367.54
422500000 370.039
423000000 372.681
423500000 372.681
424000000 372.681
424500000 372.681
425000000 372.681
425500000 371.915
426000000 370.73
426500000 369.649
427000000 369.649
427500000 369.649
428000000 369.649
428500000 369.649
429000000 369.649
429500000 369.649
430000000 369.335
430500000 368.509
431000000 367.523
431500000 366.094
432000000 364.088
432500000 363.251
433000000 362.421
433500000 361.791
434000000 361.36
434500000 360.126
435000000 359.619
435500000 359.577
436000000 359.193
436500000 358.463
437000000 358.35
437500000 358.48
438000000 358.437
438500000 358.52
439000000 358.543
439500000 358.561
440000000 358.744
440500000 359.066
441000000 358.861
441500000 357.634
442000000 357.723
442500000 357.36
443000000 357.571
443500000 356.853
444000000 357.217
444500000 357.945
445000000 357.943
445500000 357.304
446000000 357.304
446500000 357.304
447000000 357.304
447500000 357.304
448000000 357.304
448500000 357.333
449000000 357.523
449500000 357.581
450000000 357.733
450500000 357.935
451000000 358.376
451500000 358.722
452000000 359.309
452500000 359.888
453000000 359.939
453500000 359.939
454000000 359.939
454500000 359.939
455000000 359.939
455500000 359.939
456000000 359.939
456500000 359.939
457000000 359.939
457500000 359.939
458000000 359.939
458500000 359.939
459000000 359.939
459500000 359.939
460000000 359.939
460500000 360.242
461000000 360.91
461500000 362.391
462000000 364.36
462500000 365.521
463000000 367.797
463500000 370.884
464000000 374.343
464500000 378.829
465000000 379.998
465500000 379.82
466000000 379.82
466500000 380.098
467000000 381.524
467500000 382.707
468000000 383.404
468500000 383.404
469000000 383.404
469500000 383.404
470000000 383.404
470500000 383.277
471000000 383.166
471500000 382.773
472000000 382.285
472500000 381.385
473000000 380.448
473500000 378.989
474000000 378.315
474500000 377.925
475000000 377.403
475500000 377.403
476000000 377.403
476500000 377.403
477000000 377.403
477500000 377.403
478000000 377.403
478500000 377.403
479000000 377.403
479500000 377.403
480000000 377.403
480500000 377.403
481000000 377.403
481500000 377.403
482000000 377.403
482500000 377.403
483000000 377.206
483500000 377.206
484000000 376.949
484500000 376.014
485000000 375.101
485500000 374.651
486000000 373.888
486500000 373.068
487000000 372.51
487500000 371.676
488000000 370.75
488500000 370.41
489000000 370.102
489500000 371.193
490000000 372.968
490500000 377.767
491000000 379.602
491500000 381.307
492000000 385.418
492500000 388.475
493000000 390.654
493500000 392.359
494000000 392.245
494500000 391.72
495000000 390.919
495500000 390.531
496000000 390.531
496500000 390.531
497000000 390.531
497500000 390.531
498000000 390.531
498500000 390.531
499000000 390.531
499500000 390.531
