0 0
0.5 2.37959
1 1.92501
1.5 4.19997
2 11.8352
2.5 19.3979
3 18.6423
3.5 21.9896
4 24.3417
4.5 20.0708
5 22.8469
5.5 24.2245
6 31.2849
6.5 37.4218
7 32.8336
7.5 38.2158
8 36.2918
8.5 35.0836
9 33.236
9.5 35.7045
10 35.4837
10.5 35.466
11 34.6194
11.5 37.5511
12 37.5565
12.5 38.5971
13 40.9142
13.5 42.4495
14 47.0342
14.5 46.1356
15 46.4052
15.5 44.758
16 42.6821
16.5 39.0351
17 36.1832
17.5 33.8789
18 34.337
18.5 31.9089
19 30.9394
19.5 32.2344
20 32.3507
20.5 31.3442
21 33.9491
21.5 34.8297
22 34.9362
22.5 35.3088
23 33.5622
23.5 33.3171
24 32.1128
24.5 31.5376
25 28.7273
25.5 27.9564
26 28.516
26.5 29.4023
27 32.3832
27.5 33.2797
28 34.1126
28.5 34.86
29 35.8951
29.5 35.6356
30 35.8168
30.5 36.5949
31 36.8041
31.5 35.4208
32 34.5052
32.5 35.2803
33 35.735
33.5 36.6314
34 35.7645
34.5 36.2908
35 37.0547
35.5 37.6259
36 36.5025
36.5 37.9173
37 38.5435
37.5 38.0092
38 39.2439
38.5 42.6204
39 44.619
39.5 45.3189
40 46.9013
40.5 47.4705
41 46.7043
41.5 47.1099
42 46.737
42.5 46.0039
43 44.3393
43.5 42.5165
44 42.8981
44.5 42.4216
45 43.1455
45.5 44.2187
46 44.2259
46.5 43.3479
47 41.8162
47.5 41.3526
48 41.0623
48.5 40.3836
49 40.3695
49.5 40.1392
50 40.0092
50.5 41.4816
51 42.1815
51.5 42.2548
52 42.9862
52.5 43.2206
53 42.1021
53.5 42.6694
54 43.1446
54.5 43.8119
55 42.8893
55.5 43.4746
56 43.5571
56.5 41.1993
57 41.716
57.5 41.7345
58 40.5715
58.5 41.1375
59 41.1446
59.5 41.4322
60 41.4005
60.5 40.8076
61 39.7065
61.5 38.8278
62 38.5324
62.5 39.4408
63 40.53
63.5 40.3279
64 40.2609
64.5 38.4667
65 37.8448
65.5 38.1965
66 36.85
66.5 36.6578
67 36.2823
67.5 34.9599
68 35.1248
68.5 35.3417
69 34.6012
69.5 35.3974
70 34.6863
70.5 35.1957
71 34.8972
71.5 35.3008
72 35.3907
72.5 35.8994
73 35.3999
73.5 36.2423
74 36.4747
74.5 36.2612
75 34.5974
75.5 32.9196
76 33.553
76.5 33.9136
77 34.0097
77.5 33.6915
78 33.1287
78.5 32.0982
79 32.6268
79.5 33.7708
80 34.4372
80.5 35.1993
81 35.1894
81.5 35.56
82 35.6596
82.5 35.2849
83 34.7651
83.5 34.3097
84 35.4721
84.5 34.6611
85 33.3991
85.5 32.7469
86 32.9828
86.5 32.3734
87 31.7282
87.5 31.3117
88 31.3781
88.5 31.1534
89 30.9123
89.5 30.6926
90 29.5913
90.5 28.9078
91 28.5604
91.5 28.8379
92 29.5239
92.5 29.8474
93 28.9097
93.5 27.6605
94 27.837
94.5 27.3493
95 27.9773
95.5 28.1338
96 27.4071
96.5 27.1612
97 27.2036
97.5 28.0659
98 27.8454
98.5 27.9337
99 27.9842
99.5 28.6371
100 30.0038
100.5 30.4985
101 30.9049
101.5 31.5224
102 31.5924
102.5 31.7602
103 32.064
103.5 31.8239
104 31.348
104.5 31.0079
105 30.7236
105.5 30.532
106 30.359
106.5 30.1515
107 30.0084
107.5 30.3843
108 29.6688
108.5 30.2184
109 29.9352
109.5 29.6683
110 29.7577
110.5 30.5619
111 31.139
111.5 31.3672
112 31.0429
112.5 30.8871
113 31.1072
113.5 30.6054
114 30.3924
114.5 30.3238
115 30.963
115.5 31.5067
116 31.5687
116.5 31.3911
117 31.8218
117.5 31.9021
118 32.4317
118.5 33.4729
119 33.5314
119.5 34.0179
120 33.8451
120.5 34.3508
121 35.3346
121.5 35.1284
122 35.2945
122.5 35.1743
123 34.8919
123.5 35.3282
124 35.3681
124.5 36.1006
125 36.4628
125.5 35.9015
126 36.8296
126.5 36.1143
127 35.8243
127.5 35.5633
128 35.6937
128.5 34.8756
129 34.6262
129.5 35.0757
130 35.2201
130.5 35.3432
131 36.4074
131.5 36.061
132 36.3146
132.5 36.7625
133 37.576
133.5 37.1233
134 37.6651
134.5 38.1271
135 38.6187
135.5 38.695
136 38.9739
136.5 38.3374
137 38.3438
137.5 37.0539
138 37.4541
138.5 37.1084
139 36.7765
139.5 36.0863
140 35.0525
140.5 35.412
141 35.4068
141.5 35.161
142 35.4517
142.5 34.887
143 34.997
143.5 35.2075
144 35.3403
144.5 35.3769
145 35.7714
145.5 36.0597
146 35.6836
146.5 35.9987
147 35.8934
147.5 35.2319
148 35.3066
148.5 35.0689
149 35.1828
149.5 33.9945
150 33.8101
150.5 33.8594
151 34.5789
151.5 35.0568
152 35.2136
152.5 35.1712
153 34.6261
153.5 35.0462
154 34.6323
154.5 33.697
155 33.3822
155.5 33.1573
156 32.8884
156.5 33.149
157 32.3884
157.5 33.1006
158 32.9022
158.5 32.7568
159 32.3199
159.5 31.9168
160 31.0018
160.5 30.4142
161 30.0635
161.5 30.5288
162 30.545
162.5 30.1953
163 30.3674
163.5 30.3505
164 30.6112
164.5 30.8568
165 31.375
165.5 31.4235
166 30.41
166.5 30.3377
167 30.2847
167.5 29.5
168 29.4112
168.5 28.6962
169 28.8183
169.5 28.7202
170 29.0376
170.5 29.3169
171 29.8921
171.5 29.8815
172 30.4365
172.5 30.2046
173 30.747
173.5 29.7306
174 29.8037
174.5 29.4088
175 29.6282
175.5 29.4882
176 29.6001
176.5 29.8864
177 30.3647
177.5 30.915
178 31.2477
178.5 31.4178
179 30.8637
179.5 31.0759
180 31.3715
180.5 31.5695
181 31.5528
181.5 31.3479
182 31.9307
182.5 32.0797
183 32.4203
183.5 32.1961
184 32.2214
184.5 32.5897
185 32.7242
185.5 32.4056
186 32.4495
186.5 32.8073
187 32.0459
187.5 31.5559
188 31.458
188.5 31.6814
189 31.506
189.5 31.254
190 31.2439
190.5 30.9779
191 31.0309
191.5 30.441
192 30.5085
192.5 30.4612
193 29.9377
193.5 29.8578
194 30.3272
194.5 29.8369
195 29.841
195.5 30.8498
196 31.3947
196.5 32.3829
197 32.9755
197.5 33.0535
198 33.1658
198.5 32.6628
199 32.5743
199.5 33.6508
200 33.4613
200.5 33.6237
201 33.8157
201.5 33.7046
202 34.3134
202.5 34.3558
203 33.6465
203.5 33.3069
204 32.587
204.5 32.357
205 31.6504
205.5 31.5881
206 31.4315
206.5 32.1742
207 32.5932
207.5 33.1558
208 33.4629
208.5 33.8447
209 33.4966
209.5 33.4301
210 33.3091
210.5 33.1819
211 33.907
211.5 34.0489
212 33.8269
212.5 34.0711
213 33.7717
213.5 33.3436
214 33.2408
214.5 32.6978
215 32.5343
215.5 32.6118
216 32.8058
216.5 32.8575
217 32.6686
217.5 32.7701
218 32.3091
218.5 32.7913
219 32.8174
219.5 32.5787
220 32.2849
220.5 32.442
221 32.5265
221.5 32.4222
222 32.3665
222.5 31.8551
223 31.4056
223.5 31.2105
224 30.7841
224.5 30.9478
225 30.9288
225.5 31.2326
226 30.7964
226.5 31.0144
227 31.2109
227.5 31.1595
228 31.5375
228.5 31.4964
229 31.043
229.5 30.8376
230 30.6793
230.5 31.6715
231 31.2102
231.5 31.1633
232 31.024
232.5 31.3428
233 31.2559
233.5 31.6947
234 31.8363
234.5 32.3022
235 32.4111
235.5 32.5669
236 32.1933
236.5 32.5105
237 32.4338
237.5 32.6564
238 32.1507
238.5 32.0235
239 32.4992
239.5 32.7674
240 32.6254
240.5 32.7999
241 32.4416
241.5 32.5062
242 32.3415
242.5 32.1702
243 32.0853
243.5 32.0983
244 31.5653
244.5 31.5787
245 31.2324
245.5 31.1252
246 31.2492
246.5 30.9463
247 30.8681
247.5 30.1762
248 30.1301
248.5 29.9122
249 30.2753
249.5 30.191
250 29.6329
250.5 29.1423
251 28.8361
251.5 28.2634
252 28.1194
252.5 28.2061
253 28.2658
253.5 28.2012
254 28.0883
254.5 27.8739
255 28.0424
255.5 28.2844
256 28.0206
256.5 27.9442
257 27.541
257.5 27.3322
258 27.4276
258.5 26.9278
259 26.0875
259.5 25.8996
260 25.8473
260.5 26.3973
261 25.8626
261.5 25.6736
262 26.2159
262.5 26.0163
263 26.1371
263.5 26.0019
264 25.7421
264.5 25.8613
265 26.0105
265.5 26.1785
266 26.4921
266.5 25.8534
267 25.9309
267.5 26.3416
268 26.8272
268.5 26.9968
269 26.4423
269.5 26.7887
270 26.7762
270.5 26.9017
271 27.4742
271.5 28.3302
272 28.4311
272.5 28.5425
273 28.4298
273.5 29.1095
274 29.5487
274.5 29.8444
275 30.0233
275.5 30.6401
276 31.0538
276.5 30.6114
277 30.2232
277.5 30.4418
278 29.75
278.5 29.6286
279 29.7995
279.5 30.0198
280 29.7316
280.5 29.6909
281 29.7403
281.5 29.7179
282 29.8052
282.5 30.0106
283 29.9898
283.5 30.3507
284 30.8779
284.5 31.1921
285 30.9636
285.5 30.8542
286 30.7828
286.5 31.1517
287 31.3711
287.5 31.1033
288 30.9896
288.5 31.1654
289 30.7319
289.5 30.4533
290 30.3205
290.5 30.0612
291 30.174
291.5 29.9778
292 30.0755
292.5 30.0885
293 30.0349
293.5 29.9123
294 29.8401
294.5 30.0898
295 30.3343
295.5 30.3939
296 29.7121
296.5 29.4439
297 29.6099
297.5 30.0258
298 30.5715
298.5 30.3653
299 30.6574
299.5 30.5649
300 30.0358
300.5 30.0841
301 30.232
301.5 30.3704
302 30.3455
302.5 30.159
303 30.4222
303.5 30.9315
304 30.4394
304.5 30.2298
305 30.5659
305.5 30.7434
306 30.5095
306.5 30.4454
307 30.7175
307.5 30.6545
308 30.011
308.5 30.1496
309 29.6835
309.5 29.2517
310 29.3336
310.5 29.5268
311 29.6028
311.5 29.6475
312 29.5026
312.5 28.9336
313 28.5263
313.5 28.6848
314 29.007
314.5 28.6252
315 28.7632
315.5 28.9114
316 28.959
316.5 28.7747
317 28.6186
317.5 28.4546
318 28.2254
318.5 28.4437
319 28.2253
319.5 28.1974
320 28.5717
320.5 28.6337
321 28.7953
321.5 28.9996
322 28.94
322.5 29.1628
323 29.6555
323.5 29.358
324 29.4105
324.5 29.4335
325 29.5809
325.5 29.3472
326 28.7982
326.5 28.7931
327 28.9016
327.5 28.8985
328 29.0464
328.5 29.3393
329 29.1909
329.5 29.2231
330 29.0182
330.5 28.5663
331 29.0114
331.5 28.1919
332 28.5584
332.5 28.7553
333 28.6942
333.5 28.459
334 28.6486
334.5 28.9549
335 29.021
335.5 28.4022
336 28.0735
336.5 27.8432
337 27.4072
337.5 27.2858
338 27.358
338.5 27.3375
339 27.6225
339.5 27.9327
340 28.0141
340.5 28.5459
341 29.1224
341.5 28.9684
342 29.2409
342.5 28.8449
343 28.7204
343.5 28.5287
344 28.6688
344.5 29.1861
345 29.2291
345.5 28.7416
346 28.6414
346.5 28.6721
347 28.9613
347.5 28.9604
348 29.1395
348.5 29.7282
349 29.3026
349.5 29.2134
350 29.559
350.5 29.5028
351 29.8279
351.5 29.5245
352 29.3919
352.5 29.0035
353 28.8456
353.5 28.9182
354 28.3504
354.5 28.068
355 27.7086
355.5 28.1479
356 28.3191
356.5 28.0867
357 28.3422
357.5 27.5423
358 27.4816
358.5 27.3614
359 27.223
359.5 27.2355
360 27.039
360.5 26.9251
361 26.6688
361.5 26.6022
362 26.4093
362.5 26.1608
363 26.3936
363.5 26.5526
364 25.999
364.5 26.431
365 26.4931
365.5 26.9276
366 27.4902
366.5 27.6341
367 27.535
367.5 27.3524
368 27.4467
368.5 27.9988
369 28.2045
369.5 27.6742
370 27.7439
370.5 27.4086
371 27.3822
371.5 27.6234
372 27.7337
372.5 27.4211
373 27.3327
373.5 27.7022
374 28.0648
374.5 28.0471
375 28.3684
375.5 28.158
376 28.5506
376.5 28.7833
377 28.6234
377.5 28.3059
378 28.1643
378.5 28.1448
379 28.3513
379.5 28.6993
380 28.5797
380.5 28.846
381 28.8182
381.5 28.635
382 28.6103
382.5 28.8821
383 28.8515
383.5 29.1187
384 29.1504
384.5 29.4501
385 29.8506
385.5 29.9369
386 29.9975
386.5 29.788
387 29.5156
387.5 29.5964
388 29.9324
388.5 29.8307
389 29.3621
389.5 29.6923
390 29.6821
390.5 29.9914
391 29.9154
391.5 30.0871
392 30.2166
392.5 29.762
393 29.2506
393.5 29.6009
394 29.7626
394.5 29.7938
395 29.5237
395.5 29.3891
396 29.1403
396.5 28.8536
397 28.9873
397.5 28.8688
398 29.0039
398.5 29.3703
399 29.4227
399.5 29.9301
400 30.2107
400.5 30.2659
401 30.7096
401.5 31.7449
402 32.2881
402.5 32.3087
403 32.259
403.5 32.2239
404 31.7589
404.5 31.9016
405 31.7555
405.5 31.7732
406 31.7883
406.5 31.5568
407 31.5385
407.5 31.6127
408 31.3492
408.5 31.0971
409 31.2343
409.5 30.8467
410 30.4681
410.5 30.6517
411 30.9837
411.5 30.5055
412 30.4718
412.5 30.1313
413 30.6372
413.5 30.9784
414 30.9506
414.5 30.8002
415 31.1118
415.5 30.9899
416 30.9002
416.5 31.2468
417 31.4033
417.5 31.4434
418 31.4233
418.5 31.3336
419 31.097
419.5 31.0167
420 30.7856
420.5 31.0578
421 30.6928
421.5 30.524
422 30.2078
422.5 30.495
423 30.2286
423.5 30.2659
424 30.7656
424.5 30.7458
425 31.1849
425.5 31.7609
426 32.289
426.5 32.3495
427 32.9755
427.5 33.2656
428 33.6296
428.5 33.925
429 33.8578
429.5 34.2128
430 34.1609
430.5 33.9706
431 34.2783
431.5 34.4627
432 34.7595
432.5 34.9625
433 34.7826
433.5 34.6047
434 34.1201
434.5 33.8054
435 33.4982
435.5 33.7892
436 33.7919
436.5 34.2324
437 34.4869
437.5 34.6065
438 34.2737
438.5 34.4444
439 34.7604
439.5 34.6842
440 35.0832
440.5 35.1207
441 35.1107
441.5 35.1793
442 35.192
442.5 35.4852
443 35.4571
443.5 35.4518
444 35.279
444.5 36.267
445 36.381
445.5 35.7847
446 35.7221
446.5 35.6966
447 35.8795
447.5 35.5651
448 35.7046
448.5 36.2976
449 36.4667
449.5 36.3477
450 36.0174
450.5 35.83
451 35.66
451.5 36.101
452 36.2965
452.5 36.1857
453 35.9017
453.5 35.8032
454 35.6146
454.5 35.511
455 35.4873
455.5 35.4319
456 35.265
456.5 35.1239
457 35.4305
457.5 35.3276
458 35.9582
458.5 35.9617
459 36.1607
459.5 36.3648
460 35.9009
460.5 36.5682
461 36.7886
461.5 36.627
462 36.3968
462.5 36.4662
463 36.1849
463.5 36.8972
464 36.3048
464.5 36.6522
465 36.5493
465.5 36.4123
466 36.5993
466.5 36.8814
467 37.3622
467.5 37.667
468 37.5961
468.5 37.8396
469 37.8073
469.5 37.9649
470 38.5367
470.5 38.5175
471 38.7172
471.5 39.3196
472 39.1644
472.5 38.9127
473 39.0708
473.5 39.2478
474 38.9465
474.5 39.0996
475 39.1103
475.5 39.5837
476 39.7314
476.5 39.489
477 39.1711
477.5 38.9622
478 38.547
478.5 38.3084
479 38.4408
479.5 38.5878
480 38.4944
480.5 38.3768
481 38.5441
481.5 38.4066
482 38.4262
482.5 38.204
483 38.3025
483.5 38.1847
484 37.7956
484.5 38.0702
485 38.0501
485.5 38.1848
486 38.5169
486.5 38.439
487 38.5978
487.5 38.7985
488 38.976
488.5 39.3623
489 39.594
489.5 39.8609
490 40.0858
490.5 39.7121
491 39.3623
491.5 39.6648
492 39.5574
492.5 40.0652
493 40.0417
493.5 39.6961
494 39.677
494.5 39.8156
495 39.5343
495.5 39.7386
496 40.1171
496.5 40.7764
497 41.0037
497.5 41.1033
498 41.0889
498.5 41.4363
499 41.8992
499.5 42.0367
