0 0
0.05 -nan
0.1 -nan
0.15 -nan
0.2 -nan
0.25 -nan
0.3 2.55
0.35 2.55
0.4 2.55
0.45 2.55
0.5 2.55
0.55 2.55
0.6 2.55
0.65 2.55
0.7 2.55
0.75 2.55
0.8 2.55
0.85 2.55
0.9 2.55
0.95 2.55
1 2.55
1.05 2.55
1.1 2.55
1.15 2.52146
1.2 2.52146
1.25 2.44571
1.3 2.44571
1.35 2.34727
1.4 2.34727
1.45 2.34727
1.5 2.25391
1.55 2.25391
1.6 2.05321
1.65 2
1.7 1.97672
1.75 2.00769
1.8 1.95273
1.85 2.14333
1.9 2.14333
1.95 2.17014
2 2.34312
2.05 2.32795
2.1 2.32795
2.15 2.58233
2.2 2.58233
2.25 2.57034
2.3 2.54584
2.35 2.54584
2.4 2.49868
2.45 2.36316
2.5 2.34612
2.55 2.54038
2.6 2.57963
2.65 2.56378
2.7 2.66276
2.75 2.64
2.8 2.67042
2.85 2.58452
2.9 2.6546
2.95 2.64312
3 2.64312
3.05 2.64615
3.1 2.71588
3.15 2.69333
3.2 2.70647
3.25 2.70377
3.3 2.87241
3.35 2.88822
3.4 2.90486
3.45 2.92
3.5 2.88104
3.55 2.99538
3.6 3.15888
3.65 3.30667
3.7 3.37395
3.75 3.67834
3.8 3.66787
3.85 3.77462
3.9 3.84638
3.95 3.84638
4 3.85263
4.05 3.99401
4.1 3.97
4.15 3.94517
4.2 3.9699
4.25 4.19048
4.3 4.35581
4.35 4.35581
4.4 4.49855
4.45 4.57454
4.5 5.2757
4.55 5.2758
4.6 5.2758
4.65 5.37174
4.7 5.37871
4.75 5.44614
4.8 5.505
4.85 5.505
4.9 5.52308
4.95 5.62909
5 6.23256
5.05 6.28908
5.1 6.28908
5.15 6.28908
5.2 6.28
5.25 6.34493
5.3 6.64
5.35 6.61737
5.4 6.7361
5.45 6.7361
5.5 6.76822
5.55 6.97747
5.6 6.95447
5.65 6.99618
5.7 7.04729
5.75 7.16539
5.8 7.12055
5.85 7.21384
5.9 7.20337
5.95 7.44694
6 7.47669
6.05 7.52257
6.1 7.62335
6.15 7.83239
6.2 7.83239
6.25 7.80697
6.3 7.91296
6.35 8.10548
6.4 8.22705
6.45 8.17681
6.5 8.2094
6.55 8.23667
6.6 8.3002
6.65 8.29776
6.7 8.28751
6.75 8.28707
6.8 8.49234
6.85 8.70701
6.9 8.74
6.95 8.7828
7 8.9818
7.05 9.0766
7.1 9.09033
7.15 9.14727
7.2 9.18278
7.25 9.87036
7.3 9.87036
7.35 9.878
7.4 9.93345
7.45 10.016
7.5 10.2138
7.55 10.2065
7.6 10.1898
7.65 10.2161
7.7 10.2294
7.75 10.2383
7.8 10.4128
7.85 10.5983
7.9 10.6339
7.95 10.6193
8 10.6457
8.05 10.7394
8.1 10.8753
8.15 11.0612
8.2 11.1988
8.25 11.3175
8.3 11.3543
8.35 11.3483
8.4 11.3483
8.45 11.3483
8.5 11.3737
8.55 11.4975
8.6 11.6983
8.65 11.8332
8.7 11.9581
8.75 12.0018
8.8 12.003
8.85 12.3187
8.9 12.4627
8.95 12.4839
9 12.5276
9.05 12.7237
9.1 12.7107
9.15 12.785
9.2 12.7968
9.25 12.8221
9.3 12.836
9.35 12.836
9.4 13.0359
9.45 13.0455
9.5 13.1328
9.55 13.161
9.6 13.1822
9.65 13.4664
9.7 13.6891
9.75 13.6951
9.8 13.8305
9.85 13.8778
9.9 13.9085
9.95 13.9676
10 14.0277
10.05 14.0199
10.1 14.1616
10.15 14.3337
10.2 14.3917
10.25 14.4546
10.3 14.4514
10.35 14.4514
10.4 15.1401
10.45 15.1401
10.5 15.3044
10.55 15.3185
10.6 15.3185
10.65 15.5042
10.7 15.5825
10.75 15.587
10.8 15.6254
10.85 15.6818
10.9 15.747
10.95 15.747
11 15.7861
11.05 15.837
11.1 15.8429
11.15 15.9069
11.2 15.9291
11.25 15.9399
11.3 15.9888
11.35 16.0755
11.4 16.1297
11.45 16.2638
11.5 16.3842
11.55 16.5238
11.6 16.6877
11.65 16.7603
11.7 16.7955
11.75 16.8847
11.8 16.8897
11.85 16.9431
11.9 16.996
11.95 17.0612
12 17.0612
12.05 17.0801
12.1 17.1092
12.15 17.2658
12.2 17.4374
12.25 17.4374
12.3 17.4491
12.35 17.5716
12.4 17.6168
12.45 17.7036
12.5 17.7506
12.55 17.7506
12.6 17.7948
12.65 17.9267
12.7 18.0198
12.75 18.0524
12.8 18.0821
12.85 18.0929
12.9 18.1774
12.95 18.2284
13 18.3225
13.05 18.449
13.1 18.4769
13.15 18.507
13.2 18.771
13.25 18.8577
13.3 18.9172
13.35 18.9545
13.4 18.9986
13.45 19.0108
13.5 19.1082
13.55 19.3209
13.6 19.3209
13.65 19.3137
13.7 19.3137
13.75 19.3862
13.8 19.4752
13.85 19.5341
13.9 19.5909
13.95 19.5962
14 19.8382
14.05 19.9055
14.1 20.042
14.15 20.0545
14.2 20.2248
14.25 20.5184
14.3 20.5184
14.35 20.5314
14.4 20.5995
14.45 20.6583
14.5 20.6976
14.55 20.6976
14.6 20.7466
14.65 20.8115
14.7 20.8591
14.75 20.9523
14.8 20.9789
14.85 20.991
14.9 21.1355
14.95 21.4258
15 21.5049
15.05 21.6366
15.1 21.703
15.15 21.7394
15.2 21.866
15.25 21.8823
15.3 21.9625
15.35 22.0864
15.4 22.1981
15.45 22.1981
15.5 22.3661
15.55 22.4545
15.6 22.5438
15.65 22.5889
15.7 22.5889
15.75 22.5889
15.8 22.7209
15.85 22.9775
15.9 23.0145
15.95 23.0145
16 23.0542
16.05 23.1856
16.1 23.2556
16.15 23.3938
16.2 23.3938
16.25 23.5138
16.3 23.6808
16.35 23.76
16.4 23.7738
16.45 23.794
16.5 23.833
16.55 23.8581
16.6 23.9853
16.65 24.1319
16.7 24.1319
16.75 24.1319
16.8 24.225
16.85 24.2356
16.9 24.255
16.95 24.4678
17 24.4795
17.05 24.6439
17.1 24.7669
17.15 24.7669
17.2 24.8574
17.25 24.9319
17.3 24.9948
17.35 25.0929
17.4 25.2342
17.45 25.3586
17.5 25.3661
17.55 25.4268
17.6 25.4596
17.65 25.5862
17.7 25.6595
17.75 25.673
17.8 25.673
17.85 25.8732
17.9 25.9027
17.95 25.9027
18 26.0203
18.05 26.0203
18.1 26.0966
18.15 26.2985
18.2 26.3214
18.25 26.3377
18.3 26.3538
18.35 26.5516
18.4 26.9992
18.45 27.0704
18.5 27.1584
18.55 27.1584
18.6 27.4984
18.65 27.6452
18.7 27.6474
18.75 27.6996
18.8 27.7204
18.85 27.7257
18.9 27.8296
18.95 27.95
19 27.9711
19.05 28.0106
19.1 28.1488
19.15 28.1585
19.2 28.1942
19.25 28.293
19.3 28.2982
19.35 28.3431
19.4 28.5261
19.45 28.5261
19.5 28.5677
19.55 28.5999
19.6 28.6793
19.65 28.7398
19.7 28.7788
19.75 28.8191
19.8 28.989
19.85 28.9957
19.9 29.0141
19.95 29.0407
20 29.0985
20.05 29.1438
20.1 29.1925
20.15 29.233
20.2 29.233
20.25 29.3893
20.3 29.4695
20.35 29.6449
20.4 29.6882
20.45 29.7059
20.5 29.7463
20.55 29.9684
20.6 30.0175
20.65 30.0491
20.7 30.0923
20.75 30.0963
20.8 30.0963
20.85 30.1674
20.9 30.3137
20.95 30.4404
21 30.4585
21.05 30.4986
21.1 30.6596
21.15 30.6681
21.2 30.7582
21.25 30.7582
21.3 30.8407
21.35 30.9947
21.4 31.2039
21.45 31.2112
21.5 31.375
21.55 31.3944
21.6 31.5168
21.65 31.6225
21.7 31.7934
21.75 31.8662
21.8 31.9109
21.85 32.0133
21.9 32.0133
21.95 32.0189
22 32.0189
22.05 32.1644
22.1 32.2424
22.15 32.3037
22.2 32.3474
22.25 32.3675
22.3 32.4744
22.35 32.592
22.4 32.6733
22.45 32.707
22.5 32.7737
22.55 32.86
22.6 33.0616
22.65 33.1642
22.7 33.1822
22.75 33.2851
22.8 33.3388
22.85 33.5637
22.9 33.659
22.95 33.7289
23 33.8532
23.05 33.8785
23.1 33.9677
23.15 34.0749
23.2 34.0964
23.25 34.2169
23.3 34.2453
23.35 34.2889
23.4 34.3543
23.45 34.4409
23.5 34.4941
23.55 34.5596
23.6 34.6544
23.65 34.7405
23.7 34.7753
23.75 34.7899
23.8 34.8778
23.85 34.8778
23.9 35.02
23.95 35.0867
24 35.1668
24.05 35.3086
24.1 35.3086
24.15 35.42
24.2 35.5505
24.25 35.5634
24.3 35.7484
24.35 35.838
24.4 36.1936
24.45 36.3429
24.5 36.3429
24.55 36.3596
24.6 36.5329
24.65 36.6132
24.7 36.6132
24.75 36.8318
24.8 36.8595
24.85 36.9752
24.9 37.0448
24.95 37.2039
25 37.2302
25.05 37.2649
25.1 37.3586
25.15 37.4984
25.2 37.6941
25.25 37.7393
25.3 37.8126
25.35 37.8126
25.4 37.8414
25.45 37.9174
25.5 37.9736
25.55 38.1013
25.6 38.2791
25.65 38.2983
25.7 38.3659
25.75 38.4016
25.8 38.4437
25.85 38.5567
25.9 38.8694
25.95 38.9152
26 38.9152
26.05 38.9466
26.1 38.967
26.15 39.0629
26.2 39.1398
26.25 39.2302
26.3 39.3769
26.35 39.4311
26.4 39.6854
26.45 39.88
26.5 39.9991
26.55 40.0726
26.6 40.1107
26.65 40.1412
26.7 40.2126
26.75 40.3645
26.8 40.3645
26.85 40.3645
26.9 40.3717
26.95 40.4027
27 40.5952
27.05 40.699
27.1 40.7139
27.15 40.9194
27.2 40.9194
27.25 41.2877
27.3 41.455
27.35 41.4698
27.4 41.493
27.45 41.5034
27.5 41.7186
27.55 41.7423
27.6 41.8092
27.65 41.8092
27.7 41.8149
27.75 41.8416
27.8 42.1156
27.85 42.1352
27.9 42.2202
27.95 42.2559
28 42.368
28.05 42.7078
28.1 42.9104
28.15 42.9679
28.2 43.0047
28.25 43.0047
28.3 43.1774
28.35 43.1869
28.4 43.1973
28.45 43.2475
28.5 43.2706
28.55 43.3151
28.6 43.5097
28.65 43.5125
28.7 43.5457
28.75 43.6796
28.8 43.7001
28.85 43.8147
28.9 43.8342
28.95 43.9016
29 43.9228
29.05 43.9725
29.1 44.1286
29.15 44.1393
29.2 44.2284
29.25 44.2829
29.3 44.2829
29.35 44.4049
29.4 44.569
29.45 44.569
29.5 44.6146
29.55 44.7049
29.6 44.7893
29.65 44.8719
29.7 44.9031
29.75 44.9298
29.8 45.2491
29.85 45.2897
29.9 45.4172
29.95 45.4172
30 45.4603
30.05 45.5452
30.1 45.5632
30.15 45.6039
30.2 45.6322
30.25 45.8915
30.3 45.9147
30.35 45.9946
30.4 46.0718
30.45 46.1025
30.5 46.2939
30.55 46.3653
30.6 46.4191
30.65 46.4263
30.7 46.6259
30.75 46.6816
30.8 46.8073
30.85 46.8615
30.9 46.881
30.95 46.9874
31 47.2174
31.05 47.2936
31.1 47.3362
31.15 47.4096
31.2 47.4377
31.25 47.4923
31.3 47.5827
31.35 47.5837
31.4 47.7697
31.45 47.8368
31.5 48.0044
31.55 48.0535
31.6 48.0535
31.65 48.1789
31.7 48.1789
31.75 48.2748
31.8 48.3324
31.85 48.3833
31.9 48.3833
31.95 48.4609
32 48.7125
32.05 48.7235
32.1 48.7956
32.15 48.8495
32.2 48.8675
32.25 48.9715
32.3 49.0508
32.35 49.1325
32.4 49.1588
32.45 49.1588
32.5 49.1588
32.55 49.3217
32.6 49.5926
32.65 49.7167
32.7 49.7167
32.75 49.8185
32.8 49.9174
32.85 50.0644
32.9 50.1381
32.95 50.1381
33 50.2273
33.05 50.244
33.1 50.4269
33.15 50.4963
33.2 50.4963
33.25 50.5467
33.3 50.5723
33.35 50.7219
33.4 50.7841
33.45 50.837
33.5 50.8745
33.55 51.0662
33.6 51.3474
33.65 51.3936
33.7 51.4385
33.75 51.5949
33.8 51.7333
33.85 51.8202
33.9 52.0644
33.95 52.0644
34 52.1021
34.05 52.1021
34.1 52.148
34.15 52.148
34.2 52.287
34.25 52.287
34.3 52.4112
34.35 52.4288
34.4 52.4288
34.45 52.6823
34.5 52.6994
34.55 52.8275
34.6 52.962
34.65 52.962
34.7 53.1486
34.75 53.2146
34.8 53.2703
34.85 53.3193
34.9 53.3193
34.95 53.3537
35 53.4501
35.05 53.4838
35.1 53.6313
35.15 53.6313
35.2 53.7734
35.25 53.7734
35.3 53.7951
35.35 54.0685
35.4 54.0685
35.45 54.3108
35.5 54.3961
35.55 54.4264
35.6 54.5774
35.65 54.5939
35.7 54.6362
35.75 54.7107
35.8 54.7427
35.85 54.7786
35.9 54.8098
35.95 54.8581
36 54.8901
36.05 54.9515
36.1 55.0439
36.15 55.2325
36.2 55.2378
36.25 55.3599
36.3 55.489
36.35 55.5704
36.4 55.5704
36.45 55.5888
36.5 55.6428
36.55 55.762
36.6 55.827
36.65 55.827
36.7 56.0183
36.75 56.0183
36.8 56.1424
36.85 56.1592
36.9 56.2988
36.95 56.3376
37 56.4476
37.05 56.4958
37.1 56.5461
37.15 56.5461
37.2 56.6069
37.25 56.7263
37.3 56.8323
37.35 56.896
37.4 56.9657
37.45 56.9826
37.5 57.21
37.55 57.2747
37.6 57.2829
37.65 57.3182
37.7 57.3346
37.75 57.4377
37.8 57.6096
37.85 57.7526
37.9 57.8021
37.95 57.9327
38 57.9838
38.05 57.9838
38.1 58.1575
38.15 58.1575
38.2 58.241
38.25 58.2674
38.3 58.3987
38.35 58.4181
38.4 58.4181
38.45 58.6491
38.5 58.727
38.55 59.0078
38.6 59.0574
38.65 59.0574
38.7 59.1687
38.75 59.3153
38.8 59.403
38.85 59.4433
38.9 59.4433
38.95 59.4981
39 59.5283
39.05 59.617
39.1 59.617
39.15 59.617
39.2 59.6746
39.25 59.7106
39.3 59.8818
39.35 59.9836
39.4 59.9836
39.45 60.1335
39.5 60.2168
39.55 60.2168
39.6 60.2576
39.65 60.3637
39.7 60.4519
39.75 60.5023
39.8 60.5253
39.85 60.6249
39.9 60.76
39.95 60.76
40 60.8357
40.05 60.8998
40.1 61.0519
40.15 61.095
40.2 61.2152
40.25 61.2535
40.3 61.2926
40.35 61.407
40.4 61.4682
40.45 61.6718
40.5 61.7409
40.55 61.7409
40.6 61.7953
40.65 61.8484
40.7 61.8846
40.75 61.9752
40.8 62.0333
40.85 62.0515
40.9 62.0515
40.95 62.0606
41 62.108
41.05 62.2984
41.1 62.3394
41.15 62.3579
41.2 62.4408
41.25 62.6423
41.3 62.6909
41.35 62.7739
41.4 62.8958
41.45 62.8958
41.5 62.9223
41.55 63.003
41.6 63.1017
41.65 63.2772
41.7 63.4255
41.75 63.4803
41.8 63.5768
41.85 63.5768
41.9 63.7168
41.95 63.8587
42 63.8915
42.05 63.936
42.1 63.9626
42.15 64.0668
42.2 64.0668
42.25 64.3304
42.3 64.3834
42.35 64.5283
42.4 64.6209
42.45 64.655
42.5 64.7023
42.55 64.7482
42.6 64.8445
42.65 64.8706
42.7 64.9127
42.75 65.0566
42.8 65.2937
42.85 65.3305
42.9 65.3661
42.95 65.3661
43 65.4162
43.05 65.4615
43.1 65.4795
43.15 65.5704
43.2 65.6344
43.25 65.6877
43.3 65.8109
43.35 65.8703
43.4 65.9561
43.45 66.0868
43.5 66.1021
43.55 66.2217
43.6 66.3825
43.65 66.5688
43.7 66.6882
43.75 66.6882
43.8 66.7925
43.85 66.9125
43.9 66.9125
43.95 67.0299
44 67.0877
44.05 67.0877
44.1 67.2596
44.15 67.314
44.2 67.3726
44.25 67.6215
44.3 67.6215
44.35 67.7571
44.4 67.8185
44.45 67.8956
44.5 67.9332
44.55 67.9332
44.6 68.0577
44.65 68.2179
44.7 68.3472
44.75 68.3531
44.8 68.3729
44.85 68.4017
44.9 68.4264
44.95 68.4499
45 68.6276
45.05 68.6616
45.1 68.6759
45.15 68.8382
45.2 68.9532
45.25 68.9753
45.3 69.0754
45.35 69.0754
45.4 69.0754
45.45 69.2114
45.5 69.284
45.55 69.3313
45.6 69.3506
45.65 69.3674
45.7 69.5105
45.75 69.5105
45.8 69.6962
45.85 69.7689
45.9 69.7759
45.95 69.9425
46 69.9425
46.05 70.0375
46.1 70.2093
46.15 70.2325
46.2 70.3899
46.25 70.5152
46.3 70.5374
46.35 70.7084
46.4 70.7541
46.45 70.7716
46.5 70.8116
46.55 70.8632
46.6 70.8632
46.65 70.8926
46.7 70.9156
46.75 70.9156
46.8 71.1887
46.85 71.1955
46.9 71.3283
46.95 71.3798
47 71.4542
47.05 71.5853
47.1 71.6547
47.15 71.8359
47.2 71.9287
47.25 72.248
47.3 72.317
47.35 72.3537
47.4 72.3793
47.45 72.4422
47.5 72.4888
47.55 72.5353
47.6 72.5462
47.65 72.6448
47.7 72.6508
47.75 72.8031
47.8 72.8316
47.85 72.8316
47.9 72.9807
47.95 73.0855
48 73.1626
48.05 73.1907
48.1 73.2618
48.15 73.4076
48.2 73.4366
48.25 73.4932
48.3 73.5196
48.35 73.5196
48.4 73.5788
48.45 73.6339
48.5 73.6635
48.55 73.7452
48.6 73.8306
48.65 73.8909
48.7 74.0065
48.75 74.0454
48.8 74.0525
48.85 74.0525
48.9 74.2215
48.95 74.2983
49 74.388
49.05 74.4307
49.1 74.4307
49.15 74.4543
49.2 74.5111
49.25 74.6448
49.3 74.7757
49.35 74.8337
49.4 74.9239
49.45 74.9618
49.5 75.1896
49.55 75.1896
49.6 75.1962
49.65 75.4101
49.7 75.458
49.75 75.5134
49.8 75.6455
49.85 75.6872
49.9 75.7202
49.95 75.7756
