0 0
500000 2.556
1000000 2.34
1500000 2.22
2000000 2.078
2500000 1.8392
3000000 1.68267
3500000 1.56171
4000000 1.409
4500000 1.29867
5000000 1.2072
5500000 1.132
6000000 1.065
6500000 0.998769
7000000 0.932857
7500000 0.8872
8000000 0.85825
8500000 0.819529
9000000 0.785111
9500000 0.748632
10000000 0.717
10500000 0.689333
11000000 0.663636
11500000 0.637043
12000000 0.611167
12500000 0.58672
13000000 0.565385
13500000 0.548
14000000 0.535286
14500000 0.517793
15000000 0.500533
15500000 0.484903
16000000 0.473875
16500000 0.459515
17000000 0.446
17500000 0.434629
18000000 0.423333
18500000 0.411892
19000000 0.401053
19500000 0.390769
20000000 0.381
20500000 0.371707
21000000 0.362857
21500000 0.354419
22000000 0.346364
22500000 0.343644
23000000 0.338957
23500000 0.333532
24000000 0.329583
24500000 0.323102
25000000 0.31664
25500000 0.310431
26000000 0.304462
26500000 0.298717
27000000 0.293185
27500000 0.287855
28000000 0.283429
28500000 0.283018
29000000 0.281034
29500000 0.279932
30000000 0.2848
30500000 0.281443
31000000 0.27871
31500000 0.27581
32000000 0.273563
32500000 0.269354
33000000 0.265273
33500000 0.261313
34000000 0.257471
34500000 0.253855
35000000 0.250229
35500000 0.246704
36000000 0.243278
36500000 0.239945
37000000 0.236703
37500000 0.233547
38000000 0.231
38500000 0.228104
39000000 0.225179
39500000 0.222937
40000000 0.2214
40500000 0.220691
41000000 0.219268
41500000 0.218506
42000000 0.217095
42500000 0.217129
43000000 0.216837
43500000 0.21669
44000000 0.217136
44500000 0.219146
45000000 0.2208
45500000 0.22211
46000000 0.220391
46500000 0.218022
47000000 0.216
47500000 0.214695
48000000 0.212458
48500000 0.210268
49000000 0.208122
49500000 0.20602
50000000 0.20396
50500000 0.201941
51000000 0.20149
51500000 0.201126
52000000 0.201192
52500000 0.200152
53000000 0.199132
53500000 0.197271
54000000 0.195444
54500000 0.193651
55000000 0.193091
55500000 0.191676
56000000 0.190714
56500000 0.190655
57000000 0.191895
57500000 0.192522
58000000 0.192828
58500000 0.192342
59000000 0.190712
59500000 0.189109
60000000 0.188333
60500000 0.187934
61000000 0.187082
61500000 0.185561
62000000 0.184065
62500000 0.182592
63000000 0.182889
63500000 0.184315
64000000 0.184625
64500000 0.183287
65000000 0.181877
65500000 0.180489
66000000 0.179121
66500000 0.177774
67000000 0.176448
67500000 0.17517
68000000 0.175029
68500000 0.174715
69000000 0.174203
69500000 0.174043
70000000 0.174486
70500000 0.175092
71000000 0.176141
71500000 0.176615
72000000 0.176278
72500000 0.175559
73000000 0.174685
73500000 0.174177
74000000 0.173703
74500000 0.172993
75000000 0.172987
75500000 0.172848
76000000 0.173105
76500000 0.173569
77000000 0.17439
77500000 0.177213
78000000 0.178385
78500000 0.179083
79000000 0.181494
79500000 0.18473
80000000 0.1869
80500000 0.188845
81000000 0.189877
81500000 0.190699
82000000 0.192049
82500000 0.193939
83000000 0.195904
83500000 0.197006
84000000 0.199024
84500000 0.199527
85000000 0.199976
85500000 0.200959
86000000 0.202326
86500000 0.202243
87000000 0.202138
87500000 0.201943
88000000 0.202795
88500000 0.203073
89000000 0.202607
89500000 0.202369
90000000 0.201356
90500000 0.200243
91000000 0.19978
91500000 0.199628
92000000 0.199109
92500000 0.198422
93000000 0.198215
93500000 0.197947
94000000 0.197681
94500000 0.197757
95000000 0.198274
95500000 0.198157
96000000 0.198396
96500000 0.199088
97000000 0.199773
97500000 0.201067
98000000 0.202306
98500000 0.203695
99000000 0.204788
99500000 0.205809
100000000 0.20672
100500000 0.207045
101000000 0.20697
101500000 0.208
102000000 0.208431
102500000 0.208722
103000000 0.208291
103500000 0.207285
104000000 0.206288
104500000 0.205359
105000000 0.204838
105500000 0.204303
106000000 0.203717
106500000 0.204714
107000000 0.205701
107500000 0.206233
108000000 0.207
108500000 0.208221
109000000 0.208899
109500000 0.210046
110000000 0.209927
110500000 0.209557
111000000 0.209081
111500000 0.20852
112000000 0.208304
112500000 0.208036
113000000 0.208531
113500000 0.208441
114000000 0.208088
114500000 0.208367
115000000 0.208835
115500000 0.209091
116000000 0.209552
116500000 0.209665
117000000 0.209778
117500000 0.210706
118000000 0.211169
118500000 0.212405
119000000 0.213479
119500000 0.213874
120000000 0.21395
120500000 0.214556
121000000 0.214826
121500000 0.21521
122000000 0.215328
122500000 0.216098
123000000 0.216439
123500000 0.216972
124000000 0.21671
124500000 0.216289
125000000 0.216112
125500000 0.21592
126000000 0.215571
126500000 0.215383
127000000 0.215134
127500000 0.214855
128000000 0.214859
128500000 0.214677
129000000 0.215287
129500000 0.215537
130000000 0.216092
130500000 0.216613
131000000 0.216702
131500000 0.216532
132000000 0.216106
132500000 0.216226
133000000 0.215835
133500000 0.215236
134000000 0.215119
134500000 0.215108
135000000 0.214652
135500000 0.214731
136000000 0.214456
136500000 0.214022
137000000 0.213591
137500000 0.213062
138000000 0.21271
138500000 0.212332
139000000 0.21295
139500000 0.214022
140000000 0.214629
140500000 0.215687
141000000 0.216496
141500000 0.217244
142000000 0.218437
142500000 0.219537
143000000 0.220531
143500000 0.221254
144000000 0.222361
144500000 0.222616
145000000 0.222221
145500000 0.221718
146000000 0.220959
146500000 0.220205
147000000 0.219456
147500000 0.218712
148000000 0.217973
148500000 0.217239
149000000 0.21651
149500000 0.215786
150000000 0.215067
150500000 0.214791
151000000 0.214384
151500000 0.214033
152000000 0.213329
152500000 0.21263
153000000 0.211935
153500000 0.211427
154000000 0.210987
154500000 0.210304
155000000 0.209626
155500000 0.208952
156000000 0.208282
156500000 0.207617
157000000 0.206955
157500000 0.206298
158000000 0.205646
158500000 0.204997
159000000 0.204352
159500000 0.203712
160000000 0.203075
160500000 0.202442
161000000 0.201814
161500000 0.201189
162000000 0.200568
162500000 0.199951
163000000 0.199374
163500000 0.199095
164000000 0.198854
164500000 0.198529
165000000 0.197927
165500000 0.197329
166000000 0.196735
166500000 0.196144
167000000 0.195557
167500000 0.194997
168000000 0.194548
168500000 0.194409
169000000 0.194473
169500000 0.19449
170000000 0.194541
170500000 0.194416
171000000 0.194526
171500000 0.194612
172000000 0.194988
172500000 0.19527
173000000 0.195179
173500000 0.194974
174000000 0.194701
174500000 0.194728
175000000 0.194811
175500000 0.194427
176000000 0.19425
176500000 0.194368
177000000 0.194056
177500000 0.194028
178000000 0.193854
178500000 0.193591
179000000 0.193218
179500000 0.193604
180000000 0.193933
180500000 0.194271
181000000 0.194409
181500000 0.19416
182000000 0.193901
182500000 0.193523
183000000 0.193224
183500000 0.192817
184000000 0.19262
184500000 0.192477
185000000 0.192205
185500000 0.191881
186000000 0.191989
186500000 0.192815
187000000 0.19369
187500000 0.194667
188000000 0.195819
188500000 0.196721
189000000 0.197746
189500000 0.198153
190000000 0.198358
190500000 0.198583
191000000 0.199173
191500000 0.198997
192000000 0.199073
192500000 0.199221
193000000 0.199368
193500000 0.199204
194000000 0.199258
194500000 0.199229
195000000 0.199826
195500000 0.199887
196000000 0.199898
196500000 0.199786
197000000 0.199472
197500000 0.199322
198000000 0.199081
198500000 0.198882
199000000 0.199085
199500000 0.199318
200000000 0.1998
200500000 0.199671
201000000 0.199662
201500000 0.199583
202000000 0.199515
202500000 0.199723
203000000 0.199901
203500000 0.199843
204000000 0.199882
204500000 0.199883
205000000 0.199912
205500000 0.200418
206000000 0.200689
206500000 0.200707
207000000 0.200899
207500000 0.201272
208000000 0.201452
208500000 0.201707
209000000 0.20244
209500000 0.202893
210000000 0.20321
210500000 0.203572
211000000 0.203953
211500000 0.204274
212000000 0.204915
212500000 0.205393
213000000 0.205512
213500000 0.206136
214000000 0.207112
214500000 0.208503
215000000 0.209544
215500000 0.210246
216000000 0.210472
216500000 0.210448
217000000 0.210396
217500000 0.21074
218000000 0.211147
218500000 0.211222
219000000 0.211269
219500000 0.211353
220000000 0.211682
220500000 0.211773
221000000 0.211946
221500000 0.212054
222000000 0.212036
222500000 0.211766
223000000 0.21148
223500000 0.211347
224000000 0.211384
224500000 0.211394
225000000 0.211689
225500000 0.211965
226000000 0.212106
226500000 0.212159
227000000 0.212229
227500000 0.212273
228000000 0.212868
228500000 0.213033
229000000 0.213092
229500000 0.212959
230000000 0.212948
230500000 0.213223
231000000 0.213359
231500000 0.213546
232000000 0.213603
232500000 0.213686
233000000 0.213605
233500000 0.21361
234000000 0.214103
234500000 0.214397
235000000 0.214409
235500000 0.215236
236000000 0.215407
236500000 0.215323
237000000 0.21508
237500000 0.214914
238000000 0.215227
238500000 0.215069
239000000 0.215247
239500000 0.215182
240000000 0.214933
240500000 0.214703
241000000 0.214606
241500000 0.214551
242000000 0.214182
242500000 0.21374
243000000 0.2133
243500000 0.212862
244000000 0.212426
244500000 0.211992
245000000 0.211559
245500000 0.211128
246000000 0.210699
246500000 0.210272
247000000 0.209846
247500000 0.209422
248000000 0.209
248500000 0.208579
249000000 0.208161
249500000 0.207976
250000000 0.207832
250500000 0.207425
251000000 0.207012
251500000 0.206672
252000000 0.206468
252500000 0.206305
253000000 0.206047
253500000 0.205886
254000000 0.205693
254500000 0.205721
255000000 0.205812
255500000 0.205785
256000000 0.205773
256500000 0.206199
257000000 0.206156
257500000 0.206019
258000000 0.20576
258500000 0.205826
259000000 0.205552
259500000 0.205156
260000000 0.204762
260500000 0.204369
261000000 0.203977
261500000 0.203587
262000000 0.203198
262500000 0.202811
263000000 0.202426
263500000 0.202042
264000000 0.201856
264500000 0.201769
265000000 0.201615
265500000 0.201439
266000000 0.201368
266500000 0.201186
267000000 0.201086
267500000 0.200905
268000000 0.200836
268500000 0.200574
269000000 0.200201
269500000 0.199829
270000000 0.199696
270500000 0.199867
271000000 0.200118
271500000 0.200354
272000000 0.20064
272500000 0.20102
273000000 0.201487
273500000 0.201879
274000000 0.201964
274500000 0.202222
275000000 0.202422
275500000 0.202722
276000000 0.203478
276500000 0.203443
277000000 0.203408
277500000 0.203157
278000000 0.203065
278500000 0.202873
279000000 0.202832
279500000 0.202597
280000000 0.202543
280500000 0.20266
281000000 0.202726
281500000 0.202913
282000000 0.203106
282500000 0.203143
283000000 0.203124
283500000 0.203104
284000000 0.202993
284500000 0.202833
285000000 0.202702
285500000 0.202935
286000000 0.203315
286500000 0.203407
287000000 0.203554
287500000 0.20352
288000000 0.203715
288500000 0.203785
289000000 0.203765
289500000 0.203551
290000000 0.2036
290500000 0.203463
291000000 0.20334
291500000 0.20319
292000000 0.203041
292500000 0.202913
293000000 0.202724
293500000 0.202487
294000000 0.202143
294500000 0.2018
295000000 0.201458
295500000 0.201117
296000000 0.200777
296500000 0.200438
297000000 0.200101
297500000 0.199765
298000000 0.199544
298500000 0.199424
299000000 0.199565
299500000 0.199613
300000000 0.199587
300500000 0.199301
301000000 0.19911
301500000 0.198859
302000000 0.198629
302500000 0.198519
303000000 0.19831
303500000 0.198115
304000000 0.19798
304500000 0.198069
305000000 0.198157
305500000 0.198462
306000000 0.198869
306500000 0.199008
307000000 0.198951
307500000 0.199083
308000000 0.199058
308500000 0.199002
309000000 0.198874
309500000 0.198772
310000000 0.198645
310500000 0.198564
311000000 0.198399
311500000 0.198787
312000000 0.199032
312500000 0.199181
313000000 0.199489
313500000 0.199789
314000000 0.199809
314500000 0.200064
315000000 0.200463
315500000 0.200393
316000000 0.200285
316500000 0.200265
317000000 0.200435
317500000 0.200535
318000000 0.200761
318500000 0.200929
319000000 0.201066
319500000 0.201127
320000000 0.200869
320500000 0.200786
321000000 0.200717
321500000 0.200747
322000000 0.200596
322500000 0.200285
323000000 0.199975
323500000 0.199666
324000000 0.199358
324500000 0.199106
325000000 0.198985
325500000 0.198857
326000000 0.198712
326500000 0.198763
327000000 0.199058
327500000 0.199432
328000000 0.20014
328500000 0.200274
329000000 0.200109
329500000 0.199988
330000000 0.199994
330500000 0.199903
331000000 0.200097
331500000 0.200181
332000000 0.200151
332500000 0.20006
333000000 0.199946
333500000 0.19985
334000000 0.199772
334500000 0.199695
335000000 0.199606
335500000 0.199583
336000000 0.199601
336500000 0.199667
337000000 0.199614
337500000 0.199479
338000000 0.199373
338500000 0.199238
339000000 0.199115
339500000 0.198999
340000000 0.198812
340500000 0.198614
341000000 0.198323
341500000 0.198032
342000000 0.197743
342500000 0.197454
343000000 0.197166
343500000 0.19699
344000000 0.196849
344500000 0.196726
345000000 0.196649
345500000 0.196463
346000000 0.196422
346500000 0.196629
347000000 0.196847
347500000 0.19741
348000000 0.197718
348500000 0.198244
349000000 0.198636
349500000 0.198821
350000000 0.199011
350500000 0.199486
351000000 0.199664
351500000 0.199852
352000000 0.19983
352500000 0.199631
353000000 0.199479
353500000 0.199197
354000000 0.198915
354500000 0.198635
355000000 0.198355
355500000 0.198076
356000000 0.197798
356500000 0.197633
357000000 0.197535
357500000 0.197455
358000000 0.197436
358500000 0.197317
359000000 0.197187
359500000 0.197068
360000000 0.196911
360500000 0.196843
361000000 0.196748
361500000 0.196675
362000000 0.196586
362500000 0.196579
363000000 0.196391
363500000 0.196358
364000000 0.196324
364500000 0.19623
365000000 0.196395
365500000 0.19658
366000000 0.196443
366500000 0.196617
367000000 0.196796
367500000 0.197001
368000000 0.197141
368500000 0.197216
369000000 0.197415
369500000 0.197521
370000000 0.197708
370500000 0.197609
371000000 0.197358
371500000 0.197093
372000000 0.196892
372500000 0.196628
373000000 0.196365
373500000 0.196102
374000000 0.19592
374500000 0.195834
375000000 0.195664
375500000 0.195627
376000000 0.195479
376500000 0.195548
377000000 0.195411
377500000 0.195152
378000000 0.194894
378500000 0.194637
379000000 0.19438
379500000 0.194124
380000000 0.193868
380500000 0.193614
381000000 0.19336
381500000 0.193106
382000000 0.192853
382500000 0.192601
383000000 0.192381
383500000 0.192412
384000000 0.192443
384500000 0.192609
385000000 0.192629
385500000 0.192379
386000000 0.19215
386500000 0.19215
387000000 0.192377
387500000 0.192521
388000000 0.19251
388500000 0.192762
389000000 0.192787
389500000 0.192827
390000000 0.193215
390500000 0.193834
391000000 0.19421
391500000 0.194314
392000000 0.194138
392500000 0.19389
393000000 0.193746
393500000 0.193921
394000000 0.193944
394500000 0.193962
395000000 0.194106
395500000 0.194154
396000000 0.194232
396500000 0.194265
397000000 0.194292
397500000 0.194385
398000000 0.194392
398500000 0.194344
399000000 0.1941
399500000 0.193857
400000000 0.193615
400500000 0.193453
401000000 0.193342
401500000 0.193375
402000000 0.193453
402500000 0.193511
403000000 0.193479
403500000 0.193239
404000000 0.193
404500000 0.192761
405000000 0.192523
405500000 0.192286
406000000 0.192049
406500000 0.191813
407000000 0.191577
407500000 0.191342
408000000 0.191108
408500000 0.190874
409000000 0.190641
409500000 0.190408
410000000 0.19021
410500000 0.190251
411000000 0.190229
411500000 0.190007
412000000 0.189777
412500000 0.189547
413000000 0.189317
413500000 0.189088
414000000 0.18886
414500000 0.188729
415000000 0.188843
415500000 0.189049
416000000 0.18925
416500000 0.189402
417000000 0.189458
417500000 0.189528
418000000 0.189565
418500000 0.18983
419000000 0.189919
419500000 0.190107
420000000 0.190371
420500000 0.190459
421000000 0.190717
421500000 0.190918
422000000 0.191028
422500000 0.191039
423000000 0.191035
423500000 0.19081
424000000 0.190585
424500000 0.19036
425000000 0.190136
425500000 0.190026
426000000 0.189986
426500000 0.189941
427000000 0.189719
427500000 0.189497
428000000 0.189276
428500000 0.189055
429000000 0.188834
429500000 0.188615
430000000 0.188451
430500000 0.188386
431000000 0.188334
431500000 0.188334
432000000 0.188528
432500000 0.188597
433000000 0.188679
433500000 0.188941
434000000 0.188954
434500000 0.189146
435000000 0.189389
435500000 0.189387
436000000 0.189514
436500000 0.189659
437000000 0.18968
437500000 0.189705
438000000 0.189753
438500000 0.189774
439000000 0.190023
439500000 0.189948
440000000 0.189982
440500000 0.190111
441000000 0.190381
441500000 0.190605
442000000 0.190647
442500000 0.190951
443000000 0.191034
443500000 0.191242
444000000 0.19127
444500000 0.19119
445000000 0.191196
445500000 0.19116
446000000 0.190946
446500000 0.190732
447000000 0.190519
447500000 0.190306
448000000 0.190094
448500000 0.189909
449000000 0.189844
449500000 0.189887
450000000 0.189853
450500000 0.189825
451000000 0.189787
451500000 0.189697
452000000 0.189668
452500000 0.189618
453000000 0.189422
453500000 0.189213
454000000 0.189004
454500000 0.188796
455000000 0.188589
455500000 0.188382
456000000 0.188175
456500000 0.187969
457000000 0.187764
457500000 0.187558
458000000 0.187354
458500000 0.187149
459000000 0.186946
459500000 0.186742
460000000 0.186539
460500000 0.186358
461000000 0.186434
461500000 0.186431
462000000 0.186502
462500000 0.186474
463000000 0.186419
463500000 0.186412
464000000 0.186422
464500000 0.186614
465000000 0.186654
465500000 0.186488
466000000 0.186288
466500000 0.186148
467000000 0.186231
467500000 0.186242
468000000 0.186158
468500000 0.185959
469000000 0.185761
469500000 0.185563
470000000 0.185366
470500000 0.185305
471000000 0.18535
471500000 0.185362
472000000 0.18528
472500000 0.185228
473000000 0.185192
473500000 0.185276
474000000 0.185224
474500000 0.185117
475000000 0.185048
475500000 0.184854
476000000 0.18466
476500000 0.184466
477000000 0.184273
477500000 0.18408
478000000 0.183887
478500000 0.183695
479000000 0.183503
479500000 0.183312
480000000 0.183121
480500000 0.18293
481000000 0.18274
481500000 0.18255
482000000 0.182361
482500000 0.182172
483000000 0.182025
483500000 0.181837
484000000 0.18169
484500000 0.181659
485000000 0.181637
485500000 0.181537
486000000 0.181506
486500000 0.181505
487000000 0.181458
487500000 0.181387
488000000 0.181332
488500000 0.181269
489000000 0.181211
489500000 0.181295
490000000 0.181445
490500000 0.181798
491000000 0.181788
491500000 0.181782
492000000 0.181902
492500000 0.181917
493000000 0.18187
493500000 0.181848
494000000 0.181907
494500000 0.18203
495000000 0.181972
495500000 0.181824
496000000 0.181641
496500000 0.181458
497000000 0.181276
497500000 0.181093
498000000 0.180912
498500000 0.18073
499000000 0.180549
499500000 0.180368
