0 0
0.05 0
0.1 0
0.15 0
0.2 0
0.25 0
0.3 2.66667
0.35 2.28571
0.4 2
0.45 1.77778
0.5 1.6
0.55 1.45455
0.6 1.33333
0.65 1.23077
0.7 1.14286
0.75 1.06667
0.8 1
0.85 0.941176
0.9 0.888889
0.95 0.842105
1 0.8
1.05 0.761905
1.1 0.727273
1.15 0.713043
1.2 0.683333
1.25 0.672
1.3 0.646154
1.35 0.651852
1.4 0.628571
1.45 0.606897
1.5 0.613333
1.55 0.593548
1.6 0.6625
1.65 0.727273
1.7 0.717647
1.75 0.742857
1.8 0.733333
1.85 0.778378
1.9 0.757895
1.95 0.748718
2 0.77
2.05 0.809756
2.1 0.790476
2.15 0.8
2.2 0.781818
2.25 0.773333
2.3 0.773913
2.35 0.757447
2.4 0.758333
2.45 0.77551
2.5 0.784
2.55 0.831373
2.6 0.823077
2.65 0.837736
2.7 0.859259
2.75 0.858182
2.8 0.85
2.85 0.870175
2.9 0.868966
2.95 0.867797
3 0.853333
3.05 0.852459
3.1 0.845161
3.15 0.838095
3.2 0.85
3.25 0.849231
3.3 0.878788
3.35 0.871642
3.4 0.870588
3.45 0.869565
3.5 0.88
3.55 0.878873
3.6 0.894444
3.65 0.920548
3.7 0.92973
3.75 0.965333
3.8 0.963158
3.85 0.966234
3.9 0.964103
3.95 0.951899
4 0.95
4.05 0.97284
4.1 0.97561
4.15 0.968675
4.2 0.961905
4.25 0.988235
4.3 1
4.35 0.988506
4.4 1.00455
4.45 1.02022
4.5 1.07556
4.55 1.06813
4.6 1.05652
4.65 1.06237
4.7 1.05532
4.75 1.05684
4.8 1.06667
4.85 1.05567
4.9 1.06122
4.95 1.06667
5 1.108
5.05 1.11683
5.1 1.10588
5.15 1.09515
5.2 1.1
5.25 1.11238
5.3 1.13208
5.35 1.13645
5.4 1.14074
5.45 1.13028
5.5 1.12364
5.55 1.13874
5.6 1.13571
5.65 1.1292
5.7 1.12632
5.75 1.12348
5.8 1.12759
5.85 1.13162
5.9 1.12542
5.95 1.13277
6 1.12667
6.05 1.13058
6.1 1.13443
6.15 1.15447
6.2 1.14516
6.25 1.1392
6.3 1.14603
6.35 1.14961
6.4 1.15312
6.45 1.16589
6.5 1.17231
6.55 1.17252
6.6 1.18485
6.65 1.17895
6.7 1.17612
6.75 1.17333
6.8 1.18235
6.85 1.2
6.9 1.1971
6.95 1.19137
7 1.20571
7.05 1.20284
7.1 1.2
7.15 1.2
7.2 1.19722
7.25 1.23586
7.3 1.2274
7.35 1.22721
7.4 1.22162
7.45 1.22416
7.5 1.22933
7.55 1.22649
7.6 1.22105
7.65 1.21569
7.7 1.21039
7.75 1.2129
7.8 1.22051
7.85 1.22548
7.9 1.23038
7.95 1.22516
8 1.22
8.05 1.22733
8.1 1.22963
8.15 1.24417
8.2 1.24634
8.25 1.24848
8.3 1.24819
8.35 1.24311
8.4 1.23571
8.45 1.2284
8.5 1.23059
8.55 1.23743
8.6 1.24186
8.65 1.2578
8.7 1.26207
8.75 1.25943
8.8 1.25909
8.85 1.27006
8.9 1.28315
8.95 1.29385
9 1.28889
9.05 1.29503
9.1 1.29451
9.15 1.29399
9.2 1.2913
9.25 1.29081
9.3 1.28602
9.35 1.27914
9.4 1.28511
9.45 1.28042
9.5 1.28
9.55 1.29424
9.6 1.28958
9.65 1.29534
9.7 1.30722
9.75 1.30462
9.8 1.30816
9.85 1.30761
9.9 1.30707
9.95 1.30452
10 1.3
10.05 1.29552
10.1 1.29505
10.15 1.30246
10.2 1.30196
10.25 1.30146
10.3 1.29709
10.35 1.29082
10.4 1.31923
10.45 1.31292
10.5 1.3219
10.55 1.31943
10.6 1.31321
10.65 1.31831
10.7 1.31963
10.75 1.31535
10.8 1.31481
10.85 1.31797
10.9 1.31376
10.95 1.30776
11 1.30909
11.05 1.30679
11.1 1.3027
11.15 1.30045
11.2 1.29821
11.25 1.296
11.3 1.29381
11.35 1.29868
11.4 1.29825
11.45 1.30131
11.5 1.3113
11.55 1.31948
11.6 1.32931
11.65 1.32876
11.7 1.32479
11.75 1.32426
11.8 1.32203
11.85 1.31983
11.9 1.31765
11.95 1.31548
12 1.31
12.05 1.30788
12.1 1.30744
12.15 1.31193
12.2 1.31803
12.25 1.31265
12.3 1.30894
12.35 1.31336
12.4 1.3129
12.45 1.31406
12.5 1.3184
12.55 1.31315
12.6 1.31111
12.65 1.31858
12.7 1.32126
12.75 1.31765
12.8 1.31875
12.85 1.31518
12.9 1.31938
12.95 1.31737
13 1.32
13.05 1.31954
13.1 1.31603
13.15 1.31407
13.2 1.32121
13.25 1.32075
13.3 1.3188
13.35 1.31835
13.4 1.31493
13.45 1.31152
13.5 1.32
13.55 1.32399
13.6 1.31912
13.65 1.31722
13.7 1.31241
13.75 1.31055
13.8 1.31449
13.85 1.31697
13.9 1.31511
13.95 1.31183
14 1.32
14.05 1.31815
14.1 1.3234
14.15 1.32014
14.2 1.32817
14.25 1.33474
14.3 1.33007
14.35 1.32683
14.4 1.32639
14.45 1.32872
14.5 1.3269
14.55 1.32234
14.6 1.32192
14.65 1.3215
14.7 1.32109
14.75 1.32203
14.8 1.32027
14.85 1.31852
14.9 1.32215
14.95 1.32977
15 1.33067
15.05 1.33821
15.1 1.33775
15.15 1.33465
15.2 1.33421
15.25 1.33115
15.3 1.33203
15.35 1.3342
15.4 1.33766
15.45 1.33333
15.5 1.33806
15.55 1.34148
15.6 1.34359
15.65 1.34313
15.7 1.33885
15.75 1.3346
15.8 1.33797
15.85 1.34259
15.9 1.3434
15.95 1.33918
16 1.3375
16.05 1.33956
16.1 1.34161
16.15 1.34241
16.2 1.33827
16.25 1.34031
16.3 1.34356
16.35 1.34557
16.4 1.34268
16.45 1.34103
16.5 1.34061
16.55 1.33897
16.6 1.34096
16.65 1.34294
16.7 1.33892
16.75 1.33493
16.8 1.33452
16.85 1.33175
16.9 1.32899
16.95 1.33569
17 1.33294
17.05 1.33724
17.1 1.33801
17.15 1.33411
17.2 1.33721
17.25 1.34029
17.3 1.34104
17.35 1.34179
17.4 1.34253
17.45 1.34327
17.5 1.34057
17.55 1.33903
17.6 1.33636
17.65 1.33598
17.7 1.33785
17.75 1.33521
17.8 1.33146
17.85 1.33894
17.9 1.33631
17.95 1.33259
18 1.33889
18.05 1.33518
18.1 1.33481
18.15 1.34215
18.2 1.33956
18.25 1.33699
18.3 1.33552
18.35 1.34278
18.4 1.35109
18.45 1.35068
18.5 1.35135
18.55 1.34771
18.6 1.35484
18.65 1.35764
18.7 1.35508
18.75 1.35573
18.8 1.35319
18.85 1.35172
18.9 1.35132
18.95 1.35092
19 1.35158
19.05 1.35118
19.1 1.35079
19.15 1.34935
19.2 1.34792
19.25 1.34649
19.3 1.34404
19.35 1.34367
19.4 1.34536
19.45 1.3419
19.5 1.34051
19.55 1.33811
19.6 1.33776
19.65 1.3374
19.7 1.33604
19.75 1.33468
19.8 1.3404
19.85 1.33804
19.9 1.33769
19.95 1.33634
20 1.335
20.05 1.33267
20.1 1.33333
20.15 1.33598
20.2 1.33267
20.25 1.33432
20.3 1.33399
20.35 1.33563
20.4 1.33333
20.45 1.33496
20.5 1.33366
20.55 1.33917
20.6 1.33883
20.65 1.33753
20.7 1.33527
20.75 1.33301
20.8 1.32981
20.85 1.3295
20.9 1.33397
20.95 1.33747
21 1.33714
21.05 1.33492
21.1 1.33555
21.15 1.33333
21.2 1.33396
21.25 1.33082
21.3 1.33052
21.35 1.33396
21.4 1.33925
21.45 1.33706
21.5 1.33953
21.55 1.33828
21.6 1.33981
21.65 1.34134
21.7 1.34378
21.75 1.34345
21.8 1.3422
21.85 1.34371
21.9 1.34064
21.95 1.3385
22 1.33545
22.05 1.33787
22.1 1.33756
22.15 1.33725
22.2 1.33604
22.25 1.33573
22.3 1.33722
22.35 1.3387
22.4 1.33929
22.45 1.33808
22.5 1.33689
22.55 1.33659
22.6 1.33805
22.65 1.33863
22.7 1.33833
22.75 1.33978
22.8 1.33947
22.85 1.34179
22.9 1.34061
22.95 1.34031
23 1.34261
23.05 1.34317
23.1 1.34372
23.15 1.34341
23.2 1.34224
23.25 1.3428
23.3 1.34077
23.35 1.33876
23.4 1.33761
23.45 1.33817
23.5 1.33702
23.55 1.33928
23.6 1.33898
23.65 1.33953
23.7 1.34008
23.75 1.33895
23.8 1.3395
23.85 1.33669
23.9 1.33808
23.95 1.34113
24 1.34083
24.05 1.3422
24.1 1.33942
24.15 1.33996
24.2 1.34132
24.25 1.34021
24.3 1.34074
24.35 1.33963
24.4 1.34672
24.45 1.34724
24.5 1.34449
24.55 1.34338
24.6 1.3439
24.65 1.34604
24.7 1.34332
24.75 1.34788
24.8 1.34758
24.85 1.34728
24.9 1.34859
24.95 1.3507
25 1.3488
25.05 1.3477
25.1 1.34661
25.15 1.3495
25.2 1.35317
25.25 1.35129
25.3 1.35336
25.35 1.35069
25.4 1.34961
25.45 1.35167
25.5 1.35216
25.55 1.35577
25.6 1.35781
25.65 1.3575
25.7 1.35798
25.75 1.35767
25.8 1.35736
25.85 1.36015
25.9 1.36293
25.95 1.36185
26 1.35923
26.05 1.35739
26.1 1.36015
26.15 1.36138
26.2 1.3626
26.25 1.36381
26.3 1.36806
26.35 1.36926
26.4 1.37348
26.45 1.37543
26.5 1.37509
26.55 1.37552
26.6 1.37444
26.65 1.37261
26.7 1.37228
26.75 1.37346
26.8 1.3709
26.85 1.36834
26.9 1.36654
26.95 1.36623
27 1.36889
27.05 1.37301
27.1 1.37343
27.15 1.37827
27.2 1.37574
27.25 1.38128
27.3 1.38388
27.35 1.38282
27.4 1.38102
27.45 1.37923
27.5 1.38255
27.55 1.38076
27.6 1.38043
27.65 1.37794
27.7 1.37617
27.75 1.37441
27.8 1.38417
27.85 1.38312
27.9 1.38495
27.95 1.3839
28 1.38429
28.05 1.39109
28.1 1.39786
28.15 1.39893
28.2 1.39787
28.25 1.3954
28.3 1.39647
28.35 1.39471
28.4 1.39296
28.45 1.39192
28.5 1.39228
28.55 1.39054
28.6 1.3965
28.65 1.39476
28.7 1.39443
28.75 1.39548
28.8 1.39375
28.85 1.3948
28.9 1.39377
28.95 1.39413
29 1.3931
29.05 1.39208
29.1 1.39244
29.15 1.39074
29.2 1.3911
29.25 1.39214
29.3 1.38976
29.35 1.39012
29.4 1.39252
29.45 1.39015
29.5 1.38983
29.55 1.39154
29.6 1.39189
29.65 1.39292
29.7 1.39259
29.75 1.39092
29.8 1.39396
29.85 1.3943
29.9 1.39599
29.95 1.39366
30 1.39333
30.05 1.39301
30.1 1.39136
30.15 1.39038
30.2 1.38874
30.25 1.39107
30.3 1.38944
30.35 1.38913
30.4 1.39013
30.45 1.38982
30.5 1.39344
30.55 1.39444
30.6 1.39346
30.65 1.39184
30.7 1.39544
30.75 1.39447
30.8 1.39545
30.85 1.39449
30.9 1.39353
30.95 1.39451
31 1.39742
31.05 1.3971
31.1 1.39678
31.15 1.39583
31.2 1.39487
31.25 1.39392
31.3 1.39425
31.35 1.39266
31.4 1.39554
31.45 1.3965
31.5 1.39937
31.55 1.39905
31.6 1.39684
31.65 1.39905
31.7 1.39685
31.75 1.39717
31.8 1.39686
31.85 1.39655
31.9 1.39436
31.95 1.39405
32 1.4
32.05 1.39844
32.1 1.39813
32.15 1.39782
32.2 1.39689
32.25 1.39721
32.3 1.39814
32.35 1.39784
32.4 1.3963
32.45 1.39414
32.5 1.392
32.55 1.39355
32.6 1.39693
32.65 1.39847
32.7 1.39633
32.75 1.39786
32.8 1.39756
32.85 1.39909
32.9 1.39939
32.95 1.39727
33 1.39879
33.05 1.39728
33.1 1.4
33.15 1.4009
33.2 1.3988
33.25 1.39789
33.3 1.3964
33.35 1.3973
33.4 1.39701
33.45 1.39611
33.5 1.39522
33.55 1.39672
33.6 1.40119
33.65 1.4003
33.7 1.4
33.75 1.40267
33.8 1.40533
33.85 1.40502
33.9 1.40826
33.95 1.40619
34 1.40588
34.05 1.40382
34.1 1.40469
34.15 1.40264
34.2 1.40409
34.25 1.40204
34.3 1.40292
34.35 1.40146
34.4 1.39942
34.45 1.40319
34.5 1.40232
34.55 1.40492
34.6 1.40578
34.65 1.40375
34.7 1.40865
34.75 1.41065
34.8 1.41092
34.85 1.41062
34.9 1.4086
34.95 1.40773
35 1.40743
35.05 1.40599
35.1 1.40684
35.15 1.40484
35.2 1.40852
35.25 1.40652
35.3 1.4068
35.35 1.4099
35.4 1.40791
35.45 1.41326
35.5 1.41465
35.55 1.41491
35.6 1.41685
35.65 1.41543
35.7 1.41457
35.75 1.41538
35.8 1.41397
35.85 1.41255
35.9 1.41114
35.95 1.41085
36 1.41
36.05 1.41026
36.1 1.41108
36.15 1.413
36.2 1.4116
36.25 1.41297
36.3 1.41377
36.35 1.41403
36.4 1.41209
36.45 1.41125
36.5 1.41041
36.55 1.41176
36.6 1.41148
36.65 1.40955
36.7 1.41199
36.75 1.41007
36.8 1.41196
36.85 1.41113
36.9 1.41192
36.95 1.4111
37 1.41135
37.05 1.41053
37.1 1.41078
37.15 1.40888
37.2 1.4086
37.25 1.4094
37.3 1.40965
37.35 1.40991
37.4 1.40909
37.45 1.40774
37.5 1.4112
37.55 1.41145
37.6 1.41011
37.65 1.40876
37.7 1.40743
37.75 1.40768
37.8 1.40952
37.85 1.41295
37.9 1.41214
37.95 1.41344
38 1.41316
38.05 1.4113
38.1 1.41365
38.15 1.4118
38.2 1.41152
38.25 1.41176
38.3 1.41253
38.35 1.41121
38.4 1.40937
38.45 1.41274
38.5 1.41351
38.55 1.41582
38.6 1.41503
38.65 1.4132
38.7 1.41344
38.75 1.41626
38.8 1.41701
38.85 1.41673
38.9 1.41491
38.95 1.41412
39 1.41282
39.05 1.41306
39.1 1.41125
39.15 1.40945
39.2 1.40918
39.25 1.40841
39.3 1.41069
39.35 1.41042
39.4 1.40863
39.45 1.41039
39.5 1.41063
39.55 1.40885
39.6 1.40859
39.65 1.40984
39.7 1.41008
39.75 1.40931
39.8 1.40804
39.85 1.40928
39.9 1.40952
39.95 1.40776
40 1.4075
40.05 1.40724
40.1 1.40848
40.15 1.40772
40.2 1.40896
40.25 1.4077
40.3 1.40695
40.35 1.40818
40.4 1.40743
40.45 1.40865
40.5 1.40889
40.55 1.40715
40.6 1.4069
40.65 1.40615
40.7 1.40541
40.75 1.40663
40.8 1.40588
40.85 1.40465
40.9 1.40293
40.95 1.40171
41 1.40195
41.05 1.40365
41.1 1.40341
41.15 1.40219
41.2 1.40194
41.25 1.40461
41.3 1.40387
41.35 1.40363
41.4 1.40435
41.45 1.40265
41.5 1.40241
41.55 1.40217
41.6 1.40337
41.65 1.40552
41.7 1.40624
41.75 1.40695
41.8 1.40718
41.85 1.4055
41.9 1.40764
41.95 1.40882
42 1.40762
42.05 1.4069
42.1 1.4057
42.15 1.40641
42.2 1.40474
42.25 1.40734
42.3 1.40662
42.35 1.40826
42.4 1.40849
42.45 1.40777
42.5 1.40706
42.55 1.40635
42.6 1.40704
42.65 1.40586
42.7 1.40562
42.75 1.40772
42.8 1.41075
42.85 1.40957
42.9 1.40886
42.95 1.40722
43 1.40651
43.05 1.40581
43.1 1.40464
43.15 1.40487
43.2 1.40509
43.25 1.40439
43.3 1.40508
43.35 1.40438
43.4 1.40553
43.45 1.40667
43.5 1.40552
43.55 1.40574
43.6 1.40734
43.65 1.40848
43.7 1.4087
43.75 1.40709
43.8 1.40685
43.85 1.40753
43.9 1.40592
43.95 1.4066
44 1.40682
44.05 1.40522
44.1 1.40771
44.15 1.40702
44.2 1.40679
44.25 1.41107
44.3 1.40948
44.35 1.4106
44.4 1.40991
44.45 1.41012
44.5 1.40899
44.55 1.40741
44.6 1.40852
44.65 1.41008
44.7 1.41074
44.75 1.40961
44.8 1.40848
44.85 1.4078
44.9 1.40668
44.95 1.40556
45 1.40667
45.05 1.40599
45.1 1.40532
45.15 1.40598
45.2 1.40664
45.25 1.40641
45.3 1.40662
45.35 1.40507
45.4 1.40352
45.45 1.40462
45.5 1.40527
45.55 1.40461
45.6 1.40351
45.65 1.40241
45.7 1.4035
45.75 1.40197
45.8 1.40437
45.85 1.40458
45.9 1.40349
45.95 1.40544
46 1.40391
46.05 1.40413
46.1 1.40564
46.15 1.40542
46.2 1.40779
46.25 1.40843
46.3 1.40734
46.35 1.40841
46.4 1.40776
46.45 1.4071
46.5 1.40645
46.55 1.4058
46.6 1.40429
46.65 1.40364
46.7 1.40257
46.75 1.40107
46.8 1.40427
46.85 1.4032
46.9 1.40384
46.95 1.40362
47 1.4034
47.05 1.40446
47.1 1.40425
47.15 1.40573
47.2 1.40593
47.25 1.40952
47.3 1.40973
47.35 1.40908
47.4 1.40802
47.45 1.40822
47.5 1.40758
47.55 1.40694
47.6 1.40588
47.65 1.40609
47.7 1.40503
47.75 1.40649
47.8 1.40544
47.85 1.40397
47.9 1.40543
47.95 1.40647
48 1.40583
48.05 1.40479
48.1 1.40457
48.15 1.40644
48.2 1.40581
48.25 1.4056
48.3 1.40497
48.35 1.40352
48.4 1.40331
48.45 1.40268
48.5 1.40206
48.55 1.40268
48.6 1.40247
48.65 1.40185
48.7 1.40205
48.75 1.40185
48.8 1.40082
48.85 1.39939
48.9 1.40041
48.95 1.4002
49 1.40082
49.05 1.4002
49.1 1.39878
49.15 1.39776
49.2 1.39756
49.25 1.39817
49.3 1.4
49.35 1.39939
49.4 1.4
49.45 1.39939
49.5 1.40121
49.55 1.3998
49.6 1.39879
49.65 1.40101
49.7 1.4004
49.75 1.3998
49.8 1.4
49.85 1.3994
49.9 1.3992
49.95 1.3986
