43 41355
43.1 41412
43.2 41466
43.3 41519
43.4 41568
43.5 41617
43.6 41662
43.7 41707
43.8 41750
43.9 41791
44 41832
44.1 41870
44.2 41908
44.3 41945
44.4 41980
44.5 42015
44.6 42049
44.7 42082
44.8 42113
44.9 42145
45 42176
45.1 42204
45.2 42234
45.3 42262
45.4 42289
45.5 42317
45.6 42342
45.7 42368
45.8 42393
45.9 42417
46 42441
46.1 42464
46.2 42486
46.3 42509
46.4 42530
46.5 42551
46.6 42572
46.7 42592
46.8 42611
46.9 42629
47 42649
47.1 42666
47.2 42684
47.3 42701
47.4 42717
47.5 42734
47.6 42749
47.7 42764
47.8 42780
47.9 42793
48 42808
