0.0005 1878
0.00025 1902
0.000166667 1910
0.000125 1914
0.0001 1916
8.33333e-05 1918
7.14286e-05 1919
6.25e-05 1920
5.55556e-05 1921
5e-05 1921
4.54545e-05 1922
4.16667e-05 1922
3.84615e-05 1922
3.57143e-05 1922
3.33333e-05 1923
3.125e-05 1923
2.94118e-05 1923
2.77778e-05 1924
2.63158e-05 1923
2.5e-05 1924
2.38095e-05 1924
2.27273e-05 1923
2.17391e-05 1924
2.08333e-05 1924
2e-05 1924
1.92308e-05 1925
1.85185e-05 1924
1.78571e-05 1924
1.72414e-05 1924
1.66667e-05 1925
1.6129e-05 1924
1.5625e-05 1925
1.51515e-05 1924
1.47059e-05 1925
1.42857e-05 1925
1.38889e-05 1924
1.35135e-05 1925
1.31579e-05 1925
1.28205e-05 1925
1.25e-05 1924
1.21951e-05 1925
1.19048e-05 1925
1.16279e-05 1925
1.13636e-05 1925
1.11111e-05 1925
1.08696e-05 1925
1.06383e-05 1925
1.04167e-05 1925
1.02041e-05 1925
1e-05 1925
