0 -30
0.016 -26.2157
0.032 -22.3591
0.048 -18.4692
0.064 -14.8766
0.08 -11.885
0.096 -9.68198
0.112 -8.31412
0.128 -7.71966
0.144 -7.78126
0.16 -8.36972
0.176 -9.36923
0.192 -10.6873
0.208 -12.2555
0.224 -14.0252
0.24 -15.9616
0.256 -18.0369
0.272 -20.2232
0.288 -22.4865
0.304 -24.7836
0.32 -27.0654
0.336 -29.2837
0.352 -31.3992
0.368 -33.385
0.384 -35.2268
0.4 -36.9195
0.416 -38.4641
0.432 -39.8658
0.448 -41.1317
0.464 -42.27
0.48 -43.2894
0.496 -44.1984
0.512 -45.0054
0.528 -45.7183
0.544 -46.3444
0.56 -46.8908
0.576 -47.3635
0.592 -47.7682
0.608 -48.1102
0.624 -48.3939
0.64 -48.6234
0.656 -48.8022
0.672 -48.9332
0.688 -49.0191
0.704 -49.0618
0.72 -49.0631
0.736 -49.0241
0.752 -48.9456
0.768 -48.8277
0.784 -48.6704
0.8 -48.473
0.816 -48.2341
0.832 -47.9519
0.848 -47.624
0.864 -47.247
0.88 -46.8167
0.896 -46.3279
0.912 -45.7742
0.928 -45.1473
0.944 -44.4374
0.96 -43.6321
0.976 -42.7163
0.992 -41.6713
1.008 -40.4741
1.024 -39.0965
1.04 -37.5049
1.056 -35.6607
1.072 -33.5236
1.088 -31.0601
1.104 -28.2621
1.12 -25.1769
1.136 -21.9358
1.152 -18.7529
1.168 -15.8758
1.184 -13.5163
1.2 -11.8009
1.216 -10.7615
1.232 -10.3564
1.248 -10.5044
1.264 -11.1126
1.28 -12.0943
1.296 -13.3773
1.312 -14.9048
1.328 -16.6323
1.344 -18.5227
1.36 -20.5404
1.376 -22.6461
1.392 -24.7944
1.408 -26.9359
1.424 -29.0232
1.44 -31.0169
1.456 -32.8895
1.472 -34.6248
1.488 -36.2158
1.504 -37.662
1.52 -38.9667
1.536 -40.1357
1.552 -41.1762
1.568 -42.0956
1.584 -42.9015
1.6 -43.6014
1.616 -44.2022
1.632 -44.7101
1.648 -45.1311
1.664 -45.47
1.68 -45.7314
1.696 -45.9189
1.712 -46.0353
1.728 -46.0827
1.744 -46.0625
1.76 -45.9751
1.776 -45.8201
1.792 -45.596
1.808 -45.3001
1.824 -44.9286
1.84 -44.4762
1.856 -43.9357
1.872 -43.2979
1.888 -42.5511
1.904 -41.6806
1.92 -40.6679
1.936 -39.4901
1.952 -38.1195
1.968 -36.5235
1.984 -34.6659
2 -32.5114
2.016 -30.0371
2.032 -27.2528
2.048 -24.2297
2.064 -21.1195
2.08 -18.1389
2.096 -15.5157
2.112 -13.4283
2.128 -11.9707
2.144 -11.1535
2.16 -10.9271
2.176 -11.2119
2.192 -11.922
2.208 -12.9792
2.224 -14.3184
2.24 -15.8879
2.256 -17.6455
2.272 -19.5541
2.288 -21.5753
2.304 -23.6665
2.32 -25.7795
2.336 -27.8653
2.352 -29.8796
2.368 -31.7884
2.384 -33.5694
2.4 -35.2104
2.416 -36.7073
2.432 -38.061
2.448 -39.276
2.464 -40.3582
2.48 -41.3146
2.496 -42.1526
2.512 -42.8794
2.528 -43.5017
2.544 -44.0259
2.56 -44.4577
2.576 -44.8021
2.592 -45.0634
2.608 -45.2451
2.624 -45.3498
2.64 -45.3793
2.656 -45.3344
2.672 -45.2152
2.688 -45.0202
2.704 -44.7472
2.72 -44.3923
2.736 -43.95
2.752 -43.4131
2.768 -42.772
2.784 -42.0146
2.8 -41.1252
2.816 -40.0847
2.832 -38.8692
2.848 -37.4501
2.864 -35.794
2.88 -33.8658
2.896 -31.6342
2.912 -29.0859
2.928 -26.2493
2.944 -23.2207
2.96 -20.1741
2.976 -17.3319
2.992 -14.9065
3.008 -13.0475
3.024 -11.8195
3.04 -11.2116
3.056 -11.1635
3.072 -11.594
3.088 -12.4205
3.104 -13.5701
3.12 -14.9829
3.136 -16.6112
3.152 -18.4148
3.168 -20.3561
3.184 -22.3951
3.2 -24.4867
3.216 -26.5817
3.232 -28.6322
3.248 -30.5976
3.264 -32.4483
3.28 -34.166
3.296 -35.7419
3.312 -37.1738
3.328 -38.4641
3.344 -39.6178
3.36 -40.6412
3.376 -41.5414
3.392 -42.3255
3.408 -43.0005
3.424 -43.5729
3.44 -44.0487
3.456 -44.4332
3.472 -44.7309
3.488 -44.9456
3.504 -45.0802
3.52 -45.1368
3.536 -45.1165
3.552 -45.0195
3.568 -44.8447
3.584 -44.59
3.6 -44.2516
3.616 -43.8245
3.632 -43.3015
3.648 -42.6733
3.664 -41.9278
3.68 -41.0498
3.696 -40.0201
3.712 -38.8153
3.728 -37.407
3.744 -35.7624
3.76 -33.8466
3.776 -31.629
3.792 -29.0965
3.808 -26.2771
3.824 -23.2662
3.84 -20.2357
3.856 -17.4058
3.872 -14.9877
3.888 -13.1307
3.904 -11.9005
3.92 -11.2875
3.936 -11.2329
3.952 -11.6564
3.968 -12.4761
3.984 -13.6192
4 -15.0263
4.016 -16.6492
4.032 -18.4478
4.048 -20.3842
4.064 -22.4184
4.08 -24.5049
4.096 -26.5948
4.112 -28.6401
4.128 -30.6004
4.144 -32.446
4.16 -34.1588
4.176 -35.7299
4.192 -37.1572
4.208 -38.443
4.224 -39.5921
4.24 -40.611
4.256 -41.5065
4.272 -42.286
4.288 -42.9561
4.304 -43.5235
4.32 -43.994
4.336 -44.3728
4.352 -44.6644
4.368 -44.8726
4.384 -45.0001
4.4 -45.0488
4.416 -45.0199
4.432 -44.9133
4.448 -44.7277
4.464 -44.4608
4.48 -44.1086
4.496 -43.6656
4.512 -43.1244
4.528 -42.4749
4.544 -41.7047
4.56 -40.7976
4.576 -39.7338
4.592 -38.4886
4.608 -37.0328
4.624 -35.3329
4.64 -33.3544
4.656 -31.0693
4.672 -28.472
4.688 -25.6036
4.704 -22.5769
4.72 -19.5785
4.736 -16.8311
4.752 -14.5349
4.768 -12.8208
4.784 -11.7357
4.8 -11.2564
4.816 -11.3175
4.832 -11.8372
4.848 -12.7352
4.864 -13.9419
4.88 -15.4007
4.896 -17.0657
4.912 -18.8977
4.928 -20.8587
4.944 -22.9074
4.96 -24.9972
4.976 -27.0788
4.992 -29.1057
5.008 -31.0396
5.024 -32.8538
5.04 -34.5324
5.056 -36.0683
5.072 -37.4607
5.088 -38.7126
5.104 -39.8292
5.12 -40.8171
5.136 -41.6834
5.152 -42.4351
5.168 -43.079
5.184 -43.6215
5.2 -44.0682
5.216 -44.4242
5.232 -44.6938
5.248 -44.8805
5.264 -44.9868
5.28 -45.0145
5.296 -44.9642
5.312 -44.8355
5.328 -44.6271
5.344 -44.336
5.36 -43.9578
5.376 -43.4864
5.392 -42.9137
5.408 -42.229
5.424 -41.4187
5.44 -40.4655
5.456 -39.3482
5.472 -38.0406
5.488 -36.5122
5.504 -34.7287
5.52 -32.6565
5.536 -30.2728
5.552 -27.5837
5.568 -24.6512
5.584 -21.613
5.6 -18.6726
5.616 -16.0517
5.632 -13.932
5.648 -12.4176
5.664 -11.5307
5.68 -11.2316
5.696 -11.4474
5.712 -12.0953
5.728 -13.0979
5.744 -14.3899
5.76 -15.9184
5.776 -17.6401
5.792 -19.5168
5.808 -21.5098
5.824 -23.5762
5.84 -25.668
5.856 -27.7361
5.872 -29.7361
5.888 -31.6334
5.904 -33.4048
5.92 -35.0375
5.936 -36.5267
5.952 -37.8731
5.968 -39.0803
5.984 -40.1544
6 -41.102
6.016 -41.9302
6.032 -42.646
6.048 -43.2561
6.064 -43.7666
6.08 -44.183
6.096 -44.5101
6.112 -44.752
6.128 -44.9117
6.144 -44.9916
6.16 -44.9931
6.176 -44.9164
6.192 -44.761
6.208 -44.5248
6.224 -44.2044
6.24 -43.7949
6.256 -43.2896
6.272 -42.6794
6.288 -41.9527
6.304 -41.0947
6.32 -40.0868
6.336 -38.906
6.352 -37.5248
6.368 -35.9108
6.384 -34.0295
6.4 -31.8496
6.416 -29.3559
6.432 -26.571
6.448 -23.5824
6.464 -20.5542
6.48 -17.703
6.496 -15.2425
6.512 -13.3295
6.528 -12.0381
6.544 -11.3655
6.56 -11.2573
6.576 -11.6348
6.592 -12.416
6.608 -13.5274
6.624 -14.9081
6.64 -16.5091
6.656 -18.2897
6.672 -20.2118
6.688 -22.2356
6.704 -24.3163
6.72 -26.405
6.736 -28.4534
6.752 -30.4202
6.768 -32.2747
6.784 -33.9978
6.8 -35.5797
6.816 -37.0179
6.832 -38.3142
6.848 -39.4734
6.864 -40.5017
6.88 -41.4061
6.896 -42.1935
6.912 -42.8709
6.928 -43.4448
6.944 -43.9212
6.96 -44.3052
6.976 -44.6014
6.992 -44.8135
7.008 -44.9444
7.024 -44.996
7.04 -44.9694
7.056 -44.8645
7.072 -44.6802
7.088 -44.4139
7.104 -44.0619
7.12 -43.6186
7.136 -43.0763
7.152 -42.4251
7.168 -41.6524
7.184 -40.7421
7.2 -39.6739
7.216 -38.4234
7.232 -36.961
7.248 -35.2533
7.264 -33.266
7.28 -30.9717
7.296 -28.366
7.312 -25.4926
7.328 -22.4671
7.344 -19.4778
7.36 -16.7474
7.376 -14.4737
7.392 -12.7844
7.408 -11.7235
7.424 -11.2659
7.44 -11.3453
7.456 -11.8798
7.472 -12.7898
7.488 -14.0062
7.504 -15.4727
7.52 -17.1439
7.536 -18.9806
7.552 -20.9448
7.568 -22.9949
7.584 -25.0841
7.6 -27.1633
7.616 -29.1859
7.632 -31.1144
7.648 -32.9223
7.664 -34.5942
7.68 -36.1233
7.696 -37.509
7.712 -38.7543
7.728 -39.8647
7.744 -40.8466
7.76 -41.7071
7.776 -42.4533
7.792 -43.092
7.808 -43.6293
7.824 -44.0711
7.84 -44.4224
7.856 -44.6872
7.872 -44.8691
7.888 -44.9706
7.904 -44.9933
7.92 -44.9378
7.936 -44.8038
7.952 -44.5895
7.968 -44.2921
7.984 -43.907
8 -43.428
8.016 -42.8467
8.032 -42.1521
8.048 -41.3304
8.064 -40.3641
8.08 -39.2314
8.096 -37.9059
8.112 -36.3565
8.128 -34.5488
8.144 -32.4499
8.16 -30.0386
8.176 -27.325
8.192 -24.3774
8.208 -21.3405
8.224 -18.4216
8.24 -15.8409
8.256 -13.7741
8.272 -12.3175
8.288 -11.4865
8.304 -11.2375
8.32 -11.4958
8.336 -12.1787
8.352 -13.2099
8.368 -14.5251
8.384 -16.0725
8.4 -17.8096
8.416 -19.6982
8.432 -21.6994
8.448 -23.7697
8.464 -25.8609
8.48 -27.924
8.496 -29.9154
8.512 -31.8015
8.528 -33.5601
8.544 -35.1793
8.56 -36.6549
8.576 -37.9879
8.592 -39.1823
8.608 -40.244
8.624 -41.18
8.64 -41.9971
8.656 -42.7026
8.672 -43.3028
8.688 -43.804
8.704 -44.2115
8.72 -44.5301
8.736 -44.7637
8.752 -44.9154
8.768 -44.9874
8.784 -44.981
8.8 -44.8963
8.816 -44.7326
8.832 -44.4878
8.848 -44.1583
8.864 -43.739
8.88 -43.2229
8.896 -42.6007
8.912 -41.8605
8.928 -40.9871
8.944 -39.9614
8.96 -38.76
8.976 -37.3547
8.992 -35.713
9.008 -33.8001
9.024 -31.5858
9.04 -29.0578
9.056 -26.245
9.072 -23.243
9.088 -20.2239
9.104 -17.407
9.12 -15.0017
9.136 -13.1563
9.152 -11.9354
9.168 -11.3292
9.184 -11.2794
9.2 -11.7058
9.216 -12.5272
9.232 -13.6713
9.248 -15.0788
9.264 -16.7016
9.28 -18.4997
9.296 -20.4351
9.312 -22.4675
9.328 -24.5514
9.344 -26.6377
9.36 -28.6787
9.376 -30.634
9.392 -32.4744
9.408 -34.1818
9.424 -35.7475
9.44 -37.1695
9.456 -38.45
9.472 -39.5941
9.488 -40.608
9.504 -41.4987
9.52 -42.2733
9.536 -42.9387
9.552 -43.5012
9.568 -43.9668
9.584 -44.3405
9.6 -44.627
9.616 -44.8296
9.632 -44.9513
9.648 -44.9938
9.664 -44.9582
9.68 -44.8441
9.696 -44.6504
9.712 -44.3744
9.728 -44.012
9.744 -43.5574
9.76 -43.0028
9.776 -42.338
9.792 -41.5499
9.808 -40.6219
9.824 -39.5334
9.84 -38.2593
9.856 -36.7695
9.872 -35.0302
9.888 -33.0075
9.904 -30.6756
9.92 -28.0345
9.936 -25.1354
9.952 -22.1033
9.968 -19.1335
9.984 -16.4485
10 -14.2399
10.016 -12.6252
10.032 -11.6389
10.048 -11.2496
10.064 -11.3878
10.08 -11.9714
10.096 -12.9214
10.112 -14.1704
10.128 -15.6635
10.144 -17.3565
10.16 -19.2105
10.176 -21.1872
10.192 -23.2444
10.208 -25.335
10.224 -27.4096
10.24 -29.4227
10.256 -31.3378
10.272 -33.1299
10.288 -34.7849
10.304 -36.2967
10.32 -37.6653
10.336 -38.8941
10.352 -39.9886
10.368 -40.9555
10.384 -41.8019
10.4 -42.5348
10.416 -43.161
10.432 -43.6865
10.448 -44.1172
10.464 -44.4577
10.48 -44.7124
10.496 -44.8844
10.512 -44.9763
10.528 -44.9895
10.544 -44.9246
10.56 -44.7809
10.576 -44.5567
10.592 -44.2489
10.608 -43.8527
10.624 -43.3617
10.64 -42.7671
10.656 -42.0578
10.672 -41.2195
10.688 -40.234
10.704 -39.0792
10.72 -37.728
10.736 -36.1488
10.752 -34.3071
10.768 -32.1706
10.784 -29.7207
10.8 -26.9733
10.816 -24.0055
10.832 -20.9711
10.848 -18.0824
10.864 -15.5569
10.88 -13.5617
10.896 -12.1825
10.912 -11.4263
10.928 -11.244
10.944 -11.5588
10.96 -12.2884
10.976 -13.3576
10.992 -14.7039
11.008 -16.2767
11.024 -18.0344
11.04 -19.939
11.056 -21.9511
11.072 -24.0266
11.088 -26.117
11.104 -28.1734
11.12 -30.1535
11.136 -32.0248
11.152 -33.7667
11.168 -35.3683
11.184 -36.8263
11.2 -38.1419
11.216 -39.3196
11.232 -40.3655
11.248 -41.2865
11.264 -42.0895
11.28 -42.7816
11.296 -43.3694
11.312 -43.8587
11.328 -44.2551
11.344 -44.563
11.36 -44.7863
11.376 -44.9281
11.392 -44.9904
11.408 -44.9743
11.424 -44.88
11.44 -44.7064
11.456 -44.4513
11.472 -44.111
11.488 -43.6801
11.504 -43.1515
11.52 -42.5154
11.536 -41.7595
11.552 -40.8684
11.568 -39.8223
11.584 -38.5973
11.6 -37.1645
11.616 -35.491
11.632 -33.5422
11.648 -31.2891
11.664 -28.7231
11.68 -25.88
11.696 -22.8653
11.712 -19.859
11.728 -17.0826
11.744 -14.7404
11.76 -12.9706
11.776 -11.8278
11.792 -11.2945
11.808 -11.3082
11.824 -11.788
11.84 -12.6531
11.856 -13.8328
11.872 -15.2694
11.888 -16.916
11.904 -18.7332
11.92 -20.683
11.936 -22.7243
11.952 -24.8112
11.968 -26.8943
11.984 -28.9266
12 -30.869
12.016 -32.6937
12.032 -34.3838
12.048 -35.9317
12.064 -37.3359
12.08 -38.5992
12.096 -39.7268
12.112 -40.725
12.128 -41.6009
12.144 -42.3616
12.16 -43.0138
12.176 -43.564
12.192 -44.0179
12.208 -44.3806
12.224 -44.6564
12.24 -44.8489
12.256 -44.9607
12.272 -44.9935
12.288 -44.9481
12.304 -44.8243
12.32 -44.6205
12.336 -44.3339
12.352 -43.9604
12.368 -43.4938
12.384 -42.9262
12.4 -42.2468
12.416 -41.4422
12.432 -40.4955
12.448 -39.3854
12.464 -38.0862
12.48 -36.5672
12.496 -34.7944
12.512 -32.7342
12.528 -30.3631
12.544 -27.6858
12.56 -24.7617
12.576 -21.7256
12.592 -18.7792
12.608 -16.1444
12.624 -14.005
12.64 -12.4683
12.656 -11.5591
12.672 -11.2397
12.688 -11.438
12.704 -12.0713
12.72 -13.0619
12.736 -14.344
12.752 -15.8643
12.768 -17.5794
12.784 -19.4508
12.8 -21.4399
12.816 -23.504
12.832 -25.5953
12.848 -27.6645
12.864 -29.6672
12.88 -31.5681
12.896 -33.3437
12.912 -34.981
12.928 -36.4749
12.944 -37.8258
12.96 -39.0376
12.976 -40.1158
12.992 -41.0673
13.008 -41.8992
13.024 -42.6185
13.04 -43.2317
13.056 -43.7452
13.072 -44.1643
13.088 -44.494
13.104 -44.7382
13.12 -44.9001
13.136 -44.9821
13.152 -44.9856
13.168 -44.9109
13.184 -44.7573
13.2 -44.5229
13.216 -44.2044
13.232 -43.7968
13.248 -43.2934
13.264 -42.6852
13.28 -41.9606
13.296 -41.105
13.312 -40.0997
13.328 -38.922
13.344 -37.5442
13.36 -35.9341
13.376 -34.0573
13.392 -31.8823
13.408 -29.3934
13.424 -26.6129
13.44 -23.6268
13.456 -20.5983
13.472 -17.7436
13.488 -15.2766
13.504 -13.3552
13.52 -12.0548
13.536 -11.3737
13.552 -11.2578
13.568 -11.6288
13.584 -12.4046
13.6 -13.5116
13.616 -14.8886
13.632 -16.4866
13.648 -18.2647
13.664 -20.1849
13.68 -22.2075
13.696 -24.2875
13.712 -26.3762
13.728 -28.4253
13.744 -30.3933
13.76 -32.2494
13.776 -33.9742
13.792 -35.558
13.808 -36.998
13.824 -38.2962
13.84 -39.4571
13.856 -40.487
13.872 -41.3929
13.888 -42.1817
13.904 -42.8605
13.92 -43.4356
13.936 -43.9131
13.952 -44.2982
13.968 -44.5954
13.984 -44.8084
14 -44.9402
14.016 -44.9926
14.032 -44.9668
14.048 -44.8626
14.064 -44.679
14.08 -44.4136
14.096 -44.0623
14.112 -43.6197
14.128 -43.0782
14.144 -42.4279
14.16 -41.6561
14.176 -40.7467
14.192 -39.6797
14.208 -38.4305
14.224 -36.9696
14.24 -35.2636
14.256 -33.2781
14.272 -30.9858
14.288 -28.3821
14.304 -25.5102
14.32 -22.4853
14.336 -19.4954
14.352 -16.763
14.368 -14.4864
14.384 -12.7935
14.4 -11.7289
14.416 -11.2679
14.432 -11.3444
14.448 -11.8765
14.464 -12.7844
14.48 -13.9991
14.496 -15.4642
14.512 -17.1343
14.528 -18.9701
14.544 -20.9336
14.56 -22.9832
14.576 -25.0723
14.592 -27.1516
14.608 -29.1746
14.624 -31.1036
14.64 -32.9122
14.656 -34.5848
14.672 -36.1147
14.688 -37.5012
14.704 -38.7472
14.72 -39.8583
14.736 -40.8408
14.752 -41.702
14.768 -42.4488
14.784 -43.0879
14.8 -43.6258
14.816 -44.0681
14.832 -44.4197
14.848 -44.6849
14.864 -44.8672
14.88 -44.969
14.896 -44.9921
14.912 -44.9369
14.928 -44.8032
14.944 -44.5893
14.96 -44.2922
14.976 -43.9074
14.992 -43.4287
15.008 -42.8477
15.024 -42.1535
15.04 -41.3322
15.056 -40.3664
15.072 -39.2342
15.088 -37.9092
15.104 -36.3605
15.12 -34.5536
15.136 -32.4556
15.152 -30.0451
15.168 -27.3323
15.184 -24.3853
15.2 -21.3484
15.216 -18.429
15.232 -15.8473
15.248 -13.7791
15.264 -12.3208
15.28 -11.4883
15.296 -11.2379
15.312 -11.4949
15.328 -12.1768
15.344 -13.2072
15.36 -14.5217
15.376 -16.0686
15.392 -17.8052
15.408 -19.6934
15.424 -21.6944
15.44 -23.7645
15.456 -25.8557
15.472 -27.9189
15.488 -29.9105
15.504 -31.7969
15.52 -33.5558
15.536 -35.1753
15.552 -36.6513
15.568 -37.9846
15.584 -39.1793
15.6 -40.2413
15.616 -41.1776
15.632 -41.995
15.648 -42.7007
15.664 -43.3012
15.68 -43.8025
15.696 -44.2103
15.712 -44.5291
15.728 -44.7628
15.744 -44.9147
15.76 -44.9868
15.776 -44.9806
15.792 -44.8961
15.808 -44.7325
15.824 -44.4878
15.84 -44.1585
15.856 -43.7393
15.872 -43.2234
15.888 -42.6014
15.904 -41.8613
15.92 -40.9881
15.936 -39.9627
15.952 -38.7616
15.968 -37.3566
15.984 -35.7152
