0 -30
0.016 -26.4161
0.032 -22.5684
0.048 -18.6835
0.064 -15.0895
0.08 -12.088
0.096 -9.86619
0.112 -8.47245
0.128 -7.84804
0.144 -7.87857
0.16 -8.43704
0.176 -9.40888
0.192 -10.702
0.208 -12.2477
0.224 -13.9969
0.24 -15.9142
0.256 -17.971
0.272 -20.1389
0.288 -22.3834
0.304 -24.6614
0.32 -26.9239
0.336 -29.1232
0.352 -31.2204
0.368 -33.189
0.384 -35.0143
0.4 -36.6912
0.416 -38.2205
0.432 -39.6071
0.448 -40.8579
0.464 -41.9809
0.48 -42.9845
0.496 -43.8772
0.512 -44.6671
0.528 -45.362
0.544 -45.969
0.56 -46.4949
0.576 -46.9458
0.592 -47.327
0.608 -47.6435
0.624 -47.8996
0.64 -48.099
0.656 -48.245
0.672 -48.3403
0.688 -48.3869
0.704 -48.3865
0.72 -48.3403
0.736 -48.2487
0.752 -48.1119
0.768 -47.9292
0.784 -47.6994
0.8 -47.4207
0.816 -47.0904
0.832 -46.7049
0.848 -46.2596
0.864 -45.7485
0.88 -45.1645
0.896 -44.4981
0.912 -43.7382
0.928 -42.8704
0.944 -41.8773
0.96 -40.7372
0.976 -39.4235
0.992 -37.9045
1.008 -36.1428
1.024 -34.0987
1.04 -31.7365
1.056 -29.0409
1.072 -26.0442
1.088 -22.8562
1.104 -19.6717
1.12 -16.7319
1.136 -14.2574
1.152 -12.3939
1.168 -11.1942
1.184 -10.6336
1.2 -10.6403
1.216 -11.1254
1.232 -12.0021
1.248 -13.1958
1.264 -14.6469
1.28 -16.3082
1.296 -18.1407
1.312 -20.1083
1.328 -22.172
1.344 -24.2873
1.36 -26.4054
1.376 -28.4784
1.392 -30.4656
1.408 -32.3373
1.424 -34.0753
1.44 -35.6708
1.456 -37.1217
1.472 -38.4307
1.488 -39.6026
1.504 -40.6441
1.52 -41.5622
1.536 -42.3643
1.552 -43.0575
1.568 -43.6483
1.584 -44.143
1.6 -44.5469
1.616 -44.8647
1.632 -45.1006
1.648 -45.2576
1.664 -45.3381
1.68 -45.3436
1.696 -45.2745
1.712 -45.1303
1.728 -44.9094
1.744 -44.6087
1.76 -44.224
1.776 -43.749
1.792 -43.1757
1.808 -42.4934
1.824 -41.6886
1.84 -40.7444
1.856 -39.6395
1.872 -38.3483
1.888 -36.8399
1.904 -35.0797
1.92 -33.0332
1.936 -30.6748
1.952 -28.006
1.968 -25.0821
1.984 -22.0338
2 -19.0607
2.016 -16.3858
2.032 -14.1967
2.048 -12.6052
2.064 -11.641
2.08 -11.2696
2.096 -11.4206
2.112 -12.012
2.128 -12.9659
2.144 -14.2157
2.16 -15.7071
2.176 -17.3961
2.192 -19.2438
2.208 -21.2116
2.224 -23.2569
2.24 -25.3324
2.256 -27.3892
2.272 -29.3824
2.288 -31.2765
2.304 -33.0474
2.32 -34.6811
2.336 -36.1721
2.352 -37.5201
2.368 -38.7286
2.384 -39.8028
2.4 -40.7493
2.416 -41.5748
2.432 -42.2862
2.448 -42.8897
2.464 -43.3914
2.48 -43.7965
2.496 -44.1096
2.512 -44.3342
2.528 -44.4732
2.544 -44.5285
2.56 -44.5009
2.576 -44.3901
2.592 -44.1945
2.608 -43.9113
2.624 -43.5358
2.64 -43.0616
2.656 -42.48
2.672 -41.7798
2.688 -40.9465
2.704 -39.9618
2.72 -38.8033
2.736 -37.4436
2.752 -35.8514
2.768 -33.9929
2.784 -31.8381
2.8 -29.3736
2.816 -26.6244
2.832 -23.6789
2.848 -20.6998
2.864 -17.8984
2.88 -15.4813
2.896 -13.5996
2.912 -12.3249
2.928 -11.6553
2.944 -11.5394
2.96 -11.9019
2.976 -12.6639
2.992 -13.7541
3.008 -15.1127
3.024 -16.691
3.04 -18.4477
3.056 -20.3441
3.072 -22.3393
3.088 -24.3877
3.104 -26.4407
3.12 -28.4509
3.136 -30.378
3.152 -32.1927
3.168 -33.8764
3.184 -35.4197
3.2 -36.82
3.216 -38.079
3.232 -39.2011
3.248 -40.1922
3.264 -41.0588
3.28 -41.8074
3.296 -42.4446
3.312 -42.9762
3.328 -43.4077
3.344 -43.7435
3.36 -43.9876
3.376 -44.1429
3.392 -44.2111
3.408 -44.1933
3.424 -44.089
3.44 -43.8967
3.456 -43.6133
3.472 -43.2341
3.488 -42.7523
3.504 -42.1589
3.52 -41.442
3.536 -40.5866
3.552 -39.5738
3.568 -38.3801
3.584 -36.9776
3.6 -35.3345
3.616 -33.4179
3.632 -31.2015
3.648 -28.6799
3.664 -25.8922
3.68 -22.9451
3.696 -20.0153
3.712 -17.3158
3.728 -15.0406
3.744 -13.3205
3.76 -12.2074
3.776 -11.6854
3.792 -11.6961
3.808 -12.1632
3.824 -13.0097
3.84 -14.1678
3.856 -15.581
3.872 -17.2029
3.888 -18.9932
3.904 -20.9126
3.92 -22.919
3.936 -24.9656
3.952 -27.0035
3.968 -28.9868
3.984 -30.8782
4 -32.6513
4.016 -34.2903
4.032 -35.7879
4.048 -37.1428
4.064 -38.3575
4.08 -39.4367
4.096 -40.3866
4.112 -41.2136
4.128 -41.9242
4.144 -42.5246
4.16 -43.0206
4.176 -43.4172
4.192 -43.7187
4.208 -43.9285
4.224 -44.049
4.24 -44.0818
4.256 -44.0271
4.272 -43.8841
4.288 -43.6505
4.304 -43.3222
4.32 -42.8937
4.336 -42.357
4.352 -41.7016
4.368 -40.914
4.384 -39.9772
4.4 -38.8698
4.416 -37.566
4.432 -36.0357
4.448 -34.2461
4.464 -32.1672
4.48 -29.7826
4.496 -27.1093
4.512 -24.2231
4.528 -21.2718
4.544 -18.4579
4.56 -15.9891
4.576 -14.0266
4.592 -12.6556
4.608 -11.887
4.624 -11.678
4.64 -11.9579
4.656 -12.6489
4.672 -13.6789
4.688 -14.9868
4.704 -16.5222
4.72 -18.2427
4.736 -20.1092
4.752 -22.0811
4.768 -24.1132
4.784 -26.1571
4.8 -28.165
4.816 -30.0956
4.832 -31.9176
4.848 -33.6111
4.864 -35.1656
4.88 -36.5773
4.896 -37.8475
4.912 -38.9801
4.928 -39.9807
4.944 -40.8555
4.96 -41.6111
4.976 -42.2539
4.992 -42.7898
5.008 -43.224
5.024 -43.5611
5.04 -43.8049
5.056 -43.9581
5.072 -44.0226
5.088 -43.999
5.104 -43.887
5.12 -43.6847
5.136 -43.3887
5.152 -42.9939
5.168 -42.493
5.184 -41.8766
5.2 -41.132
5.216 -40.2433
5.232 -39.1905
5.248 -37.9493
5.264 -36.4907
5.28 -34.7826
5.296 -32.7934
5.312 -30.5013
5.328 -27.9112
5.344 -25.0794
5.36 -22.1326
5.376 -19.2611
5.392 -16.6765
5.408 -14.5572
5.424 -13.0117
5.44 -12.0711
5.456 -11.7058
5.472 -11.8508
5.488 -12.4292
5.504 -13.3664
5.52 -14.598
5.536 -16.0708
5.552 -17.7405
5.568 -19.5674
5.584 -21.5118
5.6 -23.53
5.616 -25.574
5.632 -27.5953
5.648 -29.5503
5.664 -31.4046
5.68 -33.1351
5.696 -34.7288
5.712 -36.1804
5.728 -37.4897
5.744 -38.66
5.76 -39.6966
5.776 -40.6056
5.792 -41.3936
5.808 -42.0668
5.824 -42.6314
5.84 -43.0927
5.856 -43.4557
5.872 -43.7241
5.888 -43.9012
5.904 -43.9888
5.92 -43.9882
5.936 -43.899
5.952 -43.7199
5.968 -43.4478
5.984 -43.0781
6 -42.604
6.016 -42.0167
6.032 -41.3043
6.048 -40.4517
6.064 -39.44
6.08 -38.2458
6.096 -36.8412
6.112 -35.1948
6.128 -33.2743
6.144 -31.0544
6.16 -28.532
6.176 -25.7494
6.192 -22.8162
6.208 -19.9106
6.224 -17.2437
6.24 -15.006
6.256 -13.3235
6.272 -12.2446
6.288 -11.7514
6.304 -11.7851
6.32 -12.2699
6.336 -13.13
6.352 -14.2983
6.368 -15.7191
6.384 -17.3465
6.4 -19.1402
6.416 -21.0606
6.432 -23.0653
6.448 -25.107
6.464 -27.137
6.48 -29.1099
6.496 -30.9891
6.512 -32.7489
6.528 -34.3741
6.544 -35.8578
6.56 -37.1989
6.576 -38.4002
6.592 -39.4664
6.608 -40.4035
6.624 -41.218
6.64 -41.9164
6.656 -42.5047
6.672 -42.9886
6.688 -43.373
6.704 -43.662
6.72 -43.8589
6.736 -43.966
6.752 -43.9846
6.768 -43.9146
6.784 -43.755
6.8 -43.503
6.816 -43.1545
6.832 -42.7031
6.848 -42.1404
6.864 -41.4552
6.88 -40.6332
6.896 -39.6562
6.912 -38.5019
6.928 -37.1433
6.944 -35.5494
6.96 -33.6878
6.976 -31.531
6.992 -29.0695
7.008 -26.3344
7.024 -23.4204
7.04 -20.4932
7.056 -17.7615
7.072 -15.4241
7.088 -13.6223
7.104 -12.42
7.12 -11.8111
7.136 -11.7431
7.152 -12.142
7.168 -12.9311
7.184 -14.0411
7.2 -15.4142
7.216 -17.0026
7.232 -18.7652
7.248 -20.6629
7.264 -22.6538
7.28 -24.6916
7.296 -26.7276
7.312 -28.7151
7.328 -30.6155
7.344 -32.4008
7.36 -34.0539
7.376 -35.5664
7.392 -36.9362
7.408 -38.1653
7.424 -39.2583
7.44 -40.2209
7.456 -41.0596
7.472 -41.7808
7.488 -42.3908
7.504 -42.8952
7.52 -43.2992
7.536 -43.607
7.552 -43.822
7.568 -43.9468
7.584 -43.9829
7.6 -43.9305
7.616 -43.7887
7.632 -43.5552
7.648 -43.226
7.664 -42.7953
7.68 -42.2551
7.696 -41.5947
7.712 -40.8005
7.728 -39.8552
7.744 -38.7372
7.76 -37.4203
7.776 -35.8745
7.792 -34.067
7.808 -31.9688
7.824 -29.5654
7.84 -26.8781
7.856 -23.9881
7.872 -21.0484
7.888 -18.263
7.904 -15.8368
7.92 -13.9248
7.936 -12.6059
7.952 -11.886
7.968 -11.7193
7.984 -12.0344
8 -12.7541
8.016 -13.8072
8.032 -15.1335
8.048 -16.6837
8.064 -18.4158
8.08 -20.2905
8.096 -22.2668
8.112 -24.2993
8.128 -26.3393
8.144 -28.3393
8.16 -30.2588
8.176 -32.0677
8.192 -33.747
8.208 -35.2867
8.224 -36.6837
8.24 -37.9394
8.256 -39.058
8.272 -40.045
8.288 -40.9069
8.304 -41.65
8.32 -42.2808
8.336 -42.8049
8.352 -43.2277
8.368 -43.5535
8.384 -43.7859
8.4 -43.9278
8.416 -43.9806
8.432 -43.945
8.448 -43.8202
8.464 -43.6043
8.48 -43.2936
8.496 -42.8825
8.512 -42.3636
8.528 -41.7268
8.544 -40.959
8.56 -40.0435
8.576 -38.9597
8.592 -37.6824
8.608 -36.1819
8.624 -34.4259
8.64 -32.3839
8.656 -30.0375
8.672 -27.3995
8.688 -24.538
8.704 -21.5932
8.72 -18.7628
8.736 -16.2558
8.752 -14.2394
8.768 -12.8072
8.784 -11.9775
8.8 -11.7123
8.816 -11.9432
8.832 -12.5929
8.848 -13.5885
8.864 -14.8678
8.88 -16.3794
8.896 -18.0804
8.912 -19.9314
8.928 -21.892
8.944 -23.9176
8.96 -25.9598
8.976 -27.9706
8.992 -29.9077
9.008 -31.739
9.024 -33.4434
9.04 -35.0095
9.056 -36.4332
9.072 -37.715
9.088 -38.8588
9.104 -39.8699
9.12 -40.7546
9.136 -41.5194
9.152 -42.1706
9.168 -42.7142
9.184 -43.1555
9.2 -43.499
9.216 -43.7486
9.232 -43.9072
9.248 -43.9765
9.264 -43.9573
9.28 -43.8492
9.296 -43.6504
9.312 -43.3576
9.328 -42.9657
9.344 -42.4675
9.36 -41.8534
9.376 -41.1109
9.392 -40.2242
9.408 -39.1733
9.424 -37.9338
9.44 -36.477
9.456 -34.7707
9.472 -32.7835
9.488 -30.4937
9.504 -27.9064
9.52 -25.0779
9.536 -22.1349
9.552 -19.2673
9.568 -16.6862
9.584 -14.5698
9.6 -13.0263
9.616 -12.0869
9.632 -11.722
9.648 -11.8671
9.664 -12.4452
9.68 -13.3819
9.696 -14.6129
9.712 -16.0851
9.728 -17.7541
9.744 -19.5804
9.76 -21.5239
9.776 -23.541
9.792 -25.5838
9.808 -27.6038
9.824 -29.5572
9.84 -31.4099
9.856 -33.1389
9.872 -34.731
9.888 -36.181
9.904 -37.4888
9.92 -38.6576
9.936 -39.6927
9.952 -40.6003
9.968 -41.3867
9.984 -42.0584
10 -42.6214
10.016 -43.0812
10.032 -43.4425
10.048 -43.7091
10.064 -43.8843
10.08 -43.9699
10.096 -43.967
10.112 -43.8754
10.128 -43.6935
10.144 -43.4183
10.16 -43.0451
10.176 -42.567
10.192 -41.9751
10.208 -41.2573
10.224 -40.3985
10.24 -39.3794
10.256 -38.1767
10.272 -36.7621
10.288 -35.1041
10.304 -33.1706
10.32 -30.9371
10.336 -28.4021
10.352 -25.6106
10.368 -22.6759
10.384 -19.7785
10.4 -17.1299
10.416 -14.9177
10.432 -13.2645
10.448 -12.215
10.464 -11.7488
10.48 -11.8059
10.496 -12.3102
10.512 -13.1862
10.528 -14.3675
10.544 -15.7989
10.56 -17.4348
10.576 -19.2351
10.592 -21.1602
10.608 -23.1673
10.624 -25.2091
10.64 -27.2367
10.656 -29.2053
10.672 -31.0785
10.688 -32.8314
10.704 -34.4493
10.72 -35.9255
10.736 -37.2592
10.752 -38.4532
10.768 -39.5124
10.784 -40.4428
10.8 -41.251
10.816 -41.9433
10.832 -42.5258
10.848 -43.0042
10.864 -43.3832
10.88 -43.667
10.896 -43.8587
10.912 -43.9607
10.928 -43.974
10.944 -43.8987
10.96 -43.7335
10.976 -43.4758
10.992 -43.1209
11.008 -42.6627
11.024 -42.0924
11.04 -41.3987
11.056 -40.5671
11.072 -39.579
11.088 -38.4118
11.104 -37.0384
11.12 -35.4274
11.136 -33.5466
11.152 -31.3691
11.168 -28.8877
11.184 -26.1369
11.2 -23.2167
11.216 -20.2969
11.232 -17.5872
11.248 -15.2837
11.264 -13.5226
11.28 -12.3624
11.296 -11.793
11.312 -11.7597
11.328 -12.188
11.344 -13.0012
11.36 -14.131
11.376 -15.5203
11.392 -17.1218
11.408 -18.8949
11.424 -20.8003
11.44 -22.7957
11.456 -24.8348
11.472 -26.8686
11.488 -28.851
11.504 -30.7439
11.52 -32.5202
11.536 -34.1635
11.552 -35.6658
11.568 -37.0255
11.584 -38.2447
11.6 -39.3282
11.616 -40.2817
11.632 -41.1118
11.648 -41.8249
11.664 -42.4271
11.68 -42.9241
11.696 -43.321
11.712 -43.6219
11.728 -43.8303
11.744 -43.9485
11.76 -43.9781
11.776 -43.9191
11.792 -43.7705
11.808 -43.5299
11.824 -43.1933
11.84 -42.7546
11.856 -42.2056
11.872 -41.5354
11.888 -40.7303
11.904 -39.7724
11.92 -38.6399
11.936 -37.3064
11.952 -35.7413
11.968 -33.9122
11.984 -31.7903
12 -29.3635
12.016 -26.6567
12.032 -23.7567
12.048 -20.8217
12.064 -18.0578
12.08 -15.6676
12.096 -13.8005
12.112 -12.5294
12.128 -11.8551
12.144 -11.7291
12.16 -12.0787
12.176 -12.8269
12.192 -13.9035
12.208 -15.249
12.224 -16.8149
12.24 -18.5595
12.256 -20.4437
12.272 -22.426
12.288 -24.4608
12.304 -26.4991
12.32 -28.494
12.336 -30.4057
12.352 -32.2048
12.368 -33.8732
12.384 -35.4016
12.4 -36.7873
12.416 -38.032
12.432 -39.1399
12.448 -40.1167
12.464 -40.9689
12.48 -41.7029
12.496 -42.3249
12.512 -42.8408
12.528 -43.2556
12.544 -43.5738
12.56 -43.7989
12.576 -43.9335
12.592 -43.9792
12.608 -43.9365
12.624 -43.8044
12.64 -43.5809
12.656 -43.2622
12.672 -42.8427
12.688 -42.3146
12.704 -41.6676
12.72 -40.8883
12.736 -39.9598
12.752 -38.8611
12.768 -37.5666
12.784 -36.0463
12.8 -34.2678
12.816 -32.2011
12.832 -29.8296
12.848 -27.1696
12.864 -24.2951
12.88 -21.3519
12.896 -18.5407
12.912 -16.069
12.928 -14.0985
12.944 -12.7165
12.96 -11.9356
12.976 -11.7143
12.992 -11.9828
13.008 -12.6637
13.024 -13.6849
13.04 -14.9852
13.056 -16.5141
13.072 -18.229
13.088 -20.0906
13.104 -22.0582
13.12 -24.087
13.136 -26.1283
13.152 -28.1344
13.168 -30.0638
13.184 -31.8852
13.2 -33.5785
13.216 -35.1328
13.232 -36.5446
13.248 -37.8148
13.264 -38.9473
13.28 -39.9476
13.296 -40.8221
13.312 -41.5772
13.328 -42.2192
13.344 -42.7541
13.36 -43.1871
13.376 -43.5227
13.392 -43.7646
13.408 -43.9156
13.424 -43.9775
13.44 -43.9509
13.456 -43.8353
13.472 -43.6288
13.488 -43.3278
13.504 -42.9273
13.52 -42.4197
13.536 -41.7953
13.552 -41.0414
13.568 -40.1416
13.584 -39.0758
13.6 -37.8191
13.616 -36.3425
13.632 -34.6136
13.648 -32.6015
13.664 -30.2858
13.68 -27.675
13.696 -24.831
13.712 -21.8864
13.728 -19.035
13.744 -16.4872
13.76 -14.4163
13.776 -12.9237
13.792 -12.0348
13.808 -11.7159
13.824 -11.9006
13.84 -12.5118
13.856 -13.4758
13.872 -14.7291
13.888 -16.2195
13.904 -17.9034
13.92 -19.7411
13.936 -21.6926
13.952 -23.7137
13.968 -25.7565
13.984 -27.7724
14 -29.7184
14.016 -31.5614
14.032 -33.2791
14.048 -34.8593
14.064 -36.2972
14.08 -37.593
14.096 -38.7503
14.112 -39.7743
14.128 -40.6713
14.144 -41.4478
14.16 -42.11
14.176 -42.6641
14.192 -43.1153
14.208 -43.4684
14.224 -43.7272
14.24 -43.8947
14.256 -43.9728
14.272 -43.9623
14.288 -43.8631
14.304 -43.6734
14.32 -43.3901
14.336 -43.0082
14.352 -42.5209
14.368 -41.9187
14.384 -41.1895
14.4 -40.3178
14.416 -39.2841
14.432 -38.0643
14.448 -36.6303
14.464 -34.9499
14.48 -32.9916
14.496 -30.7319
14.512 -28.1724
14.528 -25.3632
14.544 -22.4239
14.56 -19.5395
14.576 -16.9216
14.592 -14.7535
14.608 -13.1513
14.624 -12.1531
14.64 -11.7344
14.656 -11.8327
14.672 -12.3717
14.688 -13.2762
14.704 -14.4809
14.72 -15.9315
14.736 -17.5829
14.752 -19.3955
14.768 -21.3293
14.784 -23.3412
14.8 -25.3837
14.816 -27.4079
14.832 -29.3696
14.848 -31.2334
14.864 -32.9751
14.88 -34.581
14.896 -36.045
14.912 -37.3666
14.928 -38.5489
14.944 -39.5968
14.96 -40.5166
14.976 -41.3146
14.992 -41.9972
15.008 -42.5706
15.024 -43.0403
15.04 -43.411
15.056 -43.6868
15.072 -43.8708
15.088 -43.9651
15.104 -43.9709
15.12 -43.8879
15.136 -43.715
15.152 -43.4491
15.168 -43.0857
15.184 -42.6182
15.2 -42.0378
15.216 -41.3329
15.232 -40.4886
15.248 -39.4861
15.264 -38.3024
15.28 -36.9098
15.296 -35.2769
15.312 -33.3716
15.328 -31.1678
15.344 -28.6612
15.36 -25.8909
15.376 -22.9632
15.392 -20.053
15.408 -17.3711
15.424 -15.1099
15.44 -13.3992
15.456 -12.2909
15.472 -11.7702
15.488 -11.7796
15.504 -12.2438
15.52 -13.0867
15.536 -14.2409
15.552 -15.6501
15.568 -17.2679
15.584 -19.0539
15.6 -20.9687
15.616 -22.9698
15.632 -25.0103
15.648 -27.0414
15.664 -29.0174
15.68 -30.9012
15.696 -32.6667
15.712 -34.298
15.728 -35.7881
15.744 -37.1356
15.76 -38.343
15.776 -39.415
15.792 -40.3577
15.808 -41.1775
15.824 -41.8808
15.84 -42.4737
15.856 -42.962
15.872 -43.3504
15.888 -43.6433
15.904 -43.8439
15.92 -43.9545
15.936 -43.9764
15.952 -43.9098
15.968 -43.7534
15.984 -43.5048
