0 -30
0.016 -26.4362
0.032 -22.5893
0.048 -18.7049
0.064 -15.1108
0.08 -12.1083
0.096 -9.88462
0.112 -8.48831
0.128 -7.86092
0.144 -7.88836
0.16 -8.44384
0.176 -9.41291
0.192 -10.7035
0.208 -12.247
0.224 -13.9941
0.24 -15.9095
0.256 -17.9645
0.272 -20.1305
0.288 -22.3731
0.304 -24.6492
0.32 -26.9098
0.336 -29.1073
0.352 -31.2027
0.368 -33.1695
0.384 -34.9932
0.4 -36.6685
0.416 -38.1963
0.432 -39.5813
0.448 -40.8306
0.464 -41.952
0.48 -42.9541
0.496 -43.8451
0.512 -44.6333
0.528 -45.3264
0.544 -45.9315
0.56 -46.4553
0.576 -46.9039
0.592 -47.2827
0.608 -47.5965
0.624 -47.8498
0.64 -48.0461
0.656 -48.1887
0.672 -48.2802
0.688 -48.3227
0.704 -48.3178
0.72 -48.2665
0.736 -48.1693
0.752 -48.0262
0.768 -47.8365
0.784 -47.5989
0.8 -47.3113
0.816 -46.971
0.832 -46.574
0.848 -46.1156
0.864 -45.5895
0.88 -44.988
0.896 -44.3014
0.912 -43.5177
0.928 -42.622
0.944 -41.5957
0.96 -40.416
0.976 -39.0553
0.992 -37.4801
1.008 -35.6523
1.024 -33.5322
1.04 -31.0876
1.056 -28.3123
1.072 -25.256
1.088 -22.0511
1.104 -18.9093
1.12 -16.0725
1.136 -13.7457
1.152 -12.0507
1.168 -11.0183
1.184 -10.6088
1.2 -10.744
1.216 -11.3344
1.232 -12.296
1.248 -13.558
1.264 -15.0644
1.28 -16.7705
1.296 -18.6387
1.312 -20.6322
1.328 -22.7108
1.344 -24.8287
1.36 -26.9366
1.376 -28.988
1.392 -30.9449
1.408 -32.7806
1.424 -34.4797
1.44 -36.0353
1.456 -37.4467
1.472 -38.7172
1.488 -39.8523
1.504 -40.8587
1.52 -41.7436
1.536 -42.5141
1.552 -43.1773
1.568 -43.7396
1.584 -44.207
1.6 -44.5846
1.616 -44.8769
1.632 -45.0877
1.648 -45.2199
1.664 -45.2754
1.68 -45.2555
1.696 -45.1602
1.712 -44.9886
1.728 -44.7386
1.744 -44.4065
1.76 -43.9874
1.776 -43.4744
1.792 -42.8582
1.808 -42.1271
1.824 -41.2663
1.84 -40.257
1.856 -39.0762
1.872 -37.6958
1.888 -36.0832
1.904 -34.2034
1.92 -32.0243
1.936 -29.5298
1.952 -26.7419
1.968 -23.7478
1.984 -20.7118
2 -17.8504
2.016 -15.3769
2.032 -13.4476
2.048 -12.1367
2.064 -11.4425
2.08 -11.3113
2.096 -11.6658
2.112 -12.4245
2.128 -13.5145
2.144 -14.8747
2.16 -16.4561
2.176 -18.2174
2.192 -20.1203
2.208 -22.1248
2.224 -24.1859
2.24 -26.255
2.256 -28.2844
2.272 -30.233
2.288 -32.0704
2.304 -33.7772
2.32 -35.3437
2.336 -36.7669
2.352 -38.0483
2.368 -39.1924
2.384 -40.205
2.4 -41.0928
2.416 -41.8626
2.432 -42.5209
2.448 -43.0739
2.464 -43.5272
2.48 -43.8857
2.496 -44.1534
2.512 -44.3335
2.528 -44.4283
2.544 -44.4391
2.56 -44.3661
2.576 -44.2084
2.592 -43.9634
2.608 -43.6275
2.624 -43.1948
2.64 -42.6576
2.656 -42.0057
2.672 -41.2258
2.688 -40.3012
2.704 -39.211
2.72 -37.9299
2.736 -36.4277
2.752 -34.6713
2.768 -32.6286
2.784 -30.2785
2.8 -27.6298
2.816 -24.7459
2.832 -21.764
2.848 -18.8825
2.864 -16.3154
2.88 -14.237
2.896 -12.7473
2.912 -11.8683
2.928 -11.5636
2.944 -11.7641
2.96 -12.3909
2.976 -13.3695
2.992 -14.6362
3.008 -16.1387
3.024 -17.8336
3.04 -19.6818
3.056 -21.6433
3.072 -23.6743
3.088 -25.7269
3.104 -27.7524
3.12 -29.7079
3.136 -31.5599
3.152 -33.2863
3.168 -34.8748
3.184 -36.3208
3.2 -37.6246
3.216 -38.7898
3.232 -39.8218
3.248 -40.7268
3.264 -41.5115
3.28 -42.1823
3.296 -42.7453
3.312 -43.2059
3.328 -43.5691
3.344 -43.8387
3.36 -44.018
3.376 -44.109
3.392 -44.1129
3.408 -44.0296
3.424 -43.8578
3.44 -43.5947
3.456 -43.2358
3.472 -42.7749
3.488 -42.2032
3.504 -41.5095
3.52 -40.6792
3.536 -39.694
3.552 -38.5314
3.568 -37.164
3.584 -35.5607
3.6 -33.6887
3.616 -31.5201
3.632 -29.046
3.648 -26.2979
3.664 -23.3723
3.68 -20.4367
3.696 -17.7011
3.712 -15.3645
3.728 -13.5674
3.744 -12.3721
3.76 -11.7712
3.776 -11.7111
3.792 -12.1172
3.808 -12.9126
3.824 -14.0281
3.84 -15.4057
3.856 -16.9979
3.872 -18.7637
3.888 -20.6639
3.904 -22.6569
3.92 -24.6962
3.936 -26.7331
3.952 -28.7211
3.968 -30.6215
3.984 -32.4067
4 -34.0594
4.016 -35.5714
4.032 -36.9407
4.048 -38.1694
4.064 -39.2619
4.08 -40.2241
4.096 -41.0624
4.112 -41.7833
4.128 -42.393
4.144 -42.8973
4.16 -43.301
4.176 -43.6087
4.192 -43.8236
4.208 -43.9483
4.224 -43.9843
4.24 -43.9318
4.256 -43.79
4.272 -43.5564
4.288 -43.2272
4.304 -42.7964
4.32 -42.2561
4.336 -41.5956
4.352 -40.8012
4.368 -39.8556
4.384 -38.7372
4.4 -37.4199
4.416 -35.8735
4.432 -34.0653
4.448 -31.9661
4.464 -29.5619
4.48 -26.8741
4.496 -23.9843
4.512 -21.0459
4.528 -18.263
4.544 -15.84
4.56 -13.9313
4.576 -12.6153
4.592 -11.8975
4.608 -11.7322
4.624 -12.048
4.64 -12.7678
4.656 -13.8206
4.672 -15.1464
4.688 -16.6958
4.704 -18.4269
4.72 -20.3002
4.736 -22.2749
4.752 -24.3053
4.768 -26.3428
4.784 -28.34
4.8 -30.2566
4.816 -32.0625
4.832 -33.7387
4.848 -35.2754
4.864 -36.6694
4.88 -37.9222
4.896 -39.0379
4.912 -40.022
4.928 -40.8809
4.944 -41.6211
4.96 -42.2487
4.976 -42.7695
4.992 -43.1887
5.008 -43.5107
5.024 -43.7391
5.04 -43.8764
5.056 -43.9242
5.072 -43.883
5.088 -43.7519
5.104 -43.5289
5.12 -43.21
5.136 -42.7896
5.152 -42.2598
5.168 -41.6103
5.184 -40.8277
5.2 -39.8948
5.216 -38.7904
5.232 -37.4888
5.248 -35.96
5.264 -34.1717
5.28 -32.0943
5.296 -29.7124
5.312 -27.0448
5.328 -24.1687
5.344 -21.2328
5.36 -18.439
5.376 -15.9927
5.392 -14.0521
5.408 -12.7004
5.424 -11.9473
5.44 -11.7497
5.456 -12.0374
5.472 -12.7336
5.488 -13.7667
5.504 -15.0761
5.52 -16.6119
5.536 -18.3318
5.552 -20.1963
5.568 -22.1647
5.584 -24.1915
5.6 -26.2283
5.616 -28.2274
5.632 -30.1479
5.648 -31.9593
5.664 -33.6419
5.68 -35.1853
5.696 -36.5863
5.712 -37.8458
5.728 -38.9678
5.744 -39.958
5.76 -40.8226
5.776 -41.568
5.792 -42.2004
5.808 -42.7256
5.824 -43.1489
5.84 -43.4746
5.856 -43.7062
5.872 -43.8465
5.888 -43.8971
5.904 -43.8583
5.92 -43.7294
5.936 -43.5083
5.952 -43.1912
5.968 -42.7723
5.984 -42.244
6 -41.5957
6.016 -40.8142
6.032 -39.8822
6.048 -38.7787
6.064 -37.4779
6.08 -35.9499
6.096 -34.1624
6.112 -32.0858
6.128 -29.7051
6.144 -27.039
6.16 -24.1648
6.176 -21.2313
6.192 -18.4401
6.208 -15.9964
6.224 -14.0581
6.24 -12.7082
6.256 -11.9564
6.272 -11.7597
6.288 -12.048
6.304 -12.7443
6.32 -13.7775
6.336 -15.0869
6.352 -16.6226
6.368 -18.3423
6.384 -20.2065
6.4 -22.1743
6.416 -24.2006
6.432 -26.2365
6.448 -28.2347
6.464 -30.1542
6.48 -31.9645
6.496 -33.6459
6.512 -35.1882
6.528 -36.588
6.544 -37.8464
6.56 -38.9674
6.576 -39.9565
6.592 -40.82
6.608 -41.5643
6.624 -42.1956
6.64 -42.7198
6.656 -43.1419
6.672 -43.4664
6.688 -43.6969
6.704 -43.8359
6.72 -43.885
6.736 -43.8447
6.752 -43.7141
6.768 -43.4912
6.784 -43.1719
6.8 -42.7506
6.816 -42.2195
6.832 -41.5681
6.848 -40.7829
6.864 -39.8467
6.88 -38.7381
6.896 -37.4314
6.912 -35.8966
6.928 -34.1013
6.944 -32.0163
6.96 -29.6272
6.976 -26.9541
6.992 -24.0766
7.008 -21.1454
7.024 -18.3628
7.04 -15.9332
7.056 -14.0125
7.072 -12.6812
7.088 -11.9471
7.104 -11.7662
7.12 -12.0677
7.136 -12.7751
7.152 -13.8173
7.168 -15.134
7.184 -16.6756
7.2 -18.4
7.216 -20.2677
7.232 -22.2378
7.248 -24.2647
7.264 -26.2998
7.28 -28.2958
7.296 -30.212
7.312 -32.0182
7.328 -33.6951
7.344 -35.2327
7.36 -36.6278
7.376 -37.8816
7.392 -38.9982
7.408 -39.983
7.424 -40.8424
7.44 -41.5828
7.456 -42.2104
7.472 -42.731
7.488 -43.1497
7.504 -43.4709
7.52 -43.698
7.536 -43.8338
7.552 -43.8796
7.568 -43.836
7.584 -43.702
7.6 -43.4754
7.616 -43.1522
7.632 -42.7268
7.648 -42.1911
7.664 -41.5345
7.68 -40.7434
7.696 -39.8004
7.712 -38.6842
7.728 -37.3685
7.744 -35.8234
7.76 -34.0164
7.776 -31.9187
7.792 -29.517
7.808 -26.8334
7.824 -23.9504
7.84 -21.0217
7.856 -18.2507
7.872 -15.8407
7.888 -13.9445
7.904 -12.6394
7.92 -11.9304
7.936 -11.7718
7.952 -12.0923
7.968 -12.8155
7.984 -13.8705
8 -15.1978
8.016 -16.748
8.032 -18.4793
8.048 -20.3522
8.064 -22.3255
8.08 -24.3536
8.096 -26.3879
8.112 -28.381
8.128 -30.2928
8.144 -32.0936
8.16 -33.7645
8.176 -35.2958
8.192 -36.6846
8.208 -37.9322
8.224 -39.0428
8.24 -40.0219
8.256 -40.8759
8.272 -41.6111
8.288 -42.2338
8.304 -42.7498
8.32 -43.164
8.336 -43.4808
8.352 -43.7038
8.368 -43.8354
8.384 -43.8771
8.4 -43.8293
8.416 -43.6911
8.432 -43.46
8.448 -43.1322
8.464 -42.7017
8.48 -42.1605
8.496 -41.4979
8.512 -40.6999
8.528 -39.7491
8.544 -38.6239
8.56 -37.2979
8.576 -35.7408
8.592 -33.9203
8.608 -31.808
8.624 -29.3918
8.64 -26.6961
8.656 -23.807
8.672 -20.8812
8.688 -18.1236
8.704 -15.7359
8.72 -13.8675
8.736 -12.592
8.752 -11.9113
8.768 -11.7778
8.784 -12.1198
8.8 -12.8607
8.816 -13.9303
8.832 -15.2695
8.848 -16.8294
8.864 -18.5685
8.88 -20.4472
8.896 -22.4243
8.912 -24.4538
8.928 -26.487
8.944 -28.477
8.96 -30.3839
8.976 -32.1786
8.992 -33.8427
9.008 -35.367
9.024 -36.7487
9.04 -37.9895
9.056 -39.0934
9.072 -40.0662
9.088 -40.9141
9.104 -41.6437
9.12 -42.261
9.136 -42.7717
9.152 -43.181
9.168 -43.4931
9.184 -43.7114
9.2 -43.8385
9.216 -43.8757
9.232 -43.8234
9.248 -43.6806
9.264 -43.4447
9.28 -43.1119
9.296 -42.676
9.312 -42.1289
9.328 -41.4597
9.344 -40.6544
9.36 -39.6952
9.376 -38.5604
9.392 -37.2233
9.408 -35.6535
9.424 -33.8186
9.44 -31.6909
9.456 -29.2592
9.472 -26.551
9.488 -23.6557
9.504 -20.7334
9.52 -17.9903
9.536 -15.6263
9.552 -13.7875
9.568 -12.5431
9.584 -11.892
9.6 -11.7849
9.616 -12.1493
9.632 -12.9086
9.648 -13.9935
9.664 -15.3451
9.68 -16.9153
9.696 -18.6624
9.712 -20.5473
9.728 -22.5282
9.744 -24.559
9.76 -26.5911
9.776 -28.5776
9.792 -30.4793
9.808 -32.2676
9.824 -33.9247
9.84 -35.4417
9.856 -36.816
9.872 -38.0495
9.888 -39.1465
9.904 -40.1127
9.92 -40.9544
9.936 -41.6779
9.952 -42.2896
9.968 -42.7949
9.984 -43.1991
10 -43.5062
10.016 -43.7197
10.032 -43.8421
10.048 -43.8747
10.064 -43.8177
10.08 -43.6701
10.096 -43.4293
10.112 -43.0912
10.128 -42.6497
10.144 -42.0965
10.16 -41.4205
10.176 -40.6076
10.192 -39.6399
10.208 -38.495
10.224 -37.1465
10.24 -35.5636
10.256 -33.714
10.272 -31.5703
10.288 -29.123
10.304 -26.4021
10.32 -23.5008
10.336 -20.5827
10.352 -17.8549
10.368 -15.5156
10.384 -13.707
10.4 -12.4945
10.416 -11.8736
10.432 -11.7932
10.448 -12.1802
10.464 -12.9584
10.48 -14.0586
10.496 -15.4229
10.512 -17.0034
10.528 -18.7588
10.544 -20.6497
10.56 -22.6344
10.576 -24.6666
10.592 -26.6974
10.608 -28.6803
10.624 -30.5766
10.64 -32.3583
10.656 -34.0082
10.672 -35.5176
10.688 -36.8844
10.704 -38.1106
10.72 -39.2006
10.736 -40.16
10.752 -40.9953
10.768 -41.7128
10.784 -42.3187
10.8 -42.8186
10.816 -43.2175
10.832 -43.5196
10.848 -43.7283
10.864 -43.8459
10.88 -43.8737
10.896 -43.812
10.912 -43.6595
10.928 -43.4136
10.944 -43.0702
10.96 -42.6231
10.976 -42.0636
10.992 -41.3808
11.008 -40.5601
11.024 -39.5835
11.04 -38.4286
11.056 -37.0684
11.072 -35.4721
11.088 -33.6075
11.104 -31.4476
11.12 -28.9846
11.136 -26.2511
11.152 -23.3442
11.168 -20.4309
11.184 -17.7191
11.2 -15.4051
11.216 -13.6273
11.232 -12.4469
11.248 -11.8564
11.264 -11.8028
11.28 -12.2125
11.296 -13.0095
11.312 -14.1251
11.328 -15.502
11.344 -17.0928
11.36 -18.8564
11.376 -20.7534
11.392 -22.7418
11.408 -24.7751
11.424 -26.8045
11.44 -28.7837
11.456 -30.6745
11.472 -32.4496
11.488 -34.0921
11.504 -35.5939
11.52 -36.9532
11.536 -38.172
11.552 -39.2548
11.568 -40.2075
11.584 -41.0363
11.6 -41.7477
11.616 -42.3478
11.632 -42.8422
11.648 -43.2359
11.664 -43.5329
11.68 -43.7367
11.696 -43.8495
11.712 -43.8726
11.728 -43.806
11.744 -43.6486
11.76 -43.3977
11.776 -43.049
11.792 -42.596
11.808 -42.0303
11.824 -41.3405
11.84 -40.512
11.856 -39.5265
11.872 -38.3613
11.888 -36.9893
11.904 -35.3795
11.92 -33.4997
11.936 -31.3236
11.952 -28.8447
11.968 -26.0989
11.984 -23.1869
12 -20.279
12.016 -17.5839
12.032 -15.2957
12.048 -13.549
12.064 -12.4008
12.08 -11.8406
12.096 -11.8137
12.112 -12.246
12.128 -13.0616
12.144 -14.1926
12.16 -15.582
12.176 -17.183
12.192 -18.9548
12.208 -20.8578
12.224 -22.8498
12.24 -24.8841
12.256 -26.9119
12.272 -28.8873
12.288 -30.7725
12.304 -32.5408
12.32 -34.1759
12.336 -35.6702
12.352 -37.0219
12.368 -38.2333
12.384 -39.309
12.4 -40.2549
12.416 -41.0773
12.432 -41.7826
12.448 -42.3769
12.464 -42.8658
12.48 -43.2541
12.496 -43.5461
12.512 -43.745
12.528 -43.853
12.544 -43.8712
12.56 -43.7999
12.576 -43.6376
12.592 -43.3815
12.608 -43.0274
12.624 -42.5687
12.64 -41.9966
12.656 -41.2998
12.672 -40.4634
12.688 -39.4689
12.704 -38.2933
12.72 -36.9094
12.736 -35.2859
12.752 -33.3908
12.768 -31.1984
12.784 -28.7039
12.8 -25.9459
12.816 -23.0293
12.832 -20.1274
12.848 -17.4495
12.864 -15.1876
12.88 -13.4722
12.896 -12.3562
12.912 -11.8262
12.928 -11.8259
12.944 -12.2806
12.96 -13.1148
12.976 -14.2609
12.992 -15.6628
13.008 -17.2739
13.024 -19.0537
13.04 -20.9626
13.056 -22.9581
13.072 -24.9934
13.088 -27.0194
13.104 -28.9908
13.12 -30.8704
13.136 -32.6319
13.152 -34.2596
13.168 -35.7462
13.184 -37.0903
13.2 -38.2943
13.216 -39.3629
13.232 -40.302
13.248 -41.1179
13.264 -41.8171
13.28 -42.4057
13.296 -42.8891
13.312 -43.2722
13.328 -43.5591
13.344 -43.753
13.36 -43.8562
13.376 -43.8697
13.392 -43.7935
13.408 -43.6262
13.424 -43.3651
13.44 -43.0055
13.456 -42.5409
13.472 -41.9625
13.488 -41.2586
13.504 -40.4142
13.52 -39.4106
13.536 -38.2247
13.552 -36.8287
13.568 -35.1915
13.584 -33.281
13.6 -31.0722
13.616 -28.5621
13.632 -25.7923
13.648 -22.8716
13.664 -19.9763
13.68 -17.3162
13.696 -15.081
13.712 -13.397
13.728 -12.3133
13.744 -11.8134
13.76 -11.8394
13.776 -12.3164
13.792 -13.1689
13.808 -14.33
13.824 -15.7443
13.84 -17.3654
13.856 -19.1532
13.872 -21.0678
13.888 -23.0667
13.904 -25.1026
13.92 -27.1269
13.936 -29.0942
13.952 -30.968
13.968 -32.7226
13.984 -34.3429
14 -35.8218
14.016 -37.1583
14.032 -38.3549
14.048 -39.4164
14.064 -40.3488
14.08 -41.1583
14.096 -41.8514
14.112 -42.4342
14.128 -42.9121
14.144 -43.29
14.16 -43.5718
14.176 -43.7609
14.192 -43.8592
14.208 -43.8679
14.224 -43.7868
14.24 -43.6146
14.256 -43.3483
14.272 -42.9833
14.288 -42.5129
14.304 -41.9281
14.32 -41.217
14.336 -40.3646
14.352 -39.3519
14.368 -38.1554
14.384 -36.7473
14.4 -35.0962
14.416 -33.1702
14.432 -30.9451
14.448 -28.4195
14.464 -25.6382
14.48 -22.7139
14.496 -19.8258
14.512 -17.1841
14.528 -14.9759
14.544 -13.3236
14.56 -12.2721
14.576 -11.8021
14.592 -11.8543
14.608 -12.3532
14.624 -13.2238
14.64 -14.3999
14.656 -15.8263
14.672 -17.4574
14.688 -19.253
14.704 -21.1733
14.72 -23.1753
14.736 -25.2119
14.752 -27.2342
14.768 -29.1974
14.784 -31.0653
14.8 -32.813
14.816 -34.4258
14.832 -35.8971
14.848 -37.226
14.864 -38.4152
14.88 -39.4697
14.896 -40.3952
14.912 -41.1984
14.928 -41.8854
14.944 -42.4624
14.96 -42.9349
14.976 -43.3075
14.992 -43.5843
15.008 -43.7684
15.024 -43.8619
15.04 -43.8658
15.056 -43.7799
15.072 -43.6028
15.088 -43.3313
15.104 -42.9608
15.12 -42.4845
15.136 -41.8932
15.152 -41.175
15.168 -40.3146
15.184 -39.2926
15.2 -38.0855
15.216 -36.6652
15.232 -35.0002
15.248 -33.0586
15.264 -30.8171
15.28 -28.2761
15.296 -25.4836
15.312 -22.5562
15.328 -19.676
15.344 -17.0533
15.36 -14.8725
15.376 -13.2518
15.392 -12.2325
15.408 -11.7923
15.424 -11.8704
15.44 -12.3911
15.456 -13.2797
15.472 -14.4705
15.488 -15.909
15.504 -17.5499
15.52 -19.3532
15.536 -21.279
15.552 -23.2841
15.568 -25.3212
15.584 -27.3414
15.6 -29.3002
15.616 -31.1623
15.632 -32.903
15.648 -34.5083
15.664 -35.972
15.68 -37.2933
15.696 -38.4752
15.712 -39.5225
15.728 -40.4414
15.744 -41.2381
15.76 -41.9191
15.776 -42.4904
15.792 -42.9573
15.808 -43.3247
15.824 -43.5965
15.84 -43.7757
15.856 -43.8644
15.872 -43.8635
15.888 -43.7728
15.904 -43.5906
15.92 -43.314
15.936 -42.938
15.952 -42.4558
15.968 -41.8581
15.984 -41.1326
