0 -30
0.016 -26.4382
0.032 -22.5914
0.048 -18.707
0.064 -15.1129
0.08 -12.1103
0.096 -9.88646
0.112 -8.4899
0.128 -7.8622
0.144 -7.88934
0.16 -8.44452
0.176 -9.41331
0.192 -10.7037
0.208 -12.2469
0.224 -13.9939
0.24 -15.909
0.256 -17.9638
0.272 -20.1297
0.288 -22.3721
0.304 -24.648
0.32 -26.9084
0.336 -29.1057
0.352 -31.2009
0.368 -33.1675
0.384 -34.9911
0.4 -36.6662
0.416 -38.1938
0.432 -39.5788
0.448 -40.8279
0.464 -41.9492
0.48 -42.9511
0.496 -43.8419
0.512 -44.63
0.528 -45.3228
0.544 -45.9277
0.56 -46.4514
0.576 -46.8997
0.592 -47.2782
0.608 -47.5919
0.624 -47.8448
0.64 -48.0408
0.656 -48.1831
0.672 -48.2742
0.688 -48.3163
0.704 -48.3109
0.72 -48.2591
0.736 -48.1613
0.752 -48.0176
0.768 -47.8272
0.784 -47.5888
0.8 -47.3003
0.816 -46.959
0.832 -46.5609
0.848 -46.1011
0.864 -45.5735
0.88 -44.9703
0.896 -44.2816
0.912 -43.4955
0.928 -42.5969
0.944 -41.5672
0.96 -40.3836
0.976 -39.018
0.992 -37.4371
1.008 -35.6026
1.024 -33.4749
1.04 -31.0221
1.056 -28.2391
1.072 -25.1773
1.088 -21.9715
1.104 -18.8348
1.12 -16.009
1.136 -13.6972
1.152 -12.019
1.168 -11.003
1.184 -10.6082
1.2 -10.7559
1.216 -11.3564
1.232 -12.3262
1.248 -13.5948
1.264 -15.1065
1.28 -16.8169
1.296 -18.6885
1.312 -20.6844
1.328 -22.7644
1.344 -24.8823
1.36 -26.989
1.376 -29.0381
1.392 -30.9919
1.408 -32.8241
1.424 -34.5192
1.44 -36.0708
1.456 -37.4783
1.472 -38.7451
1.488 -39.8765
1.504 -40.8795
1.52 -41.761
1.536 -42.5285
1.552 -43.1887
1.568 -43.7482
1.584 -44.2129
1.6 -44.5878
1.616 -44.8776
1.632 -45.086
1.648 -45.2156
1.664 -45.2687
1.68 -45.2462
1.696 -45.1483
1.712 -44.974
1.728 -44.7209
1.744 -44.3857
1.76 -43.9631
1.776 -43.4462
1.792 -42.8256
1.808 -42.0895
1.824 -41.223
1.84 -40.207
1.856 -39.0182
1.872 -37.6286
1.888 -36.0054
1.904 -34.1134
1.92 -31.9209
1.936 -29.413
1.952 -26.6141
1.968 -23.6148
1.984 -20.5824
2 -17.7345
2.016 -15.2827
2.032 -13.38
2.048 -12.097
2.064 -11.4289
2.08 -11.3208
2.096 -11.6945
2.112 -12.4691
2.128 -13.5718
2.144 -14.9425
2.16 -16.5324
2.176 -18.3004
2.192 -20.2084
2.208 -22.216
2.224 -24.2782
2.24 -26.3461
2.256 -28.3723
2.272 -30.3161
2.288 -32.1476
2.304 -33.848
2.32 -35.4078
2.336 -36.8242
2.352 -38.099
2.368 -39.2368
2.384 -40.2434
2.4 -41.1254
2.416 -41.8897
2.432 -42.5428
2.448 -43.0909
2.464 -43.5394
2.48 -43.8932
2.496 -44.1564
2.512 -44.3321
2.528 -44.4225
2.544 -44.4288
2.56 -44.3513
2.576 -44.1888
2.592 -43.9388
2.608 -43.5975
2.624 -43.1589
2.64 -42.6152
2.656 -41.9559
2.672 -41.1678
2.688 -40.2336
2.704 -39.1325
2.72 -37.8384
2.736 -36.3214
2.752 -34.5479
2.768 -32.4863
2.784 -30.1169
2.8 -27.451
2.816 -24.5567
2.832 -21.5756
2.848 -18.7088
2.864 -16.1692
2.88 -14.127
2.896 -12.6768
2.912 -11.8365
2.928 -11.5664
2.944 -11.7964
2.96 -12.4476
2.976 -13.4463
2.992 -14.7293
3.008 -16.245
3.024 -17.9506
3.04 -19.807
3.056 -21.774
3.072 -23.8075
3.088 -25.8592
3.104 -27.881
3.12 -29.8302
3.136 -31.6741
3.152 -33.3915
3.168 -34.9705
3.184 -36.4068
3.2 -37.7011
3.216 -38.857
3.232 -39.8802
3.248 -40.7768
3.264 -41.5535
3.28 -42.2166
3.296 -42.7723
3.312 -43.226
3.328 -43.5825
3.344 -43.8456
3.36 -44.0184
3.376 -44.103
3.392 -44.1004
3.408 -44.0105
3.424 -43.8318
3.44 -43.5614
3.456 -43.1948
3.472 -42.7253
3.488 -42.1442
3.504 -41.44
3.52 -40.5977
3.536 -39.5987
3.552 -38.4201
3.568 -37.0343
3.584 -35.4097
3.6 -33.5137
3.616 -31.3195
3.632 -28.8205
3.648 -26.0532
3.664 -23.1201
3.68 -20.194
3.696 -17.4863
3.712 -15.1921
3.728 -13.4456
3.744 -12.3026
3.76 -11.7505
3.776 -11.7333
3.792 -12.1755
3.808 -13.0006
3.824 -14.1402
3.84 -15.5376
3.856 -17.1459
3.872 -18.9244
3.888 -20.8339
3.904 -22.8323
3.92 -24.8729
3.936 -26.9068
3.952 -28.8881
3.968 -30.7791
3.984 -32.5528
4 -34.1932
4.016 -35.6924
4.032 -37.0491
4.048 -38.2653
4.064 -39.3459
4.08 -40.2968
4.096 -41.1242
4.112 -41.8348
4.128 -42.4347
4.144 -42.9295
4.16 -43.3243
4.176 -43.6232
4.192 -43.8296
4.208 -43.9458
4.224 -43.9733
4.24 -43.9122
4.256 -43.7615
4.272 -43.5186
4.288 -43.1794
4.304 -42.7379
4.32 -42.1858
4.336 -41.5122
4.352 -40.7029
4.368 -39.7403
4.384 -38.6022
4.4 -37.2622
4.416 -35.6895
4.432 -33.8517
4.448 -31.7204
4.464 -29.2843
4.48 -26.5703
4.496 -23.6676
4.512 -20.7366
4.528 -17.9841
4.544 -15.6112
4.56 -13.7647
4.576 -12.5144
4.592 -11.8591
4.608 -11.7493
4.624 -12.1122
4.64 -12.8709
4.656 -13.9555
4.672 -15.3074
4.688 -16.878
4.704 -18.6259
4.72 -20.5118
4.736 -22.4943
4.752 -24.5274
4.768 -26.5622
4.784 -28.552
4.8 -30.4573
4.816 -32.2493
4.832 -33.9102
4.848 -35.431
4.864 -36.8091
4.88 -38.0464
4.896 -39.147
4.912 -40.1168
4.928 -40.962
4.944 -41.6891
4.96 -42.3043
4.976 -42.8133
4.992 -43.2212
5.008 -43.5322
5.024 -43.7499
5.04 -43.8766
5.056 -43.9139
5.072 -43.862
5.088 -43.72
5.104 -43.4855
5.12 -43.1544
5.136 -42.7209
5.152 -42.1767
5.168 -41.5113
5.184 -40.7106
5.2 -39.757
5.216 -38.6289
5.232 -37.2999
5.248 -35.7395
5.264 -33.9154
5.28 -31.7991
5.296 -29.3785
5.312 -26.6785
5.328 -23.7855
5.344 -20.8571
5.36 -18.0986
5.376 -15.7117
5.392 -13.8457
5.408 -12.5734
5.424 -11.8963
5.44 -11.7664
5.456 -12.1117
5.472 -12.8554
5.488 -13.9275
5.504 -15.2689
5.52 -16.8307
5.536 -18.5714
5.552 -20.4515
5.568 -22.4297
5.584 -24.4602
5.6 -26.4941
5.616 -28.4845
5.632 -30.3917
5.648 -32.1865
5.664 -33.8507
5.68 -35.375
5.696 -36.7567
5.712 -37.9974
5.728 -39.1014
5.744 -40.0742
5.76 -40.9222
5.776 -41.6519
5.792 -42.2694
5.808 -42.7804
5.824 -43.1899
5.84 -43.5024
5.856 -43.7212
5.872 -43.8488
5.888 -43.8867
5.904 -43.8352
5.92 -43.6933
5.936 -43.4585
5.952 -43.1269
5.968 -42.6924
5.984 -42.147
6 -41.4798
6.016 -40.6768
6.032 -39.7205
6.048 -38.5888
6.064 -37.2556
6.08 -35.6902
6.096 -33.8605
6.112 -31.7381
6.128 -29.3117
6.144 -26.6076
6.16 -23.7137
6.176 -20.7893
6.192 -18.0399
6.208 -15.6662
6.224 -13.8157
6.24 -12.5592
6.256 -11.8967
6.272 -11.7795
6.288 -12.1353
6.304 -12.8877
6.32 -13.9667
6.336 -15.3136
6.352 -16.8799
6.368 -18.624
6.384 -20.5066
6.4 -22.486
6.416 -24.5165
6.432 -26.5491
6.448 -28.537
6.464 -30.4408
6.48 -32.2316
6.496 -33.8915
6.512 -35.4114
6.528 -36.7886
6.544 -38.025
6.56 -39.1247
6.576 -40.0935
6.592 -40.9377
6.608 -41.6636
6.624 -42.2775
6.64 -42.7849
6.656 -43.1911
6.672 -43.5002
6.688 -43.7156
6.704 -43.8398
6.72 -43.8742
6.736 -43.819
6.752 -43.6732
6.768 -43.4343
6.784 -43.0982
6.8 -42.6588
6.816 -42.1078
6.832 -41.4344
6.848 -40.6243
6.864 -39.6597
6.88 -38.5185
6.896 -37.1741
6.912 -35.596
6.928 -33.7517
6.944 -31.6138
6.96 -29.1722
6.976 -26.4559
6.992 -23.5568
7.008 -20.6374
7.024 -17.9043
7.04 -15.5564
7.056 -13.7371
7.072 -12.5133
7.088 -11.8817
7.104 -11.7917
7.12 -12.1706
7.136 -12.9419
7.152 -14.0365
7.168 -15.3961
7.184 -16.9728
7.2 -18.7251
7.216 -20.6136
7.232 -22.5968
7.248 -24.6282
7.264 -26.6592
7.28 -28.6432
7.296 -30.5411
7.312 -32.3249
7.328 -33.977
7.344 -35.4888
7.36 -36.8581
7.376 -38.0866
7.392 -39.1788
7.408 -40.1404
7.424 -40.9776
7.44 -41.697
7.456 -42.3046
7.472 -42.8061
7.488 -43.2065
7.504 -43.51
7.52 -43.72
7.536 -43.8389
7.552 -43.8679
7.568 -43.8072
7.584 -43.6558
7.6 -43.411
7.616 -43.0686
7.632 -42.6224
7.648 -42.064
7.664 -41.3822
7.68 -40.5627
7.696 -39.5873
7.712 -38.4338
7.728 -37.0751
7.744 -35.4804
7.76 -33.6177
7.776 -31.4598
7.792 -28.9988
7.808 -26.2671
7.824 -23.3614
7.84 -20.4483
7.856 -17.7355
7.872 -15.4194
7.888 -13.6388
7.904 -12.4553
7.92 -11.8617
7.936 -11.8053
7.952 -12.2125
7.968 -13.0073
7.984 -14.1211
8 -15.4965
8.016 -17.0859
8.032 -18.8484
8.048 -20.7445
8.064 -22.7322
8.08 -24.765
8.096 -26.7941
8.112 -28.7732
8.128 -30.6642
8.144 -32.4394
8.16 -34.0822
8.176 -35.5844
8.192 -36.944
8.208 -38.1631
8.224 -39.2462
8.24 -40.1992
8.256 -41.0282
8.272 -41.7398
8.288 -42.34
8.304 -42.8344
8.32 -43.2281
8.336 -43.5251
8.352 -43.7287
8.368 -43.8413
8.384 -43.864
8.4 -43.7971
8.416 -43.6392
8.432 -43.3877
8.448 -43.0382
8.464 -42.5844
8.48 -42.0176
8.496 -41.3265
8.512 -40.4965
8.528 -39.5092
8.544 -38.3418
8.56 -36.9672
8.576 -35.3543
8.592 -33.4711
8.608 -31.2914
8.624 -28.8092
8.64 -26.061
8.656 -23.1486
8.672 -20.243
8.688 -17.553
8.704 -15.2721
8.72 -13.5337
8.736 -12.3939
8.752 -11.8413
8.768 -11.821
8.784 -12.2588
8.8 -13.0788
8.816 -14.2133
8.832 -15.6056
8.848 -17.2089
8.864 -18.9823
8.88 -20.8865
8.896 -22.879
8.912 -24.9131
8.928 -26.94
8.944 -28.9138
8.96 -30.7971
8.976 -32.5631
8.992 -34.1958
9.008 -35.6876
9.024 -37.0368
9.04 -38.2459
9.056 -39.3193
9.072 -40.2629
9.088 -41.0832
9.104 -41.7864
9.12 -42.3787
9.136 -42.8656
9.152 -43.252
9.168 -43.5421
9.184 -43.7389
9.2 -43.8449
9.216 -43.861
9.232 -43.7874
9.248 -43.6228
9.264 -43.3642
9.28 -43.0072
9.296 -42.5453
9.312 -41.9696
9.328 -41.2687
9.344 -40.4276
9.36 -39.4277
9.376 -38.2458
9.392 -36.8545
9.408 -35.2225
9.424 -33.3179
9.44 -31.1154
9.456 -28.6113
9.472 -25.8464
9.488 -22.928
9.504 -20.0313
9.52 -17.3659
9.536 -15.122
9.552 -13.4276
9.568 -12.3329
9.584 -11.8226
9.6 -11.8393
9.616 -12.3084
9.632 -13.1542
9.648 -14.3098
9.664 -15.7195
9.68 -17.3368
9.696 -19.1214
9.712 -21.0337
9.728 -23.031
9.744 -25.0662
9.76 -27.0906
9.776 -29.0588
9.792 -30.934
9.808 -32.6904
9.824 -34.3127
9.84 -35.7937
9.856 -37.1323
9.872 -38.331
9.888 -39.3944
9.904 -40.3285
9.92 -41.1397
9.936 -41.8344
9.952 -42.4186
9.968 -42.8977
9.984 -43.2767
10 -43.5597
10.016 -43.7496
10.032 -43.8487
10.048 -43.8581
10.064 -43.7777
10.08 -43.606
10.096 -43.3401
10.112 -42.9754
10.128 -42.5052
10.144 -41.9205
10.16 -41.2095
10.176 -40.3571
10.192 -39.3441
10.208 -38.1474
10.224 -36.7389
10.24 -35.0872
10.256 -33.1606
10.272 -30.9349
10.288 -28.4088
10.304 -25.6275
10.32 -22.7039
10.336 -19.8174
10.352 -17.178
10.368 -14.9726
10.384 -13.323
10.4 -12.2742
10.416 -11.8064
10.432 -11.8603
10.448 -12.3607
10.464 -13.2323
10.48 -14.4092
10.496 -15.8361
10.512 -17.4676
10.528 -19.2634
10.544 -21.1837
10.56 -23.1855
10.576 -25.2216
10.592 -27.2432
10.608 -29.2055
10.624 -31.0724
10.64 -32.819
10.656 -34.4306
10.672 -35.9008
10.688 -37.2286
10.704 -38.4167
10.72 -39.47
10.736 -40.3945
10.752 -41.1966
10.768 -41.8826
10.784 -42.4586
10.8 -42.93
10.816 -43.3015
10.832 -43.5772
10.848 -43.7601
10.864 -43.8524
10.88 -43.8549
10.896 -43.7676
10.912 -43.5888
10.928 -43.3155
10.944 -42.943
10.96 -42.4644
10.976 -41.8705
10.992 -41.1492
11.008 -40.2852
11.024 -39.259
11.04 -38.047
11.056 -36.621
11.072 -34.9494
11.088 -33.0005
11.104 -30.7513
11.12 -28.2033
11.136 -25.4062
11.152 -22.4784
11.168 -19.6034
11.184 -16.9914
11.2 -14.8253
11.216 -13.2212
11.232 -12.2183
11.248 -11.793
11.264 -11.884
11.28 -12.4154
11.296 -13.3127
11.312 -14.5105
11.328 -15.9547
11.344 -17.6002
11.36 -19.407
11.376 -21.3351
11.392 -23.3413
11.408 -25.378
11.424 -27.3965
11.44 -29.3526
11.456 -31.211
11.472 -32.9476
11.488 -34.5486
11.504 -36.0077
11.52 -37.3247
11.536 -38.5022
11.552 -39.5455
11.568 -40.4603
11.584 -41.2533
11.6 -41.9306
11.616 -42.4984
11.632 -42.9619
11.648 -43.3259
11.664 -43.5944
11.68 -43.7703
11.696 -43.8556
11.712 -43.8513
11.728 -43.757
11.744 -43.5711
11.76 -43.2904
11.776 -42.9099
11.792 -42.4228
11.808 -41.8196
11.824 -41.0879
11.84 -40.2121
11.856 -39.1726
11.872 -37.9452
11.888 -36.5014
11.904 -34.8095
11.92 -32.8381
11.936 -30.5654
11.952 -27.9957
11.968 -25.1834
11.984 -22.2524
12 -19.3902
12.016 -16.8068
12.032 -14.6808
12.048 -13.1226
12.064 -12.1657
12.08 -11.7827
12.096 -11.9103
12.112 -12.4724
12.128 -13.3951
12.144 -14.6137
12.16 -16.0749
12.176 -17.7342
12.192 -19.5517
12.208 -21.4874
12.224 -23.4977
12.24 -25.5347
12.256 -27.5499
12.272 -29.4996
12.288 -31.3493
12.304 -33.0759
12.32 -34.666
12.336 -36.1142
12.352 -37.4202
12.368 -38.5873
12.384 -39.6204
12.4 -40.5257
12.416 -41.3095
12.432 -41.9782
12.448 -42.5377
12.464 -42.9934
12.48 -43.3499
12.496 -43.6112
12.512 -43.78
12.528 -43.8584
12.544 -43.8472
12.56 -43.7459
12.576 -43.5528
12.592 -43.2646
12.608 -42.8762
12.624 -42.3805
12.64 -41.7679
12.656 -41.0257
12.672 -40.138
12.688 -39.0849
12.704 -37.8419
12.72 -36.3801
12.736 -34.6677
12.752 -32.6737
12.768 -30.3775
12.784 -27.7863
12.8 -24.9595
12.816 -22.0266
12.832 -19.1785
12.848 -16.6246
12.864 -14.5396
12.88 -13.0275
12.896 -12.1164
12.912 -11.7753
12.928 -11.9392
12.944 -12.5317
12.96 -13.4793
12.976 -14.7184
12.992 -16.1963
13.008 -17.8692
13.024 -19.6973
13.04 -21.6404
13.056 -23.6545
13.072 -25.6916
13.088 -27.7031
13.104 -29.6462
13.12 -31.4871
13.136 -33.2035
13.152 -34.7828
13.168 -36.22
13.184 -37.5151
13.2 -38.6716
13.216 -39.6947
13.232 -40.5903
13.248 -41.3651
13.264 -42.0251
13.28 -42.5765
13.296 -43.0244
13.312 -43.3734
13.328 -43.6274
13.344 -43.7893
13.36 -43.8607
13.376 -43.8426
13.392 -43.7343
13.408 -43.534
13.424 -43.2383
13.44 -42.8419
13.456 -42.3375
13.472 -41.7154
13.488 -40.9626
13.504 -40.0629
13.52 -38.9961
13.536 -37.7372
13.552 -36.2573
13.568 -34.5242
13.584 -32.5074
13.6 -30.1876
13.616 -27.5753
13.632 -24.7348
13.648 -21.801
13.664 -18.9683
13.68 -16.4452
13.696 -14.4017
13.712 -12.9359
13.728 -12.0705
13.744 -11.7709
13.76 -11.9707
13.776 -12.5931
13.792 -13.5653
13.808 -14.8245
13.824 -16.319
13.84 -18.0053
13.856 -19.8437
13.872 -21.794
13.888 -23.8116
13.904 -25.8483
13.92 -27.856
13.936 -29.7922
13.952 -31.6242
13.968 -33.3304
13.984 -34.8988
14 -36.325
14.016 -37.6093
14.032 -38.7553
14.048 -39.7683
14.064 -40.6544
14.08 -41.42
14.096 -42.0715
14.112 -42.6146
14.128 -43.0548
14.144 -43.3964
14.16 -43.6432
14.176 -43.798
14.192 -43.8625
14.208 -43.8374
14.224 -43.7221
14.24 -43.5146
14.256 -43.2113
14.272 -42.8069
14.288 -42.2938
14.304 -41.6621
14.32 -40.8986
14.336 -39.9868
14.352 -38.9061
14.368 -37.6313
14.384 -36.1329
14.4 -34.379
14.416 -32.3392
14.432 -29.9959
14.448 -27.3629
14.464 -24.5094
14.48 -21.576
14.496 -18.76
14.512 -16.2686
14.528 -14.2672
14.544 -12.8478
14.56 -12.0279
14.576 -11.7695
14.592 -12.0046
14.608 -12.6565
14.624 -13.653
14.64 -14.9321
14.656 -16.4429
14.672 -18.1423
14.688 -19.9909
14.704 -21.9479
14.72 -23.9687
14.736 -26.0049
14.752 -28.0086
14.768 -29.9377
14.784 -31.7606
14.8 -33.4565
14.816 -35.014
14.832 -36.4291
14.848 -37.7026
14.864 -38.8381
14.88 -39.8411
14.896 -40.7177
14.912 -41.4743
14.928 -42.1172
14.944 -42.6522
14.96 -43.0846
14.976 -43.4188
14.992 -43.6584
15.008 -43.8062
15.024 -43.8638
15.04 -43.8317
15.056 -43.7094
15.072 -43.4947
15.088 -43.1838
15.104 -42.7713
15.12 -42.2494
15.136 -41.608
15.152 -40.8337
15.168 -39.9097
15.184 -38.8149
15.2 -37.5239
15.216 -36.007
15.232 -34.232
15.248 -32.1691
15.264 -29.8025
15.28 -27.1491
15.296 -24.2835
15.312 -21.3517
15.328 -18.5536
15.344 -16.095
15.36 -14.1362
15.376 -12.7634
15.392 -11.9887
15.408 -11.7711
15.424 -12.0411
15.44 -12.7221
15.456 -13.7424
15.472 -15.0411
15.488 -16.5679
15.504 -18.2802
15.52 -20.1386
15.536 -22.1023
15.552 -24.126
15.568 -26.1614
15.584 -28.1606
15.6 -30.0826
15.616 -31.8963
15.632 -33.5817
15.648 -35.1283
15.664 -36.5325
15.68 -37.7951
15.696 -38.9202
15.712 -39.9132
15.728 -40.7803
15.744 -41.5279
15.76 -42.1623
15.776 -42.6892
15.792 -43.1138
15.808 -43.4406
15.824 -43.673
15.84 -43.8138
15.856 -43.8645
15.872 -43.8255
15.888 -43.6962
15.904 -43.4741
15.92 -43.1556
15.936 -42.735
15.952 -42.2043
15.968 -41.5531
15.984 -40.7679
