0,000	1655921,967	1684004,878	0,000	1,017
26,400	2115131,045	2180733,358	0,000	1,031
52,800	2144881,014	2126831,048	0,000	0,992
79,200	1376778,521	1366302,927	0,000	0,992
105,600	1345512,933	1318751,695	0,000	0,980
132,000	1302924,893	1357752,389	0,000	1,042
158,400	1347150,450	1322583,022	0,000	0,982
184,800	1350885,476	1346262,314	0,000	0,997
211,200	1319280,423	1326452,508	0,000	1,005
237,600	1370969,897	1311053,118	0,000	0,956
264,000	1416537,394	1355024,874	0,000	0,957
290,400	1339065,793	1362086,936	0,000	1,017
316,800	1326299,653	1352132,044	0,000	1,019
343,200	1333096,228	1310538,407	0,000	0,983
369,600	1319684,320	1290329,755	0,000	0,978
396,000	1348771,031	1342630,741	0,000	0,995
422,400	1360017,095	1345653,144	0,000	0,989
448,800	1301314,628	1327434,676	0,000	1,020
475,200	1326058,976	1388142,891	0,000	1,047
501,600	1452108,190	1465720,368	0,000	1,009
528,000	1473151,606	1420346,510	0,000	0,964
554,400	1452554,865	1429479,259	0,000	0,984
580,800	1398059,268	1439576,066	0,000	1,030
607,200	1435902,948	1385416,805	0,000	0,965
633,600	1459705,802	1432994,196	0,000	0,982
660,000	1419333,353	1387560,093	0,000	0,978
686,400	1471725,432	1423016,820	0,000	0,967
712,800	1443181,897	1410921,417	0,000	0,978
739,200	1517127,527	1434021,239	0,000	0,945
765,600	1421835,493	1420295,788	0,000	0,999
792,000	1444464,088	1394821,364	0,000	0,966
818,400	1424553,081	1405198,385	0,000	0,986
844,800	1469278,203	1408302,754	0,000	0,958
871,200	1413164,058	1415656,274	0,000	1,002
897,600	1433365,485	1436933,915	0,000	1,002
924,000	1428647,472	1465870,245	0,000	1,026
950,400	1434538,014	1410366,982	0,000	0,983
976,800	1491494,193	1421719,811	0,000	0,953
1003,200	1440727,627	1415640,153	0,000	0,983
1029,600	1402795,810	1418657,696	0,000	1,011
1056,000	1417279,644	1412649,170	0,000	0,997
1082,400	1416805,072	1369678,889	0,000	0,967
1108,800	1435501,633	1395322,607	0,000	0,972
1135,200	1449350,674	1433480,378	0,000	0,989
1161,600	1456667,735	1413653,687	0,000	0,970
1188,000	1417372,757	1421916,681	0,000	1,003
1214,400	1377371,885	1412207,063	0,000	1,025
1240,800	1463670,138	1441366,002	0,000	0,985
1267,200	1437117,917	1425717,416	0,000	0,992
1293,600	1468754,599	1394216,356	0,000	0,949
1320,000	1430445,903	1417007,612	0,000	0,991
1346,400	1410851,982	1396074,596	0,000	0,990
1372,800	1438629,089	1380748,934	0,000	0,960
1399,200	1385437,449	1394207,699	0,000	1,006
1425,600	1398713,801	1432616,418	0,000	1,024
1452,000	1405799,391	1398275,769	0,000	0,995
1478,400	1380449,062	1389026,187	0,000	1,006
1504,800	1439489,636	1438979,749	0,000	1,000
1531,200	1439810,584	1464480,672	0,000	1,017
1557,600	1391181,083	1446521,176	0,000	1,040
1584,000	1425952,302	1412248,969	0,000	0,990
1610,400	1441227,676	1435183,503	0,000	0,996
1636,800	1426984,738	1419839,207	0,000	0,995
1663,200	1403482,706	1411638,120	0,000	1,006
1689,600	1463311,596	1434556,437	0,000	0,980
1716,000	1429617,387	1463407,736	0,000	1,024
1742,400	1454320,370	1395445,490	0,000	0,960
1768,800	1436801,348	1427462,614	0,000	0,994
1795,200	1444169,929	1414475,782	0,000	0,979
1821,600	1442283,381	1392079,401	0,000	0,965
1848,000	1459411,964	1443485,097	0,000	0,989
1874,400	1482523,889	1410790,198	0,000	0,952
1900,800	1455960,767	1441246,459	0,000	0,990
1927,200	1443038,863	1436395,156	0,000	0,995
1953,600	1425143,822	1446647,043	0,000	1,015
1980,000	1411363,708	1385230,747	0,000	0,981
2006,400	1405650,095	1421861,625	0,000	1,012
2032,800	1411430,163	1450459,984	0,000	1,028
2059,200	1387479,163	1426324,022	0,000	1,028
2085,600	1394433,823	1399447,072	0,000	1,004
2112,000	1370886,253	1355481,274	0,000	0,989
2138,400	1408159,501	1395311,430	0,000	0,991
2164,800	1363426,496	1417191,016	0,000	1,039
2191,200	1387519,391	1455649,071	0,000	1,049
2217,600	1362005,299	1394278,412	0,000	1,024
2244,000	1416956,098	1462199,652	0,000	1,032
2270,400	1387763,867	1426741,310	0,000	1,028
2296,800	2932026,106	3072333,390	0,000	1,048
2323,200	3001318,899	3022312,013	0,000	1,007
2349,600	2957596,076	3104022,627	0,000	1,050
2376,000	2844874,427	3086973,908	0,000	1,085
2402,400	1959464,477	2076194,061	0,000	1,060
2428,800	1910921,785	2054270,764	0,000	1,075
2455,200	1910637,161	2024320,031	0,000	1,059
2481,600	1842582,819	1988515,643	0,000	1,079
2508,000	1844249,655	2028058,775	0,000	1,100
2534,400	1897664,627	2062966,968	0,000	1,087
2560,800	1885539,060	2073108,908	0,000	1,099
2587,200	1851051,199	2022078,947	0,000	1,092
2613,600	2117139,132	2445262,665	0,000	1,155
2640,000	2124305,820	2398356,129	0,000	1,129
2666,400	2106795,102	2447971,522	0,000	1,162
2692,800	2149121,443	2424189,007	0,000	1,128
2719,200	2073868,768	2386672,643	0,000	1,151
2745,600	2066275,136	2355075,763	0,000	1,140
2772,000	2120992,149	2394280,312	0,000	1,129
2798,400	2091746,264	2372291,838	0,000	1,134
2824,800	2035495,791	2334369,599	0,000	1,147
2851,200	2176405,150	2312169,033	0,000	1,062
2877,600	2084360,604	2372134,720	0,000	1,138
2904,000	2111389,480	2275144,348	0,000	1,078
2930,400	2131413,355	2248852,739	0,000	1,055
2956,800	2162034,953	2306030,305	0,000	1,067
2983,200	2146749,355	2240535,385	0,000	1,044
3009,600	2255990,110	2221930,400	0,000	0,985
3036,000	2225674,983	2257447,279	0,000	1,014
3062,400	2260329,895	2264559,360	0,000	1,002
3088,800	2267257,659	2275459,006	0,000	1,004
3115,200	2322598,912	2232059,581	0,000	0,961
3141,600	2246649,831	2209784,320	0,000	0,984
3168,000	2292696,791	2261347,732	0,000	0,986
3194,400	2267565,239	2110034,758	0,000	0,931
3220,800	2232311,158	2162644,524	0,000	0,969
3247,200	2308166,555	2195257,279	0,000	0,951
3273,600	2279664,728	2147857,759	0,000	0,942
3300,000	2313917,520	2133331,805	0,000	0,922
3326,400	2331653,302	2115068,888	0,000	0,907
3352,800	2354757,600	2109384,306	0,000	0,896
3379,200	2318379,124	2068661,192	0,000	0,892
3405,600	2356332,821	2080679,686	0,000	0,883
3432,000	2374441,262	2070276,915	0,000	0,872
3458,400	2303978,156	2067382,759	0,000	0,897
3484,800	2403162,939	2076689,837	0,000	0,864
3511,200	2374509,874	2176119,829	0,000	0,916
3537,600	2356541,079	2122503,544	0,000	0,901
3564,000	2390942,421	2097437,324	0,000	0,877
3590,400	2369635,221	2168777,662	0,000	0,915
3616,800	2373452,604	2158365,300	0,000	0,909
3643,200	2424475,889	2170111,306	0,000	0,895
3669,600	2370131,634	2220043,598	0,000	0,937
3696,000	2425088,531	2242891,439	0,000	0,925
3722,400	2417839,637	2266915,525	0,000	0,938
3748,800	2403984,291	2236294,900	0,000	0,930
3775,200	1712211,511	1626536,451	0,000	0,950
3801,600	1686062,664	1586128,766	0,000	0,941
3828,000	1737542,287	1630067,986	0,000	0,938
3854,400	1757296,681	1664586,796	0,000	0,947
3880,800	1712409,891	1681165,676	0,000	0,982
3907,200	1771329,557	1690325,644	0,000	0,954
3933,600	1747063,255	1709552,266	0,000	0,979
3960,000	1727563,966	1667006,662	0,000	0,965
3986,400	1712803,713	1722027,158	0,000	1,005
4012,800	1668868,451	1672995,151	0,000	1,002
4039,200	1712700,301	1757749,143	0,000	1,026
4065,600	1771052,644	1765937,808	0,000	0,997
4092,000	1747984,808	1712174,801	0,000	0,980
4118,400	1729471,151	1683260,027	0,000	0,973
4144,800	1751560,374	1782752,101	0,000	1,018
4171,200	1757808,714	1707085,204	0,000	0,971
4197,600	1657852,480	1759900,998	0,000	1,062
4224,000	1743227,474	1721202,942	0,000	0,987
4250,400	1748152,846	1774187,126	0,000	1,015
4276,800	1712437,012	1724614,923	0,000	1,007
4303,200	1685191,658	1711233,932	0,000	1,015
4329,600	1718524,178	1681517,124	0,000	0,978
4356,000	1690304,483	1736868,796	0,000	1,028
4382,400	1747892,406	1625531,318	0,000	0,930
4408,800	1863894,515	1700052,263	0,000	0,912
4435,200	1723798,499	1737624,617	0,000	1,008
4461,600	1690825,596	1759253,254	0,000	1,040
4488,000	1772038,607	1761281,433	0,000	0,994
4514,400	1698762,976	1724454,700	0,000	1,015
4540,800	1728345,911	1789288,121	0,000	1,035
4567,200	1717439,778	1704127,674	0,000	0,992
4593,600	1763974,966	1770645,769	0,000	1,004
4620,000	1706539,189	1761984,169	0,000	1,032
4646,400	1667256,690	1677994,396	0,000	1,006
4672,800	1725452,370	1646096,326	0,000	0,954
4699,200	1657739,771	1785476,598	0,000	1,077
4725,600	1703592,080	1729685,917	0,000	1,015
4752,000	1754850,916	1734359,383	0,000	0,988
4778,400	1632860,845	1708369,663	0,000	1,046
4804,800	1664372,877	1717184,807	0,000	1,032
4831,200	1658695,397	1682751,192	0,000	1,015
4857,600	1675913,333	1637996,844	0,000	0,977
4884,000	1720678,328	1693894,811	0,000	0,984
4910,400	1690602,535	1671657,510	0,000	0,989
4936,800	1645434,340	1715242,815	0,000	1,042
4963,200	1680724,338	1677149,460	0,000	0,998
4989,600	1763583,095	1691356,272	0,000	0,959
5016,000	1783700,091	1746208,244	0,000	0,979
5042,400	1689265,265	1735891,090	0,000	1,028
5068,800	1668610,143	1681775,521	0,000	1,008
5095,200	1699103,110	1676638,655	0,000	0,987
5121,600	1659021,595	1723797,883	0,000	1,039
5148,000	1747860,463	1705409,670	0,000	0,976
5174,400	1715432,446	1741175,567	0,000	1,015
5200,800	1755268,221	1753129,523	0,000	0,999
5227,200	1699417,628	1685175,984	0,000	0,992
5253,600	1716344,333	1683934,046	0,000	0,981
5280,000	1663277,228	1700130,881	0,000	1,022
5306,400	1680778,749	1731675,725	0,000	1,030
5332,800	1700995,142	1645568,631	0,000	0,967
5359,200	1744158,944	1679969,860	0,000	0,963
5385,600	1703797,085	1779146,605	0,000	1,044
5412,000	1736292,315	1722368,514	0,000	0,992
5438,400	1681312,814	1695219,926	0,000	1,008
5464,800	1728820,393	1653548,483	0,000	0,956
5491,200	1722892,291	1706373,940	0,000	0,990
5517,600	1703033,078	1728130,627	0,000	1,015
5544,000	1666450,460	1682321,765	0,000	1,010
5570,400	1667267,298	1701597,113	0,000	1,021
5596,800	1675028,172	1666340,758	0,000	0,995
5623,200	1674131,079	1711607,777	0,000	1,022
5649,600	1638141,417	1669867,787	0,000	1,019
5676,000	1608368,332	1683156,743	0,000	1,046
5702,400	1650325,111	1728890,805	0,000	1,048
5728,800	1645287,442	1688822,997	0,000	1,026
5755,200	1688166,723	1674706,372	0,000	0,992
5781,600	1632007,530	1640210,383	0,000	1,005
5808,000	1654543,044	1680666,472	0,000	1,016
5834,400	1689184,264	1664617,015	0,000	0,985
5860,800	1640260,841	1660845,538	0,000	1,013
5887,200	1629752,386	1721988,350	0,000	1,057
5913,600	1758255,835	1684782,385	0,000	0,958
5940,000	1608853,304	1728194,651	0,000	1,074
5966,400	1673154,119	1632116,379	0,000	0,975
5992,800	1712576,601	1670903,162	0,000	0,976
6019,200	1715304,796	1685432,832	0,000	0,983
6045,600	1678829,666	1679916,448	0,000	1,001
6072,000	1543702,386	1640007,259	0,000	1,062
6098,400	1675020,321	1669330,411	0,000	0,997
6124,800	1583096,858	1639940,790	0,000	1,036
6151,200	1611376,353	1644612,680	0,000	1,021
6177,600	1657444,925	1718412,783	0,000	1,037
6204,000	1690239,043	1699007,694	0,000	1,005
6230,400	1688116,791	1678782,046	0,000	0,994
6256,800	1687763,807	1701096,406	0,000	1,008
6283,200	1652394,510	1687731,519	0,000	1,021
6309,600	1668924,039	1654074,604	0,000	0,991
6336,000	1636552,136	1702474,512	0,000	1,040
6362,400	1599255,632	1715599,658	0,000	1,073
6388,800	1677930,636	1654853,452	0,000	0,986
6415,200	1686164,694	1662633,732	0,000	0,986
6441,600	1694907,288	1648329,301	0,000	0,973
6468,000	1690759,239	1735310,708	0,000	1,026
6494,400	1665711,820	1687610,938	0,000	1,013
6520,800	1682194,227	1642034,629	0,000	0,976
6547,200	1660464,660	1655833,109	0,000	0,997
6573,600	1672386,628	1684251,632	0,000	1,007
