0,000	210213,338	209698,109	1,000	0,998
26,400	410891,265	407814,477	1,000	0,993
52,800	416139,458	442770,987	1,000	1,064
79,200	386739,639	406290,030	1,000	1,051
105,600	202874,616	191603,804	1,000	0,944
132,000	212985,059	220664,809	1,000	1,036
158,400	225386,348	211555,822	1,000	0,939
184,800	221606,998	211882,904	1,000	0,956
211,200	192516,924	220165,632	1,000	1,144
237,600	211525,754	198209,363	1,000	0,937
264,000	235064,769	227332,376	1,000	0,967
290,400	213567,503	211518,894	1,000	0,990
316,800	190993,634	219668,282	1,000	1,150
343,200	204610,482	224097,195	1,000	1,095
369,600	239604,993	225269,651	1,000	0,940
396,000	203848,276	216140,635	1,000	1,060
422,400	205212,949	231312,352	1,000	1,127
448,800	210396,252	213490,314	1,000	1,015
475,200	206551,346	213165,059	1,000	1,032
501,600	218116,747	203780,435	1,000	0,934
528,000	202429,328	214216,352	1,000	1,058
554,400	204651,277	197949,850	1,000	0,967
580,800	200694,015	195574,270	1,000	0,974
607,200	217017,190	231348,514	1,000	1,066
633,600	216116,721	233528,968	1,000	1,081
660,000	203530,826	203530,826	1,000	1,000
686,400	202252,695	217613,659	1,000	1,076
712,800	234443,263	198890,328	1,000	0,848
739,200	213438,042	203127,026	1,000	0,952
765,600	200791,084	204888,861	1,000	1,020
792,000	240005,062	199577,770	1,000	0,832
818,400	227546,896	206022,189	1,000	0,905
844,800	208988,433	215647,378	1,000	1,032
871,200	209974,226	199219,448	1,000	0,949
897,600	233598,930	225402,476	1,000	0,965
924,000	222487,585	208133,547	1,000	0,935
950,400	214207,970	214207,970	1,000	1,000
976,800	215567,792	198670,554	1,000	0,922
1003,200	221263,928	206922,748	1,000	0,935
1029,600	216835,870	208121,426	1,000	0,960
1056,000	209408,165	211968,167	1,000	1,012
1082,400	202924,957	205999,578	1,000	1,015
1108,800	208959,528	205374,438	1,000	0,983
1135,200	195502,500	202667,513	1,000	1,037
1161,600	209924,769	205828,676	1,000	0,980
1188,000	205672,787	214951,259	1,000	1,045
1214,400	216517,626	223219,362	1,000	1,031
1240,800	198843,578	197298,162	1,000	0,992
1267,200	214959,612	223148,550	1,000	1,038
1293,600	200611,103	208346,750	1,000	1,039
1320,000	218196,021	190025,174	1,000	0,871
1346,400	229479,684	206429,269	1,000	0,900
1372,800	240277,139	203668,390	1,000	0,848
1399,200	211954,479	221237,157	1,000	1,044
1425,600	203108,109	213418,165	1,000	1,051
1452,000	208546,834	207009,634	1,000	0,993
1478,400	207622,886	212236,727	1,000	1,022
1504,800	214436,200	197941,108	1,000	0,923
1531,200	202466,213	214166,522	1,000	1,058
1557,600	209824,126	204194,698	1,000	0,973
1584,000	202258,674	217108,045	1,000	1,073
1610,400	211860,062	212375,537	1,000	1,002
1636,800	178920,686	215832,690	1,000	1,206
1663,200	209405,569	223229,408	1,000	1,066
1689,600	206678,672	205143,929	1,000	0,993
1716,000	208661,532	214813,715	1,000	1,029
1742,400	216615,791	198564,475	1,000	0,917
1768,800	229956,203	203145,166	1,000	0,883
1795,200	207971,717	204385,998	1,000	0,983
1821,600	190453,435	204788,639	1,000	1,075
1848,000	194270,327	191178,491	1,000	0,984
1874,400	197995,946	205670,207	1,000	1,039
1900,800	203633,582	201055,942	1,000	0,987
1927,200	213998,823	231405,426	1,000	1,081
1953,600	215397,869	208698,892	1,000	0,969
1980,000	217679,048	208971,886	1,000	0,960
2006,400	219107,966	224227,311	1,000	1,023
2032,800	212584,159	215657,665	1,000	1,014
2059,200	210924,053	221163,084	1,000	1,049
2085,600	202595,134	204141,662	1,000	1,008
2112,000	181398,995	186037,038	1,000	1,026
2138,400	179686,782	211938,256	1,000	1,179
2164,800	194981,978	216987,818	1,000	1,113
2191,200	195009,487	218042,103	1,000	1,118
2217,600	193949,577	207766,566	1,000	1,071
2244,000	192060,954	216644,757	1,000	1,128
2270,400	204820,473	198675,859	1,000	0,970
2296,800	192546,302	220199,228	1,000	1,144
2323,200	191911,030	187816,928	1,000	0,979
2349,600	173557,048	187380,176	1,000	1,080
2376,000	183812,351	192004,545	1,000	1,045
2402,400	202344,158	201319,631	1,000	0,995
2428,800	187561,630	192714,422	1,000	1,027
2455,200	172597,296	215618,580	1,000	1,249
2481,600	207789,528	219648,484	1,000	1,057
2508,000	191327,041	201125,461	1,000	1,051
2534,400	185394,829	212174,082	1,000	1,144
2560,800	198111,474	191968,482	1,000	0,969
2587,200	179092,039	201606,467	1,000	1,126
2613,600	185366,594	214554,152	1,000	1,157
2640,000	183777,126	209372,826	1,000	1,139
2666,400	197102,863	209901,751	1,000	1,065
2692,800	182238,257	206297,802	1,000	1,132
2719,200	172550,553	200711,622	1,000	1,163
2745,600	182691,639	208790,444	1,000	1,143
2772,000	166403,939	191492,533	1,000	1,151
2798,400	186975,294	203973,048	1,000	1,091
2824,800	175279,539	208788,863	1,000	1,191
2851,200	173132,079	190547,732	1,000	1,101
2877,600	204185,746	186786,459	1,000	0,915
2904,000	194566,090	198662,218	1,000	1,021
2930,400	179511,853	205156,404	1,000	1,143
2956,800	192068,283	202824,107	1,000	1,056
2983,200	192721,635	196844,023	1,000	1,021
3009,600	178181,237	188421,538	1,000	1,057
3036,000	194660,203	193635,676	1,000	0,995
3062,400	188429,804	196110,366	1,000	1,041
3088,800	185313,222	175074,922	1,000	0,945
3115,200	179686,268	174567,002	1,000	0,972
3141,600	189596,354	185496,973	1,000	0,978
3168,000	192582,302	198728,546	1,000	1,032
3194,400	194917,756	198989,146	1,000	1,021
3220,800	204746,275	174546,199	1,000	0,853
3247,200	199152,015	196592,220	1,000	0,987
3273,600	196218,897	188021,763	1,000	0,958
3300,000	199919,024	171725,316	1,000	0,859
3326,400	207134,760	172783,203	1,000	0,834
3352,800	202240,930	194048,893	1,000	0,959
3379,200	213660,436	179331,301	1,000	0,839
3405,600	220180,329	179216,547	1,000	0,814
3432,000	197946,239	173202,959	1,000	0,875
3458,400	212561,244	187975,847	1,000	0,884
3484,800	198149,257	159748,238	1,000	0,806
3511,200	222131,920	181697,769	1,000	0,818
3537,600	206900,643	192560,994	1,000	0,931
3564,000	219111,309	187370,885	1,000	0,855
3590,400	250322,367	209369,832	1,000	0,836
3616,800	210841,629	202653,605	1,000	0,961
3643,200	224732,041	187104,887	1,000	0,833
3669,600	217595,814	208379,991	1,000	0,958
3696,000	219330,050	194732,288	1,000	0,888
3722,400	240149,377	210774,883	1,000	0,878
3748,800	214123,363	210537,565	1,000	0,983
3775,200	218000,749	182179,029	1,000	0,836
3801,600	207966,162	201307,147	1,000	0,968
3828,000	206133,837	204587,833	1,000	0,993
3854,400	190729,815	212895,712	1,000	1,116
3880,800	226272,892	201700,270	1,000	0,891
3907,200	219242,585	195679,130	1,000	0,893
3933,600	225256,347	211854,367	1,000	0,941
3960,000	223274,970	192036,958	1,000	0,860
3986,400	215002,036	196061,380	1,000	0,912
4012,800	206877,951	189467,430	1,000	0,916
4039,200	226896,015	207945,332	1,000	0,916
4065,600	209906,754	218098,237	1,000	1,039
4092,000	203776,743	202240,737	1,000	0,992
4118,400	215486,796	212393,685	1,000	0,986
4144,800	213676,341	218800,473	1,000	1,024
4171,200	210530,736	201822,652	1,000	0,959
4197,600	221793,885	211549,364	1,000	0,954
4224,000	210186,934	209674,283	1,000	0,998
4250,400	210726,342	195269,642	1,000	0,927
4276,800	218008,436	227731,817	1,000	1,045
4303,200	235520,859	230912,842	1,000	0,980
4329,600	190896,966	216998,159	1,000	1,137
4356,000	222749,700	213532,471	1,000	0,959
4382,400	214541,671	209421,345	1,000	0,976
4408,800	218607,495	189937,660	1,000	0,869
4435,200	198527,099	208324,540	1,000	1,049
4461,600	211016,403	207943,349	1,000	0,985
4488,000	204885,539	223837,451	1,000	1,093
4514,400	200712,196	202760,280	1,000	1,010
4540,800	200364,112	191652,629	1,000	0,957
4567,200	208270,735	231469,208	1,000	1,111
4593,600	194489,308	228780,844	1,000	1,176
4620,000	191650,068	203948,468	1,000	1,064
4646,400	204319,723	197662,690	1,000	0,967
4672,800	203330,470	194623,624	1,000	0,957
4699,200	202737,467	210416,916	1,000	1,038
4725,600	194801,078	196851,616	1,000	1,011
4752,000	210248,442	199942,146	1,000	0,951
4778,400	222195,250	215027,661	1,000	0,968
4804,800	224437,234	192667,580	1,000	0,858
4831,200	202019,498	218510,885	1,000	1,082
4857,600	193048,451	199705,294	1,000	1,034
4884,000	186878,187	214525,918	1,000	1,148
4910,400	197772,695	227644,612	1,000	1,151
4936,800	202332,962	211040,963	1,000	1,043
4963,200	220025,199	220538,078	1,000	1,002
4989,600	226512,829	194739,536	1,000	0,860
5016,000	225255,046	210408,691	1,000	0,934
5042,400	230366,791	219616,341	1,000	0,953
5068,800	205897,003	216652,816	1,000	1,052
5095,200	205807,284	205295,326	1,000	0,998
5121,600	218642,519	217106,389	1,000	0,993
5148,000	209972,023	215605,418	1,000	1,027
5174,400	220178,045	225334,440	1,000	1,023
5200,800	182853,715	228439,094	1,000	1,249
5227,200	225444,419	210585,582	1,000	0,934
5253,600	209973,425	212534,076	1,000	1,012
5280,000	217165,205	213067,748	1,000	0,981
5306,400	215066,214	231964,274	1,000	1,079
5332,800	220072,035	226725,375	1,000	1,030
5359,200	198731,389	222292,327	1,000	1,119
5385,600	202122,396	223613,892	1,000	1,106
5412,000	186265,839	191383,032	1,000	1,027
5438,400	224528,301	220427,327	1,000	0,982
5464,800	207270,629	204711,732	1,000	0,988
5491,200	219012,955	219524,667	1,000	1,002
5517,600	210947,384	203267,261	1,000	0,964
5544,000	224895,133	213112,472	1,000	0,948
5570,400	197207,410	202841,908	1,000	1,029
5596,800	191893,837	215944,532	1,000	1,125
5623,200	204440,415	223398,548	1,000	1,093
5649,600	210622,920	236569,221	1,000	1,123
5676,000	229773,151	212373,848	1,000	0,924
5702,400	210600,856	182418,260	1,000	0,866
5728,800	209497,462	205911,931	1,000	0,983
5755,200	200197,693	235014,684	1,000	1,174
5781,600	202417,157	187043,702	1,000	0,924
5808,000	190727,435	229388,401	1,000	1,203
5834,400	213063,514	203401,922	1,000	0,955
5860,800	208639,817	204538,789	1,000	0,980
5887,200	203466,163	202435,954	1,000	0,995
5913,600	199085,006	214950,392	1,000	1,080
5940,000	203746,823	208866,090	1,000	1,025
5966,400	203702,347	212403,202	1,000	1,043
5992,800	181783,891	218140,669	1,000	1,200
6019,200	226402,840	205913,895	1,000	0,910
6045,600	207535,501	200361,435	1,000	0,965
6072,000	228774,956	213932,733	1,000	0,935
6098,400	208456,320	205383,254	1,000	0,985
6124,800	194477,814	212390,244	1,000	1,092
6151,200	210328,985	212906,546	1,000	1,012
6177,600	231554,676	215673,714	1,000	0,931
6204,000	213101,899	194148,124	1,000	0,911
6230,400	208487,344	203364,805	1,000	0,975
6256,800	213067,139	220749,848	1,000	1,036
6283,200	199855,640	213763,120	1,000	1,070
6309,600	216224,994	190093,538	1,000	0,879
6336,000	204408,229	215166,557	1,000	1,053
6362,400	221046,954	212348,347	1,000	0,961
6388,800	226293,389	206838,301	1,000	0,914
6415,200	207968,940	194138,493	1,000	0,933
6441,600	194575,738	188431,241	1,000	0,968
6468,000	209588,435	215737,729	1,000	1,029
6494,400	202668,881	200090,397	1,000	0,987
6520,800	203379,164	233091,988	1,000	1,146
6547,200	199770,833	211552,189	1,000	1,059
6573,600	200934,592	206086,761	1,000	1,026
