0,000	3933785,929	3618037,177	0,000	0,920
26,400	4621680,301	4156076,605	0,000	0,899
52,800	4555340,002	4116770,510	0,000	0,904
79,200	4500437,533	4238993,431	0,000	0,942
105,600	4672622,866	4194783,469	0,000	0,898
132,000	3940612,994	3661936,223	0,000	0,929
158,400	3906997,855	3739419,221	0,000	0,957
184,800	3974644,503	3723565,902	0,000	0,937
211,200	4020508,108	3691050,822	0,000	0,918
237,600	3997315,423	3734456,656	0,000	0,934
264,000	4018574,387	3715225,514	0,000	0,925
290,400	3941018,549	3798404,197	0,000	0,964
316,800	3965832,182	3818234,587	0,000	0,963
343,200	3971710,157	3818151,234	0,000	0,961
369,600	3991198,256	3792497,423	0,000	0,950
396,000	3940158,309	3741351,709	0,000	0,950
422,400	3926188,229	3669563,102	0,000	0,935
448,800	3828784,139	3662435,430	0,000	0,957
475,200	3970612,557	3748379,998	0,000	0,944
501,600	3892222,893	3765733,879	0,000	0,968
528,000	3859214,526	3690966,973	0,000	0,956
554,400	3909829,624	3684511,613	0,000	0,942
580,800	3974037,549	3945870,838	0,000	0,993
607,200	3976018,076	3837272,323	0,000	0,965
633,600	3992966,260	3858314,762	0,000	0,966
660,000	3979570,034	3850224,636	0,000	0,967
686,400	3975749,753	3886047,041	0,000	0,977
712,800	4056086,316	3915614,323	0,000	0,965
739,200	4076948,641	4004599,888	0,000	0,982
765,600	4064674,281	3961783,387	0,000	0,975
792,000	4092381,463	3949060,168	0,000	0,965
818,400	4143058,524	3969319,878	0,000	0,958
844,800	4065336,884	4002266,978	0,000	0,984
871,200	3990541,346	4006822,972	0,000	1,004
897,600	4075873,630	4052319,078	0,000	0,994
924,000	4088795,175	3966203,224	0,000	0,970
950,400	4063573,294	3918147,600	0,000	0,964
976,800	4048972,269	4037267,897	0,000	0,997
1003,200	4067214,150	4043034,479	0,000	0,994
1029,600	4050686,918	3994303,314	0,000	0,986
1056,000	4025471,460	4090884,249	0,000	1,016
1082,400	3921548,175	3946189,844	0,000	1,006
1108,800	4080443,574	4010044,862	0,000	0,983
1135,200	4020977,194	4100165,097	0,000	1,020
1161,600	3993815,987	4038880,830	0,000	1,011
1188,000	4174482,464	4046831,138	0,000	0,969
1214,400	3989323,838	4103320,335	0,000	1,029
1240,800	4052821,037	4084690,691	0,000	1,008
1267,200	4034390,859	3948107,890	0,000	0,979
1293,600	3911997,403	3961217,215	0,000	1,013
1320,000	3986384,340	3987752,696	0,000	1,000
1346,400	4022405,029	4019185,835	0,000	0,999
1372,800	3932789,979	4091495,815	0,000	1,040
1399,200	4060601,055	4150520,324	0,000	1,022
1425,600	4018422,295	3957464,678	0,000	0,985
1452,000	3997512,895	4035483,120	0,000	1,009
1478,400	4138921,163	4064192,541	0,000	0,982
1504,800	3974780,477	4097188,577	0,000	1,031
1531,200	4019023,164	4057358,557	0,000	1,010
1557,600	3933333,325	3988194,046	0,000	1,014
1584,000	3935004,384	3948307,193	0,000	1,003
1610,400	4019956,812	4114169,750	0,000	1,023
1636,800	3931604,304	3963107,986	0,000	1,008
1663,200	4031034,225	4026941,217	0,000	0,999
1689,600	3998380,618	4036758,475	0,000	1,010
1716,000	3944691,305	4062642,680	0,000	1,030
1742,400	3927862,480	4014157,477	0,000	1,022
1768,800	3980691,108	3923070,149	0,000	0,986
1795,200	3945744,837	4001475,685	0,000	1,014
1821,600	3940046,757	4065794,116	0,000	1,032
1848,000	3996655,992	4028310,720	0,000	1,008
1874,400	3944611,331	3989067,677	0,000	1,011
1900,800	4015945,013	4046513,584	0,000	1,008
1927,200	4084231,754	4110268,831	0,000	1,006
1953,600	3932857,888	4006269,481	0,000	1,019
1980,000	3896599,676	3957510,104	0,000	1,016
2006,400	3970875,549	3977282,078	0,000	1,002
2032,800	3913501,991	3933705,643	0,000	1,005
2059,200	3914159,701	3964948,304	0,000	1,013
2085,600	3955532,750	3995713,683	0,000	1,010
2112,000	3904398,285	3997647,173	0,000	1,024
2138,400	3872823,634	3980076,283	0,000	1,028
2164,800	3912443,409	3979394,125	0,000	1,017
2191,200	3974853,589	3981593,147	0,000	1,002
2217,600	3996836,148	3977018,444	0,000	0,995
2244,000	3955823,765	4022654,473	0,000	1,017
2270,400	4029239,872	4063389,924	0,000	1,008
2296,800	4040841,807	4003418,000	0,000	0,991
2323,200	3884991,143	4066745,465	0,000	1,047
2349,600	3846118,512	3933798,738	0,000	1,023
2376,000	3882925,961	3973093,071	0,000	1,023
2402,400	3732462,311	3851417,346	0,000	1,032
2428,800	3769968,125	3924065,120	0,000	1,041
2455,200	3837894,800	3862477,544	0,000	1,006
2481,600	3858224,719	3993097,959	0,000	1,035
2508,000	3799074,481	3829802,875	0,000	1,008
2534,400	3899271,905	3904427,346	0,000	1,001
2560,800	3948171,453	3894697,613	0,000	0,986
2587,200	3856768,810	3882281,305	0,000	1,007
2613,600	3791385,089	3952863,063	0,000	1,043
2640,000	3891469,190	3939059,918	0,000	1,012
2666,400	3905274,306	3906231,075	0,000	1,000
2692,800	3952887,192	3900246,794	0,000	0,987
2719,200	3873766,894	3915586,681	0,000	1,011
2745,600	3927076,738	3943313,880	0,000	1,004
2772,000	3899820,518	3909124,864	0,000	1,002
2798,400	3908904,345	3895624,067	0,000	0,997
2824,800	3913247,920	3947700,446	0,000	1,009
2851,200	3944444,071	3958648,779	0,000	1,004
2877,600	3854841,726	3905536,778	0,000	1,013
2904,000	3824683,280	3889216,130	0,000	1,017
2930,400	3851291,981	3857918,779	0,000	1,002
2956,800	3861431,451	3852574,888	0,000	0,998
2983,200	3836114,672	3878874,292	0,000	1,011
3009,600	3796978,946	3895579,183	0,000	1,026
3036,000	3797283,262	3900885,283	0,000	1,027
3062,400	3872250,569	3887076,099	0,000	1,004
3088,800	3906053,167	3896760,518	0,000	0,998
3115,200	3912481,885	3970536,443	0,000	1,015
3141,600	3947129,303	3962346,951	0,000	1,004
3168,000	3873548,107	3980738,429	0,000	1,028
3194,400	3975073,919	4019585,460	0,000	1,011
3220,800	3901528,115	3919522,445	0,000	1,005
3247,200	3798157,969	3921054,412	0,000	1,032
3273,600	3883397,315	3850779,583	0,000	0,992
3300,000	3873852,264	3921242,882	0,000	1,012
3326,400	3820253,734	3890740,634	0,000	1,018
3352,800	3873488,995	3845246,082	0,000	0,993
3379,200	3805847,982	3889302,051	0,000	1,022
3405,600	3759716,155	3866529,986	0,000	1,028
3432,000	3874799,729	3883967,236	0,000	1,002
3458,400	3876172,664	3891542,467	0,000	1,004
3484,800	3730105,538	3964603,983	0,000	1,063
3511,200	3824496,840	3848824,652	0,000	1,006
3537,600	3811235,156	3848111,488	0,000	1,010
3564,000	3771169,100	3861839,145	0,000	1,024
3590,400	3768200,587	3906467,163	0,000	1,037
3616,800	3924935,676	3890424,703	0,000	0,991
3643,200	3925188,963	3891873,656	0,000	0,992
3669,600	3859285,490	3860297,067	0,000	1,000
3696,000	3860705,780	3914602,788	0,000	1,014
3722,400	3913335,910	3924327,218	0,000	1,003
3748,800	3845544,337	3841491,616	0,000	0,999
3775,200	3781722,972	3888697,700	0,000	1,028
3801,600	3812285,393	3873733,823	0,000	1,016
3828,000	3941080,495	3989783,790	0,000	1,012
3854,400	3869264,064	3827338,124	0,000	0,989
3880,800	3846880,351	3863258,131	0,000	1,004
3907,200	3913829,893	3845682,672	0,000	0,983
3933,600	3761661,667	3762699,657	0,000	1,000
