0,000	7900805,755	8134701,409	0,000	1,030
26,400	8171570,542	8167946,361	0,000	1,000
52,800	7600084,668	7807488,565	0,000	1,027
79,200	7975718,167	7967689,242	0,000	0,999
105,600	7833444,923	7760009,141	0,000	0,991
132,000	7889074,157	7862681,215	0,000	0,997
158,400	7747329,977	8086692,375	0,000	1,044
184,800	7649761,416	7736582,827	0,000	1,011
211,200	7849563,375	7978216,134	0,000	1,016
237,600	7909361,387	8096385,347	0,000	1,024
264,000	7785987,753	7920509,001	0,000	1,017
290,400	7895762,691	8035012,351	0,000	1,018
316,800	7885947,434	8056956,567	0,000	1,022
343,200	7854001,156	8131612,488	0,000	1,035
369,600	7824177,952	8259500,678	0,000	1,056
396,000	7864898,935	8091982,714	0,000	1,029
422,400	7914480,049	8152829,192	0,000	1,030
448,800	7908998,130	8124678,628	0,000	1,027
475,200	7854220,642	8045403,385	0,000	1,024
501,600	7887477,510	8047088,928	0,000	1,020
528,000	7747290,615	7962805,826	0,000	1,028
554,400	7732169,493	8059180,689	0,000	1,042
580,800	7739769,966	8147560,225	0,000	1,053
607,200	7820032,134	8099721,614	0,000	1,036
633,600	7804452,679	8244005,124	0,000	1,056
660,000	7902640,604	8007172,735	0,000	1,013
686,400	7813480,252	8074781,437	0,000	1,033
712,800	7788656,636	8203881,458	0,000	1,053
739,200	7984595,241	8186866,192	0,000	1,025
765,600	7881977,120	8184714,194	0,000	1,038
792,000	7705710,410	8160393,262	0,000	1,059
818,400	7771727,092	8163127,474	0,000	1,050
844,800	7793347,244	8185753,130	0,000	1,050
871,200	7816402,398	8089831,673	0,000	1,035
897,600	7750104,713	8101291,307	0,000	1,045
924,000	7775865,463	7995775,018	0,000	1,028
950,400	7653681,944	8028967,206	0,000	1,049
976,800	7666614,902	8140108,725	0,000	1,062
1003,200	7691474,560	8007766,484	0,000	1,041
1029,600	7739133,010	8113117,349	0,000	1,048
1056,000	7548070,740	7954696,359	0,000	1,054
1082,400	7530038,788	7838321,266	0,000	1,041
1108,800	7480338,120	8015961,626	0,000	1,072
1135,200	7539404,240	7955024,977	0,000	1,055
1161,600	7552674,260	7964030,564	0,000	1,054
1188,000	7694556,018	7961892,633	0,000	1,035
1214,400	7452314,842	7912957,514	0,000	1,062
1240,800	7508070,022	8126776,754	0,000	1,082
1267,200	7543020,153	7980196,969	0,000	1,058
1293,600	7747129,488	7901855,039	0,000	1,020
1320,000	7515066,856	7993776,010	0,000	1,064
1346,400	7474132,552	7869622,348	0,000	1,053
1372,800	7531599,375	8008776,902	0,000	1,063
1399,200	7491030,321	7930443,634	0,000	1,059
1425,600	7366991,180	7704202,260	0,000	1,046
1452,000	7506573,095	7921204,902	0,000	1,055
1478,400	7561163,024	7960072,202	0,000	1,053
1504,800	7590551,381	8016891,128	0,000	1,056
1531,200	7559787,886	8036809,199	0,000	1,063
1557,600	7568957,604	8027717,647	0,000	1,061
1584,000	7651443,325	8044316,758	0,000	1,051
1610,400	7425555,373	7999641,881	0,000	1,077
1636,800	7478872,943	7916098,463	0,000	1,058
1663,200	7480285,631	7907287,811	0,000	1,057
1689,600	7541031,325	7971128,481	0,000	1,057
1716,000	7531597,750	8000680,713	0,000	1,062
1742,400	7476888,908	7840660,256	0,000	1,049
1768,800	7430952,681	7882602,084	0,000	1,061
1795,200	7552072,923	7973058,445	0,000	1,056
1821,600	7466211,166	7904623,449	0,000	1,059
1848,000	7451544,314	7827969,133	0,000	1,051
1874,400	7569198,295	8017701,539	0,000	1,059
1900,800	7575450,853	7963979,280	0,000	1,051
1927,200	7576093,302	7859147,992	0,000	1,037
1953,600	7552310,330	7956297,862	0,000	1,053
1980,000	7193141,413	7554703,974	0,000	1,050
2006,400	7295657,228	7651474,221	0,000	1,049
2032,800	7383678,789	7631388,554	0,000	1,034
2059,200	7262561,406	7608150,590	0,000	1,048
2085,600	7223974,235	7730960,317	0,000	1,070
2112,000	7256130,325	7653611,683	0,000	1,055
2138,400	7558445,760	7892689,494	0,000	1,044
2164,800	7440253,596	7970126,014	0,000	1,071
2191,200	7505010,915	7929932,708	0,000	1,057
2217,600	7550255,824	7868659,499	0,000	1,042
2244,000	7442477,561	7898643,106	0,000	1,061
2270,400	7427679,359	7936097,418	0,000	1,068
2296,800	7584255,698	7852351,488	0,000	1,035
2323,200	7584355,820	7930239,858	0,000	1,046
2349,600	7423839,132	7867349,267	0,000	1,060
2376,000	7503753,897	7846413,881	0,000	1,046
2402,400	7388270,389	7793504,639	0,000	1,055
2428,800	7458192,202	7857570,152	0,000	1,054
2455,200	7397579,453	7809449,167	0,000	1,056
2481,600	7516177,980	7945458,091	0,000	1,057
2508,000	7537791,766	7839466,541	0,000	1,040
2534,400	7482655,766	7921495,193	0,000	1,059
2560,800	7363799,485	7828291,533	0,000	1,063
2587,200	7525318,017	7766605,917	0,000	1,032
2613,600	7415999,278	7751913,178	0,000	1,045
2640,000	7377702,689	7686071,724	0,000	1,042
2666,400	7552147,303	7832301,423	0,000	1,037
2692,800	7412789,062	7975896,373	0,000	1,076
2719,200	7434583,480	7805237,489	0,000	1,050
2745,600	7444702,813	7875617,603	0,000	1,058
2772,000	7460570,250	7971287,619	0,000	1,068
2798,400	7473893,364	7799272,751	0,000	1,044
2824,800	7499733,242	7778633,051	0,000	1,037
2851,200	7490566,067	7790294,682	0,000	1,040
2877,600	7567706,983	7875005,961	0,000	1,041
2904,000	7317100,849	7715615,494	0,000	1,054
2930,400	7640015,943	7866311,773	0,000	1,030
2956,800	7433156,186	7765619,857	0,000	1,045
2983,200	7589050,194	7785656,806	0,000	1,026
3009,600	7622601,090	8068191,078	0,000	1,058
3036,000	7467374,908	8059264,992	0,000	1,079
3062,400	7608727,313	7917084,308	0,000	1,041
3088,800	7521855,432	7901015,545	0,000	1,050
3115,200	7482342,035	7856193,965	0,000	1,050
3141,600	7471584,918	7937572,274	0,000	1,062
3168,000	7759825,778	7980668,849	0,000	1,028
3194,400	7524958,436	7798026,313	0,000	1,036
3220,800	7659802,086	7954204,515	0,000	1,038
3247,200	7548284,894	7899624,620	0,000	1,047
3273,600	7502795,297	7862691,478	0,000	1,048
3300,000	7525754,293	7887177,346	0,000	1,048
3326,400	7571435,983	7776378,040	0,000	1,027
3352,800	7761132,344	8045076,207	0,000	1,037
3379,200	7616547,456	7870118,042	0,000	1,033
3405,600	7641053,665	7925991,924	0,000	1,037
3432,000	7703779,161	7978548,610	0,000	1,036
3458,400	7447116,194	7915231,406	0,000	1,063
3484,800	7341828,389	7690870,774	0,000	1,048
3511,200	7430252,480	7753090,230	0,000	1,043
3537,600	7725951,529	7893557,418	0,000	1,022
3564,000	7684061,212	8097812,847	0,000	1,054
3590,400	7725295,507	7968571,686	0,000	1,031
3616,800	7557965,877	7957751,901	0,000	1,053
3643,200	7528955,797	7847023,973	0,000	1,042
3669,600	7606548,092	8016580,016	0,000	1,054
3696,000	7528537,124	7958096,448	0,000	1,057
3722,400	7602303,591	7903974,730	0,000	1,040
3748,800	7386649,578	7814676,550	0,000	1,058
3775,200	7566437,414	7817500,923	0,000	1,033
3801,600	7385875,249	7804826,520	0,000	1,057
3828,000	7616008,463	7793483,168	0,000	1,023
3854,400	7554894,260	7883319,785	0,000	1,043
3880,800	7517160,400	7876649,356	0,000	1,048
3907,200	7500685,089	7726365,077	0,000	1,030
3933,600	7497089,581	7807216,663	0,000	1,041
