0,000	38702928,450	37457948,864	0,000	0,968
211,200	40104482,690	39236733,805	0,000	0,978
422,400	40669284,003	40077281,314	0,000	0,985
633,600	40372602,574	40220401,481	0,000	0,996
844,800	36768880,912	35149020,467	0,000	0,956
1056,000	37800161,094	36828232,089	0,000	0,974
1267,200	37383505,278	37032560,274	0,000	0,991
1478,400	37179474,425	36827060,457	0,000	0,991
1689,600	37525710,744	37055749,161	0,000	0,987
1900,800	37409773,192	36990106,345	0,000	0,989
2112,000	37262409,186	36945766,617	0,000	0,992
2323,200	37413190,095	36748862,772	0,000	0,982
2534,400	37108902,396	36937183,250	0,000	0,995
2745,600	37217554,934	36655728,858	0,000	0,985
2956,800	37277206,986	36872498,989	0,000	0,989
3168,000	37005475,428	36871082,542	0,000	0,996
3379,200	36955601,586	36381997,207	0,000	0,984
3590,400	36985435,451	36697777,776	0,000	0,992
3801,600	37082915,907	36611948,463	0,000	0,987
4012,800	37140026,307	36854291,808	0,000	0,992
4224,000	37054072,409	36954451,478	0,000	0,997
4435,200	37006904,538	36449371,705	0,000	0,985
4646,400	36743740,987	37034494,499	0,000	1,008
4857,600	36785467,485	36862398,393	0,000	1,002
5068,800	36837612,901	36495203,872	0,000	0,991
5280,000	37014089,818	36737601,271	0,000	0,993
5491,200	36567403,988	36806725,752	0,000	1,007
5702,400	37035735,415	36798719,246	0,000	0,994
5913,600	36953894,670	36692098,459	0,000	0,993
6124,800	36555408,117	36910807,548	0,000	1,010
6336,000	36675542,943	36636395,315	0,000	0,999
6547,200	36562225,999	36819379,734	0,000	1,007
6758,400	36799339,283	36798408,230	0,000	1,000
6969,600	36837676,025	37004782,639	0,000	1,005
7180,800	37198076,913	36944518,305	0,000	0,993
7392,000	36810785,903	36752825,226	0,000	0,998
7603,200	36678306,267	36821026,073	0,000	1,004
7814,400	36554574,799	36929525,573	0,000	1,010
8025,600	37185406,294	37052637,131	0,000	0,996
8236,800	36799608,035	37026269,153	0,000	1,006
8448,000	37076097,852	37063840,971	0,000	1,000
8659,200	37178307,147	37094925,566	0,000	0,998
8870,400	36804617,620	36647502,649	0,000	0,996
9081,600	36677686,055	36284395,693	0,000	0,989
9292,800	36887642,092	36688144,918	0,000	0,995
9504,000	36837550,837	36700187,037	0,000	0,996
9715,200	36991211,826	36625903,769	0,000	0,990
9926,400	36788961,694	36878538,850	0,000	1,002
10137,600	36970466,415	37103205,023	0,000	1,004
10348,800	36613366,524	36931580,628	0,000	1,009
10560,000	36915418,204	36713701,317	0,000	0,995
10771,200	36644390,369	37149914,880	0,000	1,014
10982,400	36810890,292	36705197,570	0,000	0,997
11193,600	37254930,597	37266209,577	0,000	1,000
11404,800	37085586,061	37300480,385	0,000	1,006
11616,000	37071244,173	37112347,353	0,000	1,001
11827,200	36790027,950	36994095,775	0,000	1,006
12038,400	37021368,008	37533462,423	0,000	1,014
12249,600	37246566,460	37824922,787	0,000	1,016
12460,800	37539992,722	37637151,056	0,000	1,003
12672,000	37469683,205	37655409,647	0,000	1,005
12883,200	37228840,285	37608945,977	0,000	1,010
13094,400	37494479,985	38029570,382	0,000	1,014
13305,600	37169287,128	37852072,652	0,000	1,018
13516,800	37300979,136	37907541,174	0,000	1,016
13728,000	37398519,697	37788183,871	0,000	1,010
13939,200	37337499,329	37972337,579	0,000	1,017
14150,400	37450282,803	37910141,260	0,000	1,012
14361,600	37117287,086	37995136,726	0,000	1,024
14572,800	37308225,896	37868020,785	0,000	1,015
14784,000	37430401,354	38243537,856	0,000	1,022
14995,200	37315543,967	38123666,988	0,000	1,022
15206,400	37707607,002	38141322,239	0,000	1,012
15417,600	37762675,067	38373452,922	0,000	1,016
15628,800	37683874,858	38185264,991	0,000	1,013
15840,000	37350159,176	38322202,474	0,000	1,026
16051,200	37729770,919	38165575,670	0,000	1,012
16262,400	37373868,348	38282329,254	0,000	1,024
16473,600	37779465,644	38561997,453	0,000	1,021
16684,800	37735158,482	38220978,499	0,000	1,013
16896,000	37664590,786	38008428,942	0,000	1,009
17107,200	37380146,494	38238296,223	0,000	1,023
17318,400	36912230,191	37879990,764	0,000	1,026
17529,600	37123670,799	37899264,689	0,000	1,021
17740,800	36914004,148	37816350,558	0,000	1,024
17952,000	36832663,122	37714237,061	0,000	1,024
18163,200	37178439,202	37763131,072	0,000	1,016
18374,400	37213759,726	37918226,292	0,000	1,019
18585,600	37010844,080	37981625,618	0,000	1,026
18796,800	36700804,666	38306174,680	0,000	1,044
19008,000	37307139,462	37968720,265	0,000	1,018
19219,200	37405101,943	37839594,545	0,000	1,012
19430,400	37449714,939	38331044,953	0,000	1,024
19641,600	37462682,907	38327956,351	0,000	1,023
19852,800	37488751,181	38562517,235	0,000	1,029
20064,000	37562722,465	38530560,242	0,000	1,026
20275,200	37769933,282	38470101,798	0,000	1,019
20486,400	37926607,751	38732341,675	0,000	1,021
20697,600	37706626,324	38924193,803	0,000	1,032
20908,800	38090274,424	38824810,080	0,000	1,019
21120,000	38027648,600	38930836,965	0,000	1,024
21331,200	38400093,616	38910263,998	0,000	1,013
21542,400	38153570,638	39073846,349	0,000	1,024
21753,600	38750921,960	40050847,095	0,000	1,034
21964,800	38707041,114	40060620,619	0,000	1,035
22176,000	38790527,161	39452502,225	0,000	1,017
22387,200	39075539,660	40114186,795	0,000	1,027
22598,400	38849784,730	39973113,082	0,000	1,029
22809,600	38671751,101	39674416,612	0,000	1,026
23020,800	39184283,146	39930005,344	0,000	1,019
23232,000	39011756,865	39653909,388	0,000	1,016
23443,200	38969425,493	40025721,659	0,000	1,027
23654,400	38809034,167	40147680,544	0,000	1,034
23865,600	38707879,155	39698202,579	0,000	1,026
24076,800	38952181,360	40349575,734	0,000	1,036
24288,000	39158999,166	40264506,628	0,000	1,028
24499,200	39416744,751	40560783,043	0,000	1,029
24710,400	39329328,506	40100327,468	0,000	1,020
24921,600	39279597,895	40108817,867	0,000	1,021
25132,800	38970128,923	39991754,591	0,000	1,026
25344,000	39125103,800	40243839,593	0,000	1,029
25555,200	39184577,284	40148554,928	0,000	1,025
25766,400	39163929,817	40122321,874	0,000	1,024
25977,600	39112454,519	40176232,078	0,000	1,027
26188,800	39113770,475	40104824,470	0,000	1,025
26400,000	39300163,679	40041816,643	0,000	1,019
26611,200	39269670,723	40545204,610	0,000	1,032
26822,400	39034722,923	40334983,850	0,000	1,033
27033,600	39163375,447	40464727,032	0,000	1,033
27244,800	39030506,918	40293350,704	0,000	1,032
27456,000	39296218,168	40581872,304	0,000	1,033
27667,200	39361606,887	40416413,729	0,000	1,027
27878,400	39288096,632	40347501,317	0,000	1,027
28089,600	39386640,155	40759908,426	0,000	1,035
28300,800	39458014,392	40652445,508	0,000	1,030
28512,000	39521065,123	40831278,735	0,000	1,033
28723,200	39731010,555	40936362,181	0,000	1,030
28934,400	39724024,388	40660431,198	0,000	1,024
29145,600	39449005,767	40694313,702	0,000	1,032
29356,800	39452919,806	40735915,707	0,000	1,033
29568,000	39915444,116	41226970,663	0,000	1,033
29779,200	39780880,097	40860402,499	0,000	1,027
29990,400	39834394,589	41196210,745	0,000	1,034
30201,600	39593294,617	41112226,871	0,000	1,038
30412,800	40043070,902	41278190,896	0,000	1,031
30624,000	39525080,873	40791499,356	0,000	1,032
30835,200	38367725,929	40166679,622	0,000	1,047
31046,400	38764039,092	39865812,087	0,000	1,028
31257,600	38654173,369	40208395,148	0,000	1,040
31468,800	38309818,616	39655033,206	0,000	1,035
31680,000	38400072,908	39759578,935	0,000	1,035
31891,200	38279917,306	39084404,844	0,000	1,021
32102,400	38072515,801	39689383,562	0,000	1,042
32313,600	38025301,787	39727409,247	0,000	1,045
32524,800	38379732,016	39444416,340	0,000	1,028
32736,000	38267093,072	39717825,432	0,000	1,038
32947,200	38670633,239	39918673,227	0,000	1,032
33158,400	38617866,167	39584369,306	0,000	1,025
33369,600	38684458,072	39966352,225	0,000	1,033
33580,800	38474145,363	39767627,536	0,000	1,034
