2750,000	156362030,695	154980525,859	0,994	0,991
2752,000	161946687,428	160217989,739	0,994	0,989
2754,000	162936302,630	161887610,758	0,994	0,994
2756,000	61756475,772	61565282,059	0,993	0,997
2758,000	115402922,413	114952463,063	0,993	0,996
2760,000	157547868,077	156202666,820	0,993	0,991
2762,000	156921412,489	154822777,785	0,992	0,987
2764,000	158183664,468	156762068,911	0,992	0,991
2766,000	162417071,907	160819803,866	0,992	0,990
2768,000	162221356,066	159974825,122	0,991	0,986
2770,000	161133340,635	159390756,464	0,991	0,989
2772,000	162955991,385	160868303,901	0,990	0,987
2774,000	165324191,414	163491178,649	0,989	0,989
2776,000	166367172,066	164216909,915	0,989	0,987
2778,000	165028500,338	162644901,885	0,988	0,986
2780,000	167721962,123	165279416,418	0,987	0,985
2782,000	167869394,639	166062627,469	0,987	0,989
2784,000	167381800,881	164986587,905	0,986	0,986
2786,000	167782041,309	165344747,102	0,985	0,985
2788,000	166619136,694	163255974,317	0,984	0,980
2790,000	165416364,407	162900613,480	0,983	0,985
2792,000	167567881,145	164745261,269	0,982	0,983
2794,000	168219688,950	164864903,864	0,980	0,980
2796,000	168102848,432	164794361,749	0,979	0,980
2798,000	168428814,733	164899957,106	0,978	0,979
2800,000	168127520,918	163925493,748	0,976	0,975
2802,000	168482024,022	163393025,488	0,974	0,970
2804,000	167160644,398	162451063,119	0,972	0,972
2806,000	168431079,428	162133528,065	0,970	0,963
2808,000	167363542,726	161299966,418	0,967	0,964
2810,000	167111162,110	160609248,639	0,965	0,961
2812,000	167207934,973	160048882,859	0,962	0,957
2814,000	167665086,861	159758251,849	0,958	0,953
2816,000	167615451,786	159478207,426	0,954	0,951
2818,000	167279045,939	158928465,873	0,950	0,950
2820,000	166646449,063	158002269,256	0,946	0,948
2822,000	166902878,515	156811729,869	0,941	0,940
2824,000	165782117,070	155848965,858	0,935	0,940
2826,000	165303172,796	154337201,141	0,930	0,934
2828,000	165378785,684	153255787,201	0,923	0,927
2830,000	165325327,139	151538154,079	0,917	0,917
2832,000	165487857,102	151797178,360	0,910	0,917
2834,000	165783985,188	149547390,823	0,904	0,902
2836,000	164842797,876	148355920,404	0,898	0,900
2838,000	165681340,205	147505103,187	0,892	0,890
2840,000	165212170,125	146684634,992	0,887	0,888
2842,000	165501178,934	146700786,768	0,884	0,886
2844,000	164731797,368	145349420,270	0,882	0,882
2846,000	165151916,720	144483146,304	0,882	0,875
2848,000	163619661,582	144129071,631	0,883	0,881
2850,000	164585223,928	144971988,013	0,885	0,881
2852,000	164155359,015	145483848,627	0,889	0,886
2854,000	163645197,344	145292587,812	0,893	0,888
2856,000	162620612,647	145819942,385	0,898	0,897
2858,000	161952188,919	146829765,276	0,902	0,907
2860,000	162224775,571	146942692,848	0,907	0,906
2862,000	161521294,499	148080104,326	0,911	0,917
2864,000	161596194,580	148581461,895	0,914	0,919
2866,000	161453595,809	148815181,150	0,916	0,922
2868,000	161546319,476	149497452,998	0,918	0,925
2870,000	162226400,048	148983891,393	0,918	0,918
2872,000	162302956,998	149098609,445	0,918	0,919
2874,000	162361106,562	148069070,368	0,917	0,912
2876,000	161635509,318	146589917,253	0,914	0,907
2878,000	160830705,887	145306432,167	0,911	0,903
2880,000	159548502,842	144351125,025	0,907	0,905
2882,000	158342303,962	143149834,628	0,903	0,904
2884,000	157602728,319	141761385,312	0,899	0,899
2886,000	156781861,639	140791561,134	0,896	0,898
2888,000	156307086,898	139863384,914	0,894	0,895
2890,000	156239605,215	140640839,373	0,895	0,900
2892,000	156182188,066	140139900,273	0,898	0,897
2894,000	155018726,719	140085848,720	0,904	0,904
2896,000	155240508,346	140822102,307	0,911	0,907
2898,000	154895576,519	142829632,228	0,918	0,922
2900,000	154537422,959	142785586,200	0,926	0,924
2902,000	155554632,753	145260277,609	0,934	0,934
2904,000	156560900,541	146858931,176	0,941	0,938
2906,000	156331808,958	147112672,614	0,947	0,941
2908,000	155955376,849	148507610,323	0,952	0,952
2910,000	155397079,196	148556350,709	0,957	0,956
2912,000	155289712,680	149105996,324	0,962	0,960
2914,000	155865347,940	149721470,506	0,965	0,961
2916,000	154555320,943	149827849,898	0,969	0,969
2918,000	154947427,179	150522141,466	0,971	0,971
2920,000	155714046,846	151338889,836	0,974	0,972
2922,000	154419361,200	151130235,942	0,976	0,979
2924,000	154260716,268	150720612,979	0,978	0,977
2926,000	152954922,123	150769508,556	0,980	0,986
2928,000	152369630,495	149648544,180	0,981	0,982
2930,000	152906111,097	150706933,928	0,983	0,986
2932,000	153622379,544	151059581,383	0,984	0,983
2934,000	152860783,389	151703605,778	0,985	0,992
2936,000	153910471,419	152328580,714	0,986	0,990
2938,000	153444966,491	152081472,639	0,987	0,991
2940,000	153650784,472	152423123,843	0,988	0,992
2942,000	153048546,130	152111148,725	0,989	0,994
2944,000	153637388,949	152993508,321	0,989	0,996
2946,000	153873683,388	153216147,958	0,990	0,996
2948,000	153688037,124	152512484,609	0,991	0,992
2950,000	154591852,205	153543273,430	0,991	0,993
