1 3.04455
1.004 3.03242
1.008 3.02039
1.012 3.00845
1.016 3.09961
1.02 3.11275
1.024 3.08491
1.028 3.07291
1.032 3.04535
1.036 3.03359
1.04 3.02192
1.044 3.01034
1.048 3.03793
1.052 3.02638
1.056 3.01491
1.06 3.00354
1.064 2.99225
1.068 2.98104
1.072 2.98559
1.076 2.97449
1.08 2.96347
1.084 3.07837
1.088 3.06705
1.092 3.05582
1.096 3.04466
1.1 3.03359
1.104 3.0226
1.108 3.01169
1.112 3.00085
1.116 3.04283
1.12 3.08799
1.124 3.077
1.128 3.06609
1.132 3.05526
1.136 3.0445
1.14 3.03382
1.144 3.02321
1.148 3.01267
1.152 3.00221
1.156 2.99183
1.16 2.98151
1.164 2.97126
1.168 3.57209
1.172 3.5599
1.176 3.54779
1.18 3.53576
1.184 3.52382
1.188 3.51195
1.192 3.50017
1.196 3.48846
1.2 3.47683
1.204 3.46528
1.208 3.45381
1.212 3.44241
1.216 3.43109
1.22 3.71574
1.224 3.7377
1.228 3.72553
1.232 3.71343
1.236 3.70142
1.24 3.80851
1.244 3.79626
1.248 3.78409
1.252 3.772
1.256 3.75999
1.26 3.74806
1.264 3.73619
1.268 3.72382
1.272 3.71211
1.276 3.70047
1.28 3.68891
1.284 3.70012
1.288 3.82593
1.292 3.81409
1.296 3.79259
1.3 3.78092
1.304 3.76933
1.308 3.74786
1.312 3.73643
1.316 3.72508
1.32 3.76424
1.324 3.72734
1.328 3.71611
1.332 3.70495
1.336 3.69386
1.34 3.69623
1.344 3.65964
1.348 3.75649
1.352 3.74538
1.356 3.73433
1.36 3.72335
1.364 3.71243
1.368 3.70157
1.372 3.69078
1.376 3.68005
1.38 3.66938
1.384 3.65878
1.388 3.64823
1.392 3.6412
1.396 3.63077
1.4 3.62039
1.404 3.61008
1.408 3.59645
1.412 3.58626
1.416 3.57613
1.42 3.56606
1.424 3.55604
1.428 3.54608
1.432 3.52458
1.436 3.51476
1.44 3.505
1.444 3.49529
1.448 3.48564
1.452 3.47603
1.456 3.46648
1.46 3.45699
1.464 3.44754
1.468 3.45381
1.472 3.44443
1.476 3.43509
1.48 3.70149
1.484 3.69151
1.488 3.69257
1.492 3.70975
1.496 3.69983
1.5 3.68997
1.504 3.68015
1.508 3.67039
1.512 3.65026
1.516 3.71821
1.52 3.70842
1.524 3.69869
1.528 3.68901
1.532 3.67937
1.536 3.66979
1.54 3.66026
1.544 3.65078
1.548 3.64134
1.552 3.63196
1.556 3.62262
1.56 3.61333
1.564 3.60409
1.568 3.5949
1.572 3.58575
1.576 3.57665
1.58 3.56759
1.584 3.55859
1.588 3.54962
1.592 3.5407
1.596 3.5307
1.6 3.52187
1.604 3.51309
1.608 3.50435
1.612 3.4795
1.616 3.47088
1.62 3.46231
1.624 3.45379
1.628 3.54865
1.632 3.53995
1.636 3.58224
1.64 3.57351
1.644 3.56481
1.648 3.57582
1.652 3.53584
1.656 3.52729
1.66 3.5188
1.664 3.51034
1.668 3.48834
1.672 3.47999
1.676 3.47169
1.68 3.41964
1.684 3.37919
1.688 3.4027
1.692 3.39465
1.696 3.42877
1.7 3.42071
1.704 3.41268
1.708 3.42444
1.712 3.41644
1.716 3.38051
1.72 3.37265
1.724 3.36482
1.728 3.35703
1.732 3.34928
1.736 3.34156
1.74 3.35161
1.744 3.34392
1.748 3.33627
1.752 3.35799
1.756 3.35034
1.76 3.34273
1.764 3.33515
1.768 3.3276
1.772 3.32009
1.776 3.30755
1.78 3.30011
1.784 3.29271
1.788 3.53143
1.792 3.5512
1.796 3.54329
1.8 3.53542
1.804 3.67616
1.808 3.66803
1.812 3.68706
1.816 3.67894
1.82 3.67085
1.824 3.64942
1.828 3.64144
1.832 3.63349
1.836 3.62557
1.84 3.61769
1.844 3.60984
1.848 3.60203
1.852 3.59425
1.856 3.5865
1.86 3.57879
1.864 3.57111
1.868 3.56346
1.872 3.55585
1.876 3.54827
1.88 3.54072
1.884 3.5332
1.888 3.52572
1.892 3.56435
1.896 3.55683
1.9 3.54934
1.904 3.57258
1.908 3.60092
1.912 3.59338
1.916 3.75185
1.92 3.74404
1.924 3.73625
1.928 3.7285
1.932 3.72474
1.936 3.72611
1.94 3.71843
1.944 3.78971
1.948 3.88234
1.952 3.87439
1.956 3.88494
1.96 3.87702
1.964 3.87014
1.968 3.86227
1.972 3.85444
1.976 3.85536
1.98 3.84758
1.984 3.83254
1.988 3.82757
1.992 3.81988
1.996 3.81222
2 3.91748
2.004 3.91208
2.008 3.90428
2.012 3.89652
2.016 3.88879
2.02 3.88109
2.024 3.87342
2.028 3.91704
2.032 3.90933
2.036 3.90165
2.04 3.894
2.044 3.88637
2.048 3.87878
2.052 3.87122
2.056 3.87072
2.06 3.8632
2.064 3.85572
2.068 3.84826
2.072 3.84083
2.076 4.51009
2.08 4.55087
2.084 4.54213
2.088 4.66655
2.092 5.0951
2.096 5.38368
2.1 5.37343
2.104 5.36321
2.108 5.35304
2.112 5.36686
2.116 5.35671
2.12 5.3466
2.124 5.37427
2.128 5.36417
2.132 5.3541
2.136 5.36283
2.14 5.3528
2.144 5.34282
2.148 5.33287
2.152 5.32296
2.156 5.36401
2.16 5.306
2.164 5.29619
2.168 5.28642
2.172 5.27668
2.176 5.26698
2.18 5.25732
2.184 5.23652
2.188 5.22694
2.192 5.2174
2.196 5.2079
2.2 5.19843
2.204 5.189
2.208 5.20097
2.212 5.19157
2.216 5.1822
2.22 5.17286
2.224 5.16356
2.228 5.15429
2.232 5.14505
2.236 5.13585
2.24 5.12667
2.244 5.11754
2.248 5.10843
2.252 5.18781
2.256 5.17861
2.26 5.16945
2.264 5.18383
2.268 5.17469
2.272 5.16558
2.276 5.1565
2.28 5.14088
2.284 5.13187
2.288 5.1229
2.292 5.11396
2.296 5.10505
2.3 5.32609
2.304 5.31684
2.308 5.30763
2.312 5.29844
2.316 5.28929
2.32 5.28017
2.324 5.27108
2.328 5.26203
2.332 5.253
2.336 5.24401
2.34 5.23504
2.344 5.22611
2.348 5.48712
2.352 5.46352
2.356 5.48767
2.36 5.47837
2.364 5.45051
2.368 5.46915
2.372 5.46903
2.376 5.45983
2.38 5.45065
2.384 5.52399
2.388 5.51474
2.392 5.50552
2.396 5.49633
2.4 5.82273
2.404 5.91204
2.408 5.90222
2.412 5.89243
2.416 5.87541
2.42 5.8657
2.424 5.85602
2.428 5.86194
2.432 5.84973
2.436 5.84013
2.44 5.83055
2.444 5.8035
2.448 5.79402
2.452 5.88654
2.456 5.89045
2.46 5.88087
2.464 5.87133
2.468 5.86181
2.472 5.85233
2.476 5.84287
2.48 5.83345
2.484 5.82126
2.488 5.8119
2.492 5.80257
2.496 5.84183
2.5 5.83248
2.504 5.88291
2.508 5.87352
2.512 5.86417
2.516 5.93203
2.52 5.92482
2.524 5.91543
2.528 5.90607
2.532 5.89674
2.536 5.95118
2.54 5.94181
2.544 6.03339
2.548 6.04888
2.552 6.0394
2.556 6.02995
2.56 6.02053
2.564 6.01113
2.568 6.00177
2.572 6.02379
2.576 6.01444
2.58 6.41279
2.584 6.40286
2.588 6.39297
2.592 6.3831
2.596 6.37327
2.6 6.36346
2.604 6.35369
2.608 6.34394
2.612 6.33423
2.616 6.30495
2.62 6.29532
2.624 6.41865
2.628 6.40889
2.632 6.39915
2.636 6.35013
2.64 6.55566
2.644 6.54575
2.648 6.66486
2.652 6.65481
2.656 6.64479
2.66 6.65148
2.664 6.6415
2.668 6.64054
2.672 6.6306
2.676 6.62068
2.68 6.6108
2.684 6.60095
2.688 6.59113
2.692 6.58133
2.696 6.57157
2.7 6.55696
2.704 6.54606
2.708 6.53639
2.712 6.52675
2.716 6.51714
2.72 6.77535
2.724 6.7654
2.728 6.75548
2.732 6.73227
2.736 6.72242
2.74 6.71261
2.744 6.70282
2.748 6.69148
2.752 6.78596
2.756 6.77611
2.76 6.82339
2.764 6.81351
2.768 6.80367
2.772 6.81342
2.776 6.8036
2.78 6.79381
2.784 6.78405
2.788 6.77432
2.792 6.76461
2.796 6.86658
2.8 6.87734
2.804 6.8831
2.808 6.87329
2.812 6.86351
2.816 6.86213
2.82 6.87844
2.824 6.8687
2.828 6.85898
2.832 6.84929
2.836 6.83963
2.84 6.83
2.844 6.91384
2.848 6.90413
2.852 6.89444
2.856 6.90329
2.86 6.91558
2.864 6.90592
2.868 6.89629
2.872 6.88668
2.876 6.8771
2.88 6.86755
2.884 6.85803
2.888 6.90227
2.892 6.89272
2.896 6.8832
2.9 7.07269
2.904 7.21247
2.908 7.33074
2.912 7.32067
2.916 7.37344
2.92 7.50849
2.924 7.51879
2.928 7.50852
2.932 7.49828
2.936 7.51177
2.94 7.50155
2.944 7.50807
2.948 7.49788
2.952 7.48772
2.956 7.47759
2.96 7.46748
2.964 7.45741
2.968 7.54466
2.972 7.53451
2.976 7.52438
2.98 7.51428
2.984 7.52071
2.988 7.51064
2.992 7.50334
2.996 7.49965
3 7.48965
3.004 7.47968
3.008 7.46973
3.012 7.45981
3.016 7.46809
3.02 7.48694
3.024 7.47703
3.028 7.46716
3.032 7.45731
3.036 7.44748
3.04 7.48316
3.044 7.47332
3.048 7.50228
3.052 7.49245
3.056 7.48264
3.06 7.4951
3.064 7.57133
3.068 7.57699
3.072 7.56712
3.076 7.55728
3.08 7.54747
3.084 7.53768
3.088 7.61287
3.092 7.60302
3.096 7.5932
3.1 7.5834
3.104 7.60954
3.108 7.72218
3.112 7.71226
3.116 7.70236
3.12 7.69248
3.124 7.68263
3.128 7.67281
3.132 7.66301
3.136 7.65324
3.14 7.64451
3.144 7.63478
3.148 7.62508
3.152 7.6154
3.156 7.60575
3.16 7.59612
3.164 7.58652
3.168 7.57694
3.172 7.58285
3.176 7.5733
3.18 7.56377
3.184 7.57819
3.188 7.58236
3.192 7.60456
3.196 7.60793
3.2 7.59842
3.204 7.61211
3.208 7.60262
3.212 7.59315
3.216 7.58371
3.22 7.57429
3.224 7.56489
3.228 7.55551
3.232 8.77567
3.236 8.92176
3.24 8.91074
3.244 8.90658
3.248 8.89561
3.252 8.88467
3.256 8.87376
3.26 8.86287
3.264 8.90895
3.268 8.89804
3.272 8.90348
3.276 8.89261
3.28 8.88177
3.284 8.87095
3.288 8.84361
3.292 8.83287
3.296 9.08148
3.3 9.07047
3.304 9.05949
3.308 9.04853
3.312 9.03761
3.316 9.0267
3.32 9.01583
3.324 9.15006
3.328 9.13906
3.332 9.12809
3.336 9.11715
3.34 9.10623
3.344 9.09533
3.348 9.08447
3.352 9.07363
3.356 9.042
3.36 9.03124
3.364 9.13918
3.368 9.16976
3.372 9.15888
3.376 9.14803
3.38 9.1372
3.384 9.17902
3.388 9.18505
3.392 9.17422
3.396 9.27921
3.4 9.26829
3.404 9.2574
3.408 9.24654
3.412 9.2357
3.416 9.22488
3.42 9.21409
3.424 9.22278
3.428 9.21202
3.432 9.20128
3.436 9.34766
3.44 9.33679
3.444 9.48775
3.448 9.76908
3.452 9.75776
3.456 9.74647
3.46 9.7352
3.464 9.72396
3.468 9.76724
3.472 9.75599
3.476 9.75229
3.48 9.76868
3.484 9.78833
3.488 9.85796
3.492 9.91551
3.496 9.96709
3.5 9.95423
3.504 9.93566
3.508 10.0308
3.512 10.0178
3.516 10.0064
3.52 9.99504
3.524 10.0048
3.528 9.99342
3.532 9.98211
3.536 9.97081
3.54 10.3051
3.544 10.3423
3.548 10.4929
3.552 10.4811
3.556 10.4693
3.56 10.4575
3.564 10.4458
3.568 10.4341
3.572 10.4224
3.576 10.4107
3.58 10.3991
3.584 10.3875
3.588 10.3759
3.592 10.5196
3.596 10.5079
3.6 10.5077
3.604 10.4961
3.608 10.4844
3.612 10.4728
3.616 10.4612
3.62 10.4497
3.624 10.481
3.628 10.4695
3.632 10.4691
3.636 10.4576
3.64 10.4461
3.644 10.454
3.648 10.5332
3.652 10.5572
3.656 10.5457
3.66 10.6238
3.664 10.6122
3.668 10.6007
3.672 10.5891
3.676 10.5776
3.68 10.5661
3.684 10.5546
3.688 10.5432
3.692 10.5317
3.696 10.5203
3.7 10.509
3.704 10.5701
3.708 10.5587
3.712 10.5474
3.716 10.691
3.72 10.6795
3.724 10.7806
3.728 11.4012
3.732 11.8695
3.736 11.8567
3.74 11.8441
3.744 11.8314
3.748 11.8188
3.752 11.8062
3.756 11.7936
3.76 11.9306
3.764 11.918
3.768 11.9053
3.772 11.881
3.776 11.8684
3.78 11.8994
3.784 11.9066
3.788 11.9401
3.792 12.0275
3.796 12.0148
3.8 12.0022
3.804 11.9895
3.808 11.9769
3.812 11.9902
3.816 11.9777
3.82 11.9651
3.824 11.9526
3.828 11.9401
3.832 11.9277
3.836 11.9152
3.84 11.982
3.844 11.9695
3.848 11.967
3.852 11.9546
3.856 11.9778
3.86 11.9845
3.864 11.9721
3.868 11.9597
3.872 11.9974
3.876 12.0209
3.88 12.0085
3.884 11.9961
3.888 11.9897
3.892 12.1159
3.896 12.1034
3.9 12.091
3.904 12.1287
3.908 12.1163
3.912 12.1039
3.916 12.0916
3.92 12.0792
3.924 12.0954
3.928 12.2121
3.932 12.1996
3.936 12.1872
3.94 12.1749
3.944 12.1625
3.948 12.3385
3.952 12.339
3.956 12.3265
3.96 12.3901
3.964 12.3776
3.968 12.3652
3.972 12.3527
3.976 12.3403
3.98 12.3279
3.984 12.3155
3.988 12.3031
3.992 12.3209
3.996 12.3086
4 12.2962
4.004 12.284
4.008 12.2717
4.012 12.2595
4.016 12.8384
4.02 12.8256
4.024 12.8129
4.028 12.8001
4.032 12.7874
4.036 12.7748
4.04 12.7621
4.044 12.7931
4.048 12.7804
4.052 12.8333
4.056 12.8206
4.06 12.808
4.064 12.7954
4.068 12.7828
4.072 12.7703
4.076 12.7577
4.08 12.8169
4.084 12.8283
4.088 12.8158
4.092 12.8032
4.096 12.7907
4.1 12.7782
4.104 12.7658
4.108 12.7802
4.112 12.8492
4.116 13.0022
4.12 12.9896
4.124 13.0432
4.128 13.0306
4.132 13.0941
4.136 13.0815
4.14 13.0688
4.144 13.0562
4.148 13.0436
4.152 13.4763
4.156 13.4634
4.16 13.6411
4.164 13.6962
4.168 13.683
4.172 13.6699
4.176 13.6568
4.18 13.6438
4.184 13.6307
4.188 13.6177
4.192 13.6343
4.196 13.7632
4.2 13.75
4.204 13.737
4.208 13.7239
4.212 13.7109
4.216 13.6979
4.22 13.6849
4.224 13.6719
4.228 13.6898
4.232 13.9959
4.236 14.1857
4.24 14.1723
4.244 14.2876
4.248 14.2741
4.252 14.2607
4.256 14.2473
4.26 14.2415
4.264 14.2282
4.268 14.2148
4.272 15.1159
4.276 15.1017
4.28 15.0876
4.284 15.0735
4.288 15.0595
4.292 15.264
4.296 15.2498
4.3 15.2518
4.304 15.2376
4.308 15.2234
4.312 15.2093
4.316 15.1952
4.32 15.1811
4.324 15.1671
4.328 15.1531
4.332 15.1391
4.336 15.1251
4.34 15.1112
4.344 15.0973
4.348 15.0807
4.352 15.0669
4.356 15.053
4.36 15.0392
4.364 15.0254
4.368 15.0117
4.372 15.1567
4.376 15.1967
4.38 15.5747
4.384 15.5605
4.388 15.5463
4.392 15.5321
4.396 15.5102
4.4 15.4961
4.404 15.482
4.408 15.604
4.412 16.0902
4.416 16.3472
4.42 16.3324
4.424 16.3176
4.428 16.3029
4.432 16.2882
4.436 16.2735
4.44 16.2588
4.444 16.2442
4.448 16.2296
4.452 16.215
4.456 16.2149
4.46 16.2004
4.464 16.2182
4.468 16.2037
4.472 16.1892
4.476 16.1914
4.48 16.2069
4.484 16.2246
4.488 16.2101
4.492 16.1957
4.496 16.2698
4.5 16.2919
4.504 16.2775
4.508 16.2756
4.512 16.2952
4.516 16.2659
4.52 16.2515
4.524 16.2372
4.528 16.291
4.532 16.2767
4.536 16.2623
4.54 16.248
4.544 16.2337
4.548 16.2194
4.552 16.2321
4.556 16.4673
4.56 16.4529
4.564 16.4871
4.568 16.5763
4.572 16.5618
4.576 16.5473
4.58 16.5329
4.584 16.5184
4.588 16.5713
4.592 16.6162
4.596 16.6018
4.6 16.6377
4.604 16.6232
4.608 16.6088
4.612 16.6273
4.616 16.6129
4.62 16.5985
4.624 16.5841
4.628 16.6475
4.632 16.6331
4.636 16.6188
4.64 16.6754
4.644 16.661
4.648 16.6467
4.652 16.6324
4.656 16.6181
4.66 16.6038
4.664 16.5896
4.668 16.5878
4.672 16.5736
4.676 16.5594
4.68 16.5453
4.684 16.5311
4.688 16.517
4.692 16.6238
4.696 16.6089
4.7 16.5947
4.704 16.5806
4.708 16.5665
4.712 16.5525
4.716 16.5384
4.72 16.6039
4.724 16.5899
4.728 16.5758
4.732 16.5618
4.736 16.5478
4.74 16.5339
4.744 16.5199
4.748 16.506
4.752 16.5415
4.756 16.5275
4.76 16.6373
4.764 16.6234
4.768 16.6094
4.772 16.5955
4.776 16.6616
4.78 16.6471
4.784 16.6367
4.788 16.6228
4.792 16.5958
4.796 16.5709
4.8 16.557
4.804 16.5433
4.808 16.6522
4.812 16.6384
4.816 16.6245
4.82 16.7653
4.824 16.7987
4.828 16.7848
4.832 16.7709
4.836 16.757
4.84 16.7431
4.844 17.0764
4.848 17.0623
4.852 17.0483
4.856 17.0342
4.86 17.2582
4.864 17.244
4.868 17.2299
4.872 17.7394
4.876 17.7704
4.88 17.7916
4.884 17.8126
4.888 17.7981
4.892 17.8558
4.896 18.0596
4.9 18.0449
4.904 18.159
4.908 18.1442
4.912 18.1294
4.916 18.1147
4.92 18.1
4.924 18.0853
4.928 18.0706
4.932 18.0559
4.936 18.0413
4.94 18.0267
4.944 18.0121
4.948 18.0159
4.952 18.0013
4.956 17.9868
4.96 18.1179
4.964 18.1033
4.968 18.4456
4.972 18.4308
4.976 18.416
4.98 18.4012
4.984 18.3864
4.988 18.4333
4.992 18.4185
4.996 18.3891
