600 26.2454
602.4 26.1914
604.8 26.259
607.2 26.2918
609.6 26.2893
612 26.2558
614.4 26.3341
616.8 26.4021
619.2 26.4298
621.6 26.4969
624 26.7299
626.4 26.8688
628.8 26.9518
631.2 26.9395
633.6 26.9702
636 26.9965
638.4 26.9719
640.8 27.0118
643.2 26.9472
645.6 26.9429
648 26.9078
650.4 26.8719
652.8 26.8193
655.2 26.8176
657.6 26.7876
660 26.7812
662.4 26.7512
664.8 26.7367
667.2 26.6839
669.6 26.6898
672 26.6422
674.4 26.6395
676.8 26.5533
679.2 26.455
681.6 26.4486
684 26.5363
686.4 26.5471
688.8 26.5639
691.2 26.5197
693.6 26.528
696 26.4581
698.4 26.3519
700.8 26.2553
703.2 26.1703
705.6 26.2041
708 26.2677
710.4 26.314
712.8 26.4161
715.2 26.3604
717.6 26.3143
720 26.2266
722.4 26.1395
724.8 26.0529
727.2 25.967
729.6 25.8367
732 25.7437
734.4 25.6305
736.8 25.4806
739.2 25.3648
741.6 25.2719
744 25.1849
746.4 25.156
748.8 25.1396
751.2 25.1893
753.6 25.1844
756 25.2089
758.4 25.352
760.8 25.4996
763.2 25.5477
765.6 25.7419
768 25.9518
770.4 26.0951
772.8 26.2699
775.2 26.5166
777.6 26.8814
780 26.7887
782.4 26.6808
784.8 26.5743
787.2 26.4924
789.6 26.4119
792 26.3276
794.4 26.2556
796.8 26.1432
799.2 26.0648
801.6 26.0031
804 25.93
806.4 25.8609
808.8 25.8271
811.2 25.726
813.6 25.6179
816 25.5332
818.4 25.4336
820.8 25.3423
823.2 25.2408
825.6 25.1593
828 25.0872
830.4 25.0171
832.8 24.9567
835.2 24.8985
837.6 24.8387
840 24.7848
842.4 24.7142
844.8 24.644
847.2 24.5843
849.6 24.5286
852 24.4748
854.4 24.4449
856.8 24.3633
859.2 24.3041
861.6 24.3046
864 24.3303
866.4 24.2738
868.8 24.2101
871.2 24.2007
873.6 24.2549
876 24.2792
878.4 24.2958
880.8 24.3275
883.2 24.337
885.6 24.4245
888 24.4621
890.4 24.5012
892.8 24.5419
895.2 24.6358
897.6 24.7078
900 24.9124
902.4 25.057
904.8 25.1175
907.2 25.2615
909.6 25.4135
912 25.4913
914.4 25.6724
916.8 25.8774
919.2 25.9212
921.6 25.9661
924 26.0211
926.4 25.9488
928.8 25.9459
931.2 25.9629
933.6 25.9644
936 25.9365
938.4 25.9816
940.8 26.0697
943.2 26.2717
945.6 26.4218
948 26.4828
950.4 26.7911
952.8 27.0675
955.2 27.214
957.6 27.312
960 27.4272
962.4 27.5304
964.8 27.6928
967.2 27.9264
969.6 28.197
972 28.4457
974.4 28.479
976.8 28.801
979.2 29.035
981.6 28.9906
984 29.0708
986.4 29.0407
988.8 29.0633
991.2 29.138
993.6 29.2064
996 29.2679
998.4 29.2277
1000.8 29.4536
1003.2 29.5397
1005.6 29.6119
1008 29.6987
1010.4 29.9014
1012.8 29.9811
1015.2 30.0365
1017.6 30.069
1020 30.0969
1022.4 30.1957
1024.8 30.1765
1027.2 30.1326
1029.6 30.07
1032 30.0078
1034.4 29.9657
1036.8 29.9227
1039.2 29.9074
1041.6 29.9138
1044 29.9338
1046.4 29.9849
1048.8 29.9892
1051.2 29.9703
1053.6 30.0176
1056 30.1295
1058.4 30.1962
1060.8 30.3159
1063.2 30.3072
1065.6 30.3383
1068 30.3942
1070.4 30.431
1072.8 30.6123
1075.2 30.7271
1077.6 30.8422
1080 30.9981
1082.4 31.0529
1084.8 31.1779
1087.2 31.2746
1089.6 31.408
1092 31.496
1094.4 31.5724
1096.8 31.6367
1099.2 31.7862
1101.6 31.8233
1104 31.8778
1106.4 31.9006
1108.8 32.0317
1111.2 32.066
1113.6 32.0205
1116 31.9765
1118.4 31.9429
1120.8 31.9075
1123.2 31.8786
1125.6 31.8492
1128 31.799
1130.4 31.7766
1132.8 31.6831
1135.2 31.6353
1137.6 31.6031
1140 31.5209
1142.4 31.4798
1144.8 31.4805
1147.2 31.4498
1149.6 31.3997
1152 31.3592
1154.4 31.354
1156.8 31.3959
1159.2 31.5061
1161.6 31.5607
1164 31.529
1166.4 31.5085
1168.8 31.5069
1171.2 31.619
1173.6 31.5798
1176 31.5386
1178.4 31.4853
1180.8 31.4145
1183.2 31.323
1185.6 31.203
1188 31.1156
1190.4 31.0398
1192.8 30.9822
1195.2 30.9398
1197.6 30.8849
1200 30.8401
1202.4 30.8229
1204.8 30.792
1207.2 30.7515
1209.6 30.7058
1212 30.649
1214.4 30.5885
1216.8 30.5281
1219.2 30.4681
1221.6 30.4082
1224 30.3486
1226.4 30.2892
1228.8 30.23
1231.2 30.1711
1233.6 30.1129
1236 30.0544
1238.4 29.9876
1240.8 29.9213
1243.2 29.8635
1245.6 29.806
1248 29.7486
1250.4 29.6916
1252.8 29.6347
1255.2 29.578
1257.6 29.5216
1260 29.4653
1262.4 29.4093
1264.8 29.3535
1267.2 29.2979
1269.6 29.2425
1272 29.2289
1274.4 29.2397
1276.8 29.2568
1279.2 29.3077
1281.6 29.3067
1284 29.3291
1286.4 29.3371
1288.8 29.384
1291.2 29.353
1293.6 29.4042
1296 29.4138
1298.4 29.4552
1300.8 29.5215
1303.2 29.6219
1305.6 29.734
1308 29.7888
1310.4 29.9152
1312.8 29.8822
1315.2 29.8376
1317.6 29.7918
1320 29.8225
1322.4 29.8143
1324.8 29.822
1327.2 29.8399
1329.6 29.9714
1332 30.0117
1334.4 30.078
1336.8 30.1058
1339.2 30.1753
1341.6 30.1797
1344 30.1648
1346.4 30.1974
1348.8 30.2171
1351.2 30.1665
1353.6 30.2192
1356 30.2308
1358.4 30.2426
1360.8 30.2565
1363.2 30.2274
1365.6 30.1905
1368 30.1274
1370.4 30.0475
1372.8 29.9569
1375.2 29.8927
1377.6 29.8307
1380 29.7707
1382.4 29.6814
1384.8 29.6031
1387.2 29.5365
1389.6 29.4792
1392 29.4256
1394.4 29.3744
1396.8 29.3241
1399.2 29.2767
1401.6 29.2397
1404 29.2049
1406.4 29.1691
1408.8 29.1281
1411.2 29.0928
1413.6 29.0528
1416 29.0096
1418.4 28.9567
1420.8 28.9048
1423.2 28.8502
1425.6 28.8056
1428 28.7544
1430.4 28.7393
1432.8 28.7017
1435.2 28.7036
1437.6 28.6856
1440 28.6494
1442.4 28.6929
1444.8 28.6666
1447.2 28.6821
1449.6 28.7103
1452 28.801
1454.4 28.8574
1456.8 28.9897
1459.2 29.1526
1461.6 29.2635
1464 29.527
1466.4 29.6689
1468.8 29.7346
1471.2 29.8042
1473.6 29.9236
1476 30.0883
1478.4 30.3973
1480.8 30.5735
1483.2 30.8825
1485.6 30.9943
1488 31.2465
1490.4 31.4456
1492.8 31.7422
1495.2 31.9607
1497.6 32.2123
1500 32.4918
1502.4 32.6261
1504.8 32.6215
1507.2 32.683
1509.6 32.6895
1512 32.7307
1514.4 32.7404
1516.8 32.7291
1519.2 32.7191
1521.6 32.5987
1524 32.5041
1526.4 32.4098
1528.8 32.291
1531.2 32.1965
1533.6 32.0894
1536 31.9917
1538.4 31.8687
1540.8 31.784
1543.2 31.7068
1545.6 31.6096
1548 31.547
1550.4 31.4803
1552.8 31.4126
1555.2 31.3226
1557.6 31.2052
1560 31.1267
1562.4 31.0656
1564.8 30.9786
1567.2 30.9423
1569.6 30.8957
1572 30.8474
1574.4 30.7952
1576.8 30.7364
1579.2 30.66
1581.6 30.5939
1584 30.5361
1586.4 30.5007
1588.8 30.4796
1591.2 30.4542
1593.6 30.4327
1596 30.4141
1598.4 30.3976
1600.8 30.3669
1603.2 30.3255
1605.6 30.2812
1608 30.2336
1610.4 30.2523
1612.8 30.2149
1615.2 30.191
1617.6 30.1536
1620 30.1696
1622.4 30.1502
1624.8 30.1433
1627.2 30.1601
1629.6 30.1658
1632 30.1459
1634.4 30.1463
1636.8 30.1731
1639.2 30.1643
1641.6 30.1787
1644 30.21
1646.4 30.2202
1648.8 30.2274
1651.2 30.2112
1653.6 30.2246
1656 30.2417
1658.4 30.2324
1660.8 30.2631
1663.2 30.2579
1665.6 30.2653
1668 30.3185
1670.4 30.3057
1672.8 30.3274
1675.2 30.3266
1677.6 30.3637
1680 30.33
1682.4 30.3145
1684.8 30.2857
1687.2 30.2516
1689.6 30.2441
1692 30.2286
1694.4 30.1979
1696.8 30.18
1699.2 30.2007
1701.6 30.1571
1704 30.1227
1706.4 30.0748
1708.8 29.9955
1711.2 29.9147
1713.6 29.8709
1716 29.8114
1718.4 29.7574
1720.8 29.6988
1723.2 29.6426
1725.6 29.5824
1728 29.5261
1730.4 29.4731
1732.8 29.4205
1735.2 29.3741
1737.6 29.3336
1740 29.2914
1742.4 29.2501
1744.8 29.2092
1747.2 29.1695
1749.6 29.1315
1752 29.0926
1754.4 29.0695
1756.8 29.0978
1759.2 29.1135
1761.6 29.0979
1764 29.1406
1766.4 29.1235
1768.8 29.0799
1771.2 29.0249
1773.6 29.1221
1776 29.1699
1778.4 29.1988
1780.8 29.2255
1783.2 29.2332
1785.6 29.1986
1788 29.2334
1790.4 29.2725
1792.8 29.3041
1795.2 29.3428
1797.6 29.4062
1800 29.4766
1802.4 29.5292
1804.8 29.5967
1807.2 29.6375
1809.6 29.6597
1812 29.7608
1814.4 29.8045
1816.8 30.0344
1819.2 30.0906
1821.6 30.2257
1824 30.3797
1826.4 30.5476
1828.8 30.7462
1831.2 30.831
1833.6 31.0104
1836 31.3055
1838.4 31.402
1840.8 31.4606
1843.2 31.5421
1845.6 31.6551
1848 31.7918
1850.4 31.9759
1852.8 32.0651
1855.2 32.3273
1857.6 32.3859
1860 32.4594
1862.4 32.6467
1864.8 32.8502
1867.2 33.0267
1869.6 33.1436
1872 33.2618
1874.4 33.2826
1876.8 33.2969
1879.2 33.3043
1881.6 33.3039
1884 33.3252
1886.4 33.3797
1888.8 33.4468
1891.2 33.4822
1893.6 33.5016
1896 33.6137
1898.4 33.6872
1900.8 33.7494
1903.2 33.8122
1905.6 33.9091
1908 33.9791
1910.4 33.9908
1912.8 33.9557
1915.2 33.9378
1917.6 33.9049
1920 33.8806
1922.4 33.8604
1924.8 33.8593
1927.2 33.8877
1929.6 33.9315
1932 33.9649
1934.4 34.0429
1936.8 34.0405
1939.2 34.017
1941.6 33.9976
1944 33.992
1946.4 33.958
1948.8 33.9457
1951.2 33.904
1953.6 33.8623
1956 33.8204
1958.4 33.774
1960.8 33.7275
1963.2 33.6834
1965.6 33.6422
1968 33.6034
1970.4 33.5645
1972.8 33.5287
1975.2 33.492
1977.6 33.4609
1980 33.4369
1982.4 33.4115
1984.8 33.3835
1987.2 33.365
1989.6 33.3493
1992 33.3367
1994.4 33.3455
1996.8 33.3407
1999.2 33.3336
2001.6 33.3221
2004 33.3197
2006.4 33.3114
2008.8 33.3272
2011.2 33.3699
2013.6 33.4146
2016 33.409
2018.4 33.4178
2020.8 33.4432
2023.2 33.4798
2025.6 33.4836
2028 33.5575
2030.4 33.6238
2032.8 33.6933
2035.2 33.6947
2037.6 33.7532
2040 33.8286
2042.4 33.8588
2044.8 33.8809
2047.2 33.8861
2049.6 33.8842
2052 33.9477
2054.4 34.0882
2056.8 34.2102
2059.2 34.344
2061.6 34.4427
2064 34.5083
2066.4 34.5817
2068.8 34.6797
2071.2 34.7542
2073.6 34.8976
2076 34.9982
2078.4 35.0724
2080.8 35.1869
2083.2 35.318
2085.6 35.455
2088 35.547
2090.4 35.6299
2092.8 35.7184
2095.2 35.8122
2097.6 35.8857
2100 35.9197
2102.4 35.9355
2104.8 35.952
2107.2 35.9988
2109.6 36.0736
2112 36.1259
2114.4 36.1105
2116.8 36.1742
2119.2 36.2499
2121.6 36.4182
2124 36.4506
2126.4 36.4853
2128.8 36.5859
2131.2 36.6474
2133.6 36.7612
2136 36.7763
2138.4 36.9037
2140.8 37.0258
2143.2 37.1086
2145.6 37.2635
2148 37.5297
2150.4 37.6234
2152.8 37.6763
2155.2 37.7849
2157.6 37.8481
2160 37.908
2162.4 38.124
2164.8 38.3909
2167.2 38.5812
2169.6 38.8023
2172 38.8817
2174.4 38.9998
2176.8 39.203
2179.2 39.3727
2181.6 39.5623
2184 39.7633
2186.4 39.9596
2188.8 40.0661
2191.2 40.1622
2193.6 40.407
2196 40.6108
2198.4 40.7901
2200.8 40.9322
2203.2 41.0927
2205.6 41.4119
2208 41.5982
2210.4 41.7362
2212.8 41.8433
2215.2 42.0173
2217.6 42.0886
2220 42.0759
2222.4 42.1328
2224.8 42.1811
2227.2 42.3028
2229.6 42.324
2232 42.3401
2234.4 42.3755
2236.8 42.5042
2239.2 42.668
2241.6 42.87
2244 43.1977
2246.4 43.3186
2248.8 43.403
2251.2 43.5799
2253.6 43.6244
2256 43.6916
2258.4 43.8672
2260.8 43.9704
2263.2 44.0952
2265.6 44.215
2268 44.3333
2270.4 44.4169
2272.8 44.482
2275.2 44.5739
2277.6 44.6422
2280 44.6776
2282.4 44.7889
2284.8 44.8865
2287.2 44.9941
2289.6 45.1255
2292 45.2536
2294.4 45.3023
2296.8 45.335
2299.2 45.4842
2301.6 45.5321
2304 45.5946
2306.4 45.7692
2308.8 46.0864
2311.2 46.1809
2313.6 46.4065
2316 46.6712
2318.4 46.7164
2320.8 46.8384
2323.2 47.0359
2325.6 47.2253
2328 47.2634
2330.4 47.2352
2332.8 47.226
2335.2 47.15
2337.6 47.0878
2340 47.0194
2342.4 46.9481
2344.8 46.8886
2347.2 46.817
2349.6 46.7528
2352 46.6924
2354.4 46.6352
2356.8 46.5813
2359.2 46.5339
2361.6 46.4866
2364 46.4394
2366.4 46.3923
2368.8 46.3453
2371.2 46.2984
2373.6 46.2516
2376 46.2048
2378.4 46.1582
2380.8 46.1117
2383.2 46.0652
2385.6 46.0189
2388 45.9727
2390.4 45.9265
2392.8 45.8804
2395.2 45.8345
2397.6 45.7886
2400 45.7428
2402.4 45.6971
2404.8 45.6515
2407.2 45.606
2409.6 45.5605
2412 45.5152
2414.4 45.47
2416.8 45.4248
2419.2 45.3534
2421.6 45.2653
2424 45.2066
2426.4 45.1349
2428.8 45.0597
2431.2 44.9952
2433.6 44.9344
2436 44.8742
2438.4 44.8119
2440.8 44.7491
2443.2 44.6884
2445.6 44.6075
2448 44.5473
2450.4 44.4963
2452.8 44.437
2455.2 44.3881
2457.6 44.3357
2460 44.2916
2462.4 44.2487
2464.8 44.2064
2467.2 44.1563
2469.6 44.0959
2472 44.0471
2474.4 44.0156
2476.8 43.987
2479.2 43.9484
2481.6 43.921
2484 43.8877
2486.4 43.8587
2488.8 43.8467
2491.2 43.8282
2493.6 43.8128
2496 43.8119
2498.4 43.7887
2500.8 43.7665
2503.2 43.7492
2505.6 43.733
2508 43.7272
2510.4 43.7008
2512.8 43.6589
2515.2 43.6108
2517.6 43.6133
2520 43.6074
2522.4 43.6008
2524.8 43.699
2527.2 43.8101
2529.6 43.9243
2532 44.003
2534.4 44.0194
2536.8 44.0243
2539.2 44.1042
2541.6 44.1946
2544 44.2681
2546.4 44.3628
2548.8 44.3509
2551.2 44.3478
2553.6 44.3654
2556 44.3883
2558.4 44.4078
2560.8 44.4229
2563.2 44.4221
2565.6 44.437
2568 44.5045
2570.4 44.5576
2572.8 44.5691
2575.2 44.7272
2577.6 44.7171
2580 44.747
2582.4 44.74
2584.8 44.7916
2587.2 44.8463
2589.6 44.8383
2592 44.8079
2594.4 44.7874
2596.8 44.7814
2599.2 44.7752
2601.6 44.7644
2604 44.7378
2606.4 44.7288
2608.8 44.7109
2611.2 44.6855
2613.6 44.6402
2616 44.609
2618.4 44.5796
2620.8 44.6011
2623.2 44.6292
2625.6 44.657
2628 44.6537
2630.4 44.6228
2632.8 44.5843
2635.2 44.5895
2637.6 44.5428
2640 44.4855
2642.4 44.4264
2644.8 44.3638
2647.2 44.2977
2649.6 44.2397
2652 44.1782
2654.4 44.1298
2656.8 44.0748
2659.2 44.0243
2661.6 43.9467
2664 43.892
2666.4 43.8324
2668.8 43.7781
2671.2 43.7058
2673.6 43.5697
2676 43.4243
2678.4 43.3052
2680.8 43.1999
2683.2 43.0745
2685.6 42.9813
2688 42.9294
2690.4 42.8558
2692.8 42.806
2695.2 42.7677
2697.6 42.7404
2700 42.7007
2702.4 42.6728
2704.8 42.6387
2707.2 42.6103
2709.6 42.5983
2712 42.6016
2714.4 42.5726
2716.8 42.6034
2719.2 42.5995
2721.6 42.5991
2724 42.5427
2726.4 42.4903
2728.8 42.459
2731.2 42.3972
2733.6 42.3015
2736 42.269
2738.4 42.2324
2740.8 42.2541
2743.2 42.2664
2745.6 42.2205
2748 42.2198
2750.4 42.2303
2752.8 42.2272
2755.2 42.1925
2757.6 42.176
2760 42.1624
2762.4 42.1799
2764.8 42.1864
2767.2 42.1221
2769.6 42.0648
2772 42.0346
2774.4 42.0244
2776.8 41.9774
2779.2 41.9366
2781.6 41.9057
2784 41.8544
2786.4 41.8468
2788.8 41.8134
2791.2 41.7911
2793.6 41.7792
2796 41.735
2798.4 41.7594
2800.8 41.7444
2803.2 41.7434
2805.6 41.7413
2808 41.7327
2810.4 41.702
2812.8 41.7169
2815.2 41.7159
2817.6 41.7245
2820 41.7918
2822.4 41.7815
2824.8 41.7655
2827.2 41.7646
2829.6 41.7451
2832 41.7138
2834.4 41.6933
2836.8 41.6827
2839.2 41.6617
2841.6 41.636
2844 41.6084
2846.4 41.6323
2848.8 41.6039
2851.2 41.5843
2853.6 41.5408
2856 41.5084
2858.4 41.4872
2860.8 41.4598
2863.2 41.459
2865.6 41.4532
2868 41.4185
2870.4 41.3839
2872.8 41.3493
2875.2 41.3148
2877.6 41.2803
2880 41.2459
2882.4 41.2116
2884.8 41.1773
2887.2 41.1431
2889.6 41.1089
2892 41.0748
2894.4 41.0407
2896.8 41.0063
2899.2 40.9692
2901.6 40.9377
2904 40.9261
2906.4 40.8723
2908.8 40.8528
2911.2 40.8192
2913.6 40.7906
2916 40.7447
2918.4 40.7097
2920.8 40.6809
2923.2 40.6631
2925.6 40.6627
2928 40.6888
2930.4 40.6624
2932.8 40.6435
2935.2 40.6438
2937.6 40.6106
2940 40.5752
2942.4 40.5359
2944.8 40.4998
2947.2 40.4657
2949.6 40.438
2952 40.4055
2954.4 40.3694
2956.8 40.3355
2959.2 40.3023
2961.6 40.2697
2964 40.2371
2966.4 40.2045
2968.8 40.172
2971.2 40.1396
2973.6 40.1072
2976 40.0748
2978.4 40.0425
2980.8 40.0103
2983.2 39.9781
2985.6 39.946
2988 39.9139
2990.4 39.8819
2992.8 39.8499
2995.2 39.8179
2997.6 39.7542
