1 3.09091
1.004 3.08475
1.008 3.07863
1.012 3.07255
1.016 3.16888
1.02 3.15195
1.024 3.10273
1.028 3.07563
1.032 3.03754
1.036 3.01826
1.04 3.00184
1.044 2.98749
1.048 3.01306
1.052 2.99805
1.056 2.98448
1.06 2.97207
1.064 2.96059
1.068 2.94989
1.072 2.9547
1.076 2.94375
1.08 2.93342
1.084 3.04748
1.088 3.03653
1.092 3.02612
1.096 3.01618
1.1 3.00667
1.104 2.99752
1.108 2.98871
1.112 2.9802
1.116 3.02403
1.12 3.06905
1.124 3.0576
1.128 3.0466
1.132 3.03602
1.136 3.02581
1.14 3.01595
1.144 3.0064
1.148 2.99715
1.152 2.98817
1.156 2.97944
1.16 2.97094
1.164 2.96266
1.168 3.56253
1.172 3.55059
1.176 3.539
1.18 3.52773
1.184 3.51676
1.188 3.50607
1.192 3.49565
1.196 3.48548
1.2 3.47554
1.204 3.46583
1.208 3.45633
1.212 3.44703
1.216 3.43791
1.22 3.72331
1.224 3.74422
1.228 3.73036
1.232 3.71686
1.236 3.70371
1.24 3.80853
1.244 3.79413
1.248 3.7801
1.252 3.76641
1.256 3.75306
1.26 3.74002
1.264 3.72728
1.268 3.71402
1.272 3.70163
1.276 3.68951
1.28 3.67765
1.284 3.68865
1.288 3.81336
1.292 3.80092
1.296 3.77884
1.3 3.76654
1.304 3.7545
1.308 3.73254
1.312 3.72063
1.316 3.70895
1.32 3.7477
1.324 3.71033
1.328 3.69854
1.332 3.68698
1.336 3.67563
1.34 3.6777
1.344 3.64086
1.348 3.73658
1.352 3.72497
1.356 3.71357
1.36 3.70236
1.364 3.69135
1.368 3.68052
1.372 3.66987
1.376 3.65939
1.38 3.64909
1.384 3.63894
1.388 3.62895
1.392 3.62253
1.396 3.61257
1.4 3.60277
1.404 3.5931
1.408 3.58
1.412 3.57002
1.416 3.56018
1.42 3.5505
1.424 3.54095
1.428 3.53154
1.432 3.51059
1.436 3.50125
1.44 3.49204
1.444 3.48296
1.448 3.474
1.452 3.46517
1.456 3.45645
1.46 3.44785
1.464 3.43935
1.468 3.44653
1.472 3.43802
1.476 3.42962
1.48 3.69636
1.484 3.68669
1.488 3.68796
1.492 3.70506
1.496 3.69497
1.5 3.68502
1.504 3.6752
1.508 3.66551
1.512 3.64538
1.516 3.71299
1.52 3.70285
1.524 3.69284
1.528 3.68296
1.532 3.67321
1.536 3.66358
1.54 3.65408
1.544 3.64469
1.548 3.63542
1.552 3.62626
1.556 3.61722
1.56 3.60828
1.564 3.59944
1.568 3.59071
1.572 3.58208
1.576 3.57355
1.58 3.56512
1.584 3.55678
1.588 3.54853
1.592 3.54038
1.596 3.53117
1.6 3.52305
1.604 3.51501
1.608 3.50706
1.612 3.48295
1.616 3.47513
1.62 3.46739
1.624 3.45974
1.628 3.55562
1.632 3.54755
1.636 3.59059
1.64 3.5825
1.644 3.5745
1.648 3.58615
1.652 3.5464
1.656 3.53822
1.66 3.53012
1.664 3.5221
1.668 3.50043
1.672 3.49242
1.676 3.48449
1.68 3.43264
1.684 3.39227
1.688 3.41596
1.692 3.40798
1.696 3.44233
1.7 3.43437
1.704 3.42648
1.708 3.43837
1.712 3.43043
1.716 3.3944
1.72 3.38657
1.724 3.37882
1.728 3.37115
1.732 3.36356
1.736 3.35603
1.74 3.36636
1.744 3.35889
1.748 3.3515
1.752 3.37356
1.756 3.36614
1.76 3.35879
1.764 3.35151
1.768 3.3443
1.772 3.33715
1.776 3.32492
1.78 3.31782
1.784 3.31079
1.788 3.55103
1.792 3.571
1.796 3.56314
1.8 3.55535
1.804 3.69693
1.808 3.68881
1.812 3.70803
1.816 3.69995
1.82 3.69194
1.824 3.6705
1.828 3.66248
1.832 3.65452
1.836 3.64664
1.84 3.63883
1.844 3.63109
1.848 3.62342
1.852 3.61582
1.856 3.60828
1.86 3.60081
1.864 3.5934
1.868 3.58606
1.872 3.57878
1.876 3.57156
1.88 3.5644
1.884 3.5573
1.888 3.55026
1.892 3.58967
1.896 3.58257
1.9 3.57553
1.904 3.59947
1.908 3.6285
1.912 3.62142
1.916 3.78162
1.92 3.77407
1.924 3.76658
1.928 3.75915
1.932 3.75577
1.936 3.75751
1.94 3.75016
1.944 3.82225
1.948 3.91566
1.952 3.90758
1.956 3.91819
1.96 3.91016
1.964 3.90321
1.968 3.89523
1.972 3.88731
1.976 3.88819
1.98 3.88027
1.984 3.86506
1.988 3.85998
1.992 3.85218
1.996 3.84444
2 3.95042
2.004 3.94479
2.008 3.93677
2.012 3.92882
2.016 3.92093
2.02 3.9131
2.024 3.90533
2.028 3.94925
2.032 3.94139
2.036 3.93359
2.04 3.92585
2.044 3.91817
2.048 3.91055
2.052 3.90298
2.056 3.90255
2.06 3.89505
2.064 3.88761
2.068 3.88023
2.072 3.8729
2.076 4.5477
2.08 4.58841
2.084 4.57923
2.088 4.70424
2.092 5.13546
2.096 5.42493
2.1 5.4132
2.104 5.40157
2.108 5.39002
2.112 5.4026
2.116 5.3911
2.12 5.37969
2.124 5.40632
2.128 5.39497
2.132 5.3837
2.136 5.39136
2.14 5.38019
2.144 5.36911
2.148 5.35811
2.152 5.34719
2.156 5.38748
2.16 5.32824
2.164 5.31719
2.168 5.30622
2.172 5.29533
2.176 5.28453
2.18 5.27381
2.184 5.25189
2.188 5.24119
2.192 5.23057
2.196 5.22003
2.2 5.20958
2.204 5.1992
2.208 5.21027
2.212 5.19992
2.216 5.18965
2.22 5.17945
2.224 5.16933
2.228 5.15929
2.232 5.14931
2.236 5.13941
2.24 5.12957
2.244 5.11981
2.248 5.11012
2.252 5.18882
2.256 5.17887
2.26 5.169
2.264 5.1827
2.268 5.17281
2.272 5.163
2.276 5.15325
2.28 5.13697
2.284 5.1273
2.288 5.1177
2.292 5.10816
2.296 5.09869
2.3 5.31882
2.304 5.30892
2.308 5.29908
2.312 5.28931
2.316 5.27961
2.32 5.26997
2.324 5.2604
2.328 5.25089
2.332 5.24145
2.336 5.23206
2.34 5.22274
2.344 5.21348
2.348 5.4734
2.352 5.44939
2.356 5.47291
2.36 5.46309
2.364 5.43477
2.368 5.45281
2.372 5.45215
2.376 5.44241
2.38 5.43274
2.384 5.50532
2.388 5.49553
2.392 5.4858
2.396 5.47614
2.4 5.80065
2.404 5.8888
2.408 5.87819
2.412 5.86765
2.416 5.84987
2.42 5.83937
2.424 5.82895
2.428 5.83403
2.432 5.82106
2.436 5.81072
2.44 5.80044
2.444 5.77275
2.448 5.76257
2.452 5.85382
2.456 5.85688
2.46 5.84656
2.464 5.83631
2.468 5.82612
2.472 5.81599
2.476 5.80593
2.48 5.79593
2.484 5.78318
2.488 5.77328
2.492 5.76344
2.496 5.80183
2.5 5.7919
2.504 5.84131
2.508 5.83128
2.512 5.82131
2.516 5.88798
2.52 5.88006
2.524 5.86999
2.528 5.85998
2.532 5.85004
2.536 5.90336
2.54 5.8934
2.544 5.9835
2.548 5.99804
2.552 5.98778
2.556 5.97758
2.56 5.96744
2.564 5.95736
2.568 5.94735
2.572 5.96845
2.576 5.95847
2.58 6.35226
2.584 6.34155
2.588 6.3309
2.592 6.32031
2.596 6.30979
2.6 6.29933
2.604 6.28892
2.608 6.27858
2.612 6.2683
2.616 6.23865
2.62 6.22837
2.624 6.34965
2.628 6.33922
2.632 6.32885
2.636 6.27965
2.64 6.48193
2.644 6.4711
2.648 6.58778
2.652 6.57663
2.656 6.56555
2.66 6.57097
2.664 6.55993
2.668 6.55782
2.672 6.54683
2.676 6.53591
2.68 6.52506
2.684 6.51426
2.688 6.50353
2.692 6.49286
2.696 6.48225
2.7 6.4669
2.704 6.45518
2.708 6.4447
2.712 6.43429
2.716 6.42393
2.72 6.67746
2.724 6.66663
2.728 6.65586
2.732 6.632
2.736 6.62126
2.74 6.61058
2.744 6.59997
2.748 6.58785
2.752 6.67973
2.756 6.66891
2.76 6.71425
2.764 6.70329
2.768 6.6924
2.772 6.70081
2.776 6.68999
2.78 6.67922
2.784 6.66851
2.788 6.65786
2.792 6.64727
2.796 6.74639
2.8 6.75586
2.804 6.76037
2.808 6.74963
2.812 6.73894
2.816 6.73652
2.82 6.75146
2.824 6.74084
2.828 6.73028
2.832 6.71978
2.836 6.70933
2.84 6.69894
2.844 6.78024
2.848 6.76969
2.852 6.7592
2.856 6.7669
2.86 6.77795
2.864 6.76751
2.868 6.75713
2.872 6.74681
2.876 6.73654
2.88 6.72632
2.884 6.71615
2.888 6.75863
2.892 6.74844
2.896 6.73831
2.9 6.92296
2.904 7.05887
2.908 7.17355
2.912 7.16261
2.916 7.2131
2.92 7.34403
2.924 7.35276
2.928 7.34138
2.932 7.33006
2.936 7.34194
2.94 7.33065
2.944 7.33572
2.948 7.32447
2.952 7.31328
2.956 7.30215
2.96 7.29107
2.964 7.28005
2.968 7.36404
2.972 7.35294
2.976 7.3419
2.98 7.33091
2.984 7.33607
2.988 7.32515
2.992 7.31692
2.996 7.31221
3 7.30137
3.004 7.29058
3.008 7.27984
3.012 7.26916
3.016 7.27623
3.02 7.29349
3.024 7.28276
3.028 7.27209
3.032 7.26146
3.036 7.2509
3.04 7.28465
3.044 7.27409
3.048 7.3013
3.052 7.29077
3.056 7.28029
3.06 7.2915
3.064 7.36468
3.068 7.36921
3.072 7.35865
3.076 7.34814
3.08 7.33769
3.084 7.32729
3.088 7.39948
3.092 7.38899
3.096 7.37855
3.1 7.36817
3.104 7.3927
3.108 7.50121
3.112 7.49063
3.116 7.48009
3.12 7.4696
3.124 7.45916
3.128 7.44878
3.132 7.43844
3.136 7.42815
3.14 7.41886
3.144 7.40862
3.148 7.39843
3.152 7.38828
3.156 7.37819
3.16 7.36814
3.164 7.35813
3.168 7.34817
3.172 7.35321
3.176 7.34327
3.18 7.33336
3.184 7.34667
3.188 7.35001
3.192 7.37082
3.196 7.37332
3.2 7.36331
3.204 7.37578
3.208 7.36573
3.212 7.35573
3.216 7.34577
3.22 7.33586
3.224 7.32599
3.228 7.31617
3.232 8.49659
3.236 8.6367
3.24 8.62467
3.244 8.61929
3.248 8.60735
3.252 8.59546
3.256 8.58363
3.26 8.57185
3.264 8.61514
3.268 8.60333
3.272 8.60733
3.276 8.59556
3.28 8.58384
3.284 8.57217
3.288 8.54455
3.292 8.53292
3.296 8.77177
3.3 8.7598
3.304 8.74788
3.308 8.73601
3.312 8.7242
3.316 8.71244
3.32 8.70073
3.324 8.82901
3.328 8.81711
3.332 8.80526
3.336 8.79347
3.34 8.78173
3.344 8.77004
3.348 8.7584
3.352 8.74681
3.356 8.71521
3.36 8.70373
3.364 8.80658
3.368 8.83485
3.372 8.82319
3.376 8.81159
3.38 8.80003
3.384 8.83914
3.388 8.84378
3.392 8.83216
3.396 8.932
3.4 8.92023
3.404 8.90851
3.408 8.89684
3.412 8.88523
3.416 8.87366
3.42 8.86214
3.424 8.86934
3.428 8.85785
3.432 8.84641
3.436 8.98602
3.44 8.97438
3.444 9.11825
3.448 9.38725
3.452 9.37501
3.456 9.36282
3.46 9.35069
3.464 9.3386
3.468 9.37887
3.472 9.36669
3.476 9.36179
3.48 9.37616
3.484 9.39367
3.488 9.45906
3.492 9.51278
3.496 9.56075
3.5 9.54691
3.504 9.52759
3.508 9.61732
3.512 9.60327
3.516 9.59081
3.52 9.5784
3.524 9.58622
3.528 9.57386
3.532 9.56157
3.536 9.54932
3.54 9.86796
3.544 9.90184
3.548 10.0443
3.552 10.0311
3.556 10.0179
3.56 10.0048
3.564 9.99172
3.568 9.97871
3.572 9.96577
3.576 9.95287
3.58 9.94003
3.584 9.92725
3.588 9.91452
3.592 10.0501
3.596 10.0372
3.6 10.0353
3.604 10.0224
3.608 10.0097
3.612 9.99691
3.616 9.98422
3.62 9.97159
3.624 9.9999
3.628 9.98719
3.632 9.98517
3.636 9.97254
3.64 9.95996
3.644 9.96585
3.648 10.0397
3.652 10.061
3.656 10.0484
3.66 10.1212
3.664 10.1084
3.668 10.0957
3.672 10.083
3.676 10.0704
3.68 10.0578
3.684 10.0453
3.688 10.0328
3.692 10.0204
3.696 10.0081
3.7 9.99574
3.704 10.0524
3.708 10.0401
3.712 10.0278
3.716 10.1629
3.72 10.1504
3.724 10.2449
3.728 10.8328
3.732 11.2754
3.736 11.2611
3.74 11.2469
3.744 11.2327
3.748 11.2186
3.752 11.2046
3.756 11.1906
3.76 11.3185
3.764 11.3043
3.768 11.2902
3.772 11.265
3.776 11.251
3.78 11.2784
3.784 11.283
3.788 11.3127
3.792 11.3933
3.796 11.3792
3.8 11.3651
3.804 11.351
3.808 11.3371
3.812 11.3476
3.816 11.3337
3.82 11.3198
3.824 11.306
3.828 11.2922
3.832 11.2785
3.836 11.2649
3.84 11.3261
3.844 11.3124
3.848 11.3081
3.852 11.2945
3.856 11.3146
3.86 11.3191
3.864 11.3055
3.868 11.292
3.872 11.3257
3.876 11.346
3.88 11.3324
3.884 11.3188
3.888 11.3109
3.892 11.428
3.896 11.4142
3.9 11.4006
3.904 11.4341
3.908 11.4205
3.912 11.4068
3.916 11.3932
3.92 11.3797
3.924 11.393
3.928 11.501
3.932 11.4874
3.936 11.4738
3.94 11.4602
3.944 11.4467
3.948 11.6105
3.952 11.6089
3.956 11.5953
3.96 11.6532
3.964 11.6394
3.968 11.6257
3.972 11.6121
3.976 11.5985
3.98 11.5849
3.984 11.5715
3.988 11.558
3.992 11.5729
3.996 11.5595
4 11.5461
4.004 11.5328
4.008 11.5196
4.012 11.5064
4.016 12.0479
4.02 12.0339
4.024 12.02
4.028 12.0062
4.032 11.9924
4.036 11.9787
4.04 11.965
4.044 11.9922
4.048 11.9785
4.052 12.0262
4.056 12.0125
4.06 11.9989
4.064 11.9853
4.068 11.9717
4.072 11.9582
4.076 11.9447
4.08 11.9984
4.084 12.0073
4.088 11.9938
4.092 11.9803
4.096 11.9669
4.1 11.9535
4.104 11.9402
4.108 11.952
4.112 12.0148
4.116 12.1561
4.12 12.1425
4.124 12.1909
4.128 12.1772
4.132 12.2348
4.136 12.2211
4.14 12.2075
4.144 12.1939
4.148 12.1803
4.152 12.5824
4.156 12.5683
4.16 12.732
4.164 12.7814
4.168 12.767
4.172 12.7527
4.176 12.7384
4.18 12.7242
4.184 12.7101
4.188 12.6959
4.192 12.7095
4.196 12.8276
4.2 12.8133
4.204 12.7991
4.208 12.785
4.212 12.7709
4.216 12.7569
4.22 12.7429
4.224 12.729
4.228 12.7438
4.232 13.0267
4.236 13.2012
4.24 13.1865
4.244 13.2916
4.248 13.2768
4.252 13.2621
4.256 13.2475
4.26 13.24
4.264 13.2254
4.268 13.2109
4.272 14.0459
4.276 14.0303
4.28 14.0148
4.284 13.9993
4.288 13.9839
4.292 14.1715
4.296 14.1558
4.3 14.1552
4.304 14.1397
4.308 14.1242
4.312 14.1087
4.316 14.0933
4.32 14.078
4.324 14.0627
4.328 14.0475
4.332 14.0323
4.336 14.0171
4.34 14.0021
4.344 13.987
4.348 13.9695
4.352 13.9546
4.356 13.9397
4.36 13.9248
4.364 13.91
4.368 13.8952
4.372 14.0274
4.376 14.0622
4.38 14.4098
4.384 14.3942
4.388 14.3786
4.392 14.3631
4.396 14.3404
4.4 14.325
4.404 14.3095
4.408 14.4199
4.412 14.8666
4.416 15.1013
4.42 15.0849
4.424 15.0686
4.428 15.0523
4.432 15.0361
4.436 15.0199
4.44 15.0038
4.444 14.9877
4.448 14.9717
4.452 14.9558
4.456 14.9532
4.46 14.9374
4.464 14.9514
4.468 14.9355
4.472 14.9198
4.476 14.9193
4.48 14.9313
4.484 14.9452
4.488 14.9295
4.492 14.9138
4.496 14.9797
4.5 14.9977
4.504 14.982
4.508 14.9779
4.512 14.9935
4.516 14.9642
4.52 14.9486
4.524 14.9331
4.528 14.9803
4.532 14.9647
4.536 14.9492
4.54 14.9337
4.544 14.9183
4.548 14.9029
4.552 14.9124
4.556 15.1261
4.56 15.1105
4.564 15.1395
4.568 15.2191
4.572 15.2034
4.576 15.1878
4.58 15.1723
4.584 15.1567
4.588 15.2029
4.592 15.2418
4.596 15.2262
4.6 15.2567
4.604 15.2411
4.608 15.2255
4.612 15.2401
4.616 15.2245
4.62 15.2089
4.624 15.1934
4.628 15.2491
4.632 15.2336
4.636 15.2181
4.64 15.2676
4.644 15.2521
4.648 15.2367
4.652 15.2213
4.656 15.206
4.66 15.1907
4.664 15.1755
4.668 15.1716
4.672 15.1564
4.676 15.1413
4.68 15.1262
4.684 15.1111
4.688 15.0961
4.692 15.1916
4.696 15.1757
4.7 15.1606
4.704 15.1456
4.708 15.1306
4.712 15.1157
4.716 15.1008
4.72 15.1585
4.724 15.1436
4.728 15.1287
4.732 15.1139
4.736 15.0991
4.74 15.0844
4.744 15.0697
4.748 15.0551
4.752 15.0854
4.756 15.0708
4.76 15.1689
4.764 15.1542
4.768 15.1395
4.772 15.1248
4.776 15.1831
4.78 15.1678
4.784 15.1564
4.788 15.1418
4.792 15.1152
4.796 15.0906
4.8 15.0761
4.804 15.0616
4.808 15.1589
4.812 15.1443
4.816 15.1299
4.82 15.2561
4.824 15.2844
4.828 15.2698
4.832 15.2552
4.836 15.2406
4.84 15.2261
4.844 15.5272
4.848 15.5123
4.852 15.4974
4.856 15.4826
4.86 15.684
4.864 15.669
4.868 15.654
4.872 16.1147
4.876 16.1405
4.88 16.1573
4.884 16.174
4.888 16.1584
4.892 16.2084
4.896 16.391
4.9 16.3751
4.904 16.4761
4.908 16.4602
4.912 16.4443
4.916 16.4285
4.92 16.4127
4.924 16.397
4.928 16.3813
4.932 16.3656
4.936 16.35
4.94 16.3345
4.944 16.319
4.948 16.3201
4.952 16.3046
4.956 16.2892
4.96 16.4057
4.964 16.3901
4.968 16.6976
4.972 16.6817
4.976 16.6658
4.98 16.6499
4.984 16.6341
4.988 16.6741
4.992 16.6583
4.996 16.6269
