600 0.26105
602.4 0.260791
604.8 0.260639
607.2 0.260524
609.6 0.260356
612 0.260156
614.4 0.259954
616.8 0.259777
619.2 0.259616
621.6 0.259455
624 0.259321
626.4 0.259208
628.8 0.259106
631.2 0.258984
633.6 0.25884
636 0.258715
638.4 0.258604
640.8 0.25849
643.2 0.258373
645.6 0.258251
648 0.25813
650.4 0.257999
652.8 0.257848
655.2 0.257687
657.6 0.257519
660 0.25734
662.4 0.257149
664.8 0.256942
667.2 0.256726
669.6 0.256507
672 0.256287
674.4 0.256064
676.8 0.255842
679.2 0.255618
681.6 0.255395
684 0.255179
686.4 0.254969
688.8 0.254766
691.2 0.25457
693.6 0.254377
696 0.254188
698.4 0.254003
700.8 0.25381
703.2 0.253608
705.6 0.253404
708 0.253202
710.4 0.252996
712.8 0.25279
715.2 0.252582
717.6 0.25237
720 0.252152
722.4 0.251927
724.8 0.251695
727.2 0.251457
729.6 0.251215
732 0.250971
734.4 0.250724
736.8 0.250478
739.2 0.250238
741.6 0.249998
744 0.249755
746.4 0.249511
748.8 0.249265
751.2 0.249016
753.6 0.248766
756 0.248515
758.4 0.248263
760.8 0.248012
763.2 0.247763
765.6 0.247514
768 0.24727
770.4 0.24703
772.8 0.246797
775.2 0.246568
777.6 0.246349
780 0.246135
782.4 0.245921
784.8 0.245708
787.2 0.245493
789.6 0.245274
792 0.245053
794.4 0.244831
796.8 0.244609
799.2 0.244387
801.6 0.244164
804 0.243942
806.4 0.243719
808.8 0.243497
811.2 0.243278
813.6 0.243061
816 0.242847
818.4 0.242636
820.8 0.242425
823.2 0.242216
825.6 0.242009
828 0.241802
830.4 0.241595
832.8 0.241387
835.2 0.24118
837.6 0.240973
840 0.240765
842.4 0.240556
844.8 0.240346
847.2 0.240133
849.6 0.23992
852 0.239707
854.4 0.239495
856.8 0.239284
859.2 0.239075
861.6 0.238869
864 0.238666
866.4 0.23847
868.8 0.238279
871.2 0.238092
873.6 0.237912
876 0.237735
878.4 0.237561
880.8 0.237391
883.2 0.237222
885.6 0.237054
888 0.236889
890.4 0.236725
892.8 0.236563
895.2 0.236404
897.6 0.236248
900 0.236099
902.4 0.235954
904.8 0.235814
907.2 0.235677
909.6 0.235542
912 0.235407
914.4 0.235273
916.8 0.235142
919.2 0.235013
921.6 0.234885
924 0.234757
926.4 0.234629
928.8 0.234502
931.2 0.234377
933.6 0.234253
936 0.23413
938.4 0.234009
940.8 0.233891
943.2 0.233775
945.6 0.233663
948 0.233552
950.4 0.233443
952.8 0.233337
955.2 0.233235
957.6 0.233136
960 0.233037
962.4 0.232941
964.8 0.232847
967.2 0.232755
969.6 0.232665
972 0.232575
974.4 0.232486
976.8 0.232397
979.2 0.23231
981.6 0.232223
984 0.232135
986.4 0.232046
988.8 0.231956
991.2 0.231865
993.6 0.231774
996 0.231682
998.4 0.231593
1000.8 0.231504
1003.2 0.231416
1005.6 0.231328
1008 0.23124
1010.4 0.231154
1012.8 0.23107
1015.2 0.230986
1017.6 0.230902
1020 0.230819
1022.4 0.230736
1024.8 0.230654
1027.2 0.230573
1029.6 0.230492
1032 0.230411
1034.4 0.230331
1036.8 0.230253
1039.2 0.230176
1041.6 0.230102
1044 0.23003
1046.4 0.229961
1048.8 0.229894
1051.2 0.229829
1053.6 0.229766
1056 0.229707
1058.4 0.229652
1060.8 0.229599
1063.2 0.229548
1065.6 0.229501
1068 0.229455
1070.4 0.229412
1072.8 0.229371
1075.2 0.229335
1077.6 0.229303
1080 0.229275
1082.4 0.229249
1084.8 0.229227
1087.2 0.229206
1089.6 0.229188
1092 0.22917
1094.4 0.229153
1096.8 0.229136
1099.2 0.229121
1101.6 0.229106
1104 0.229091
1106.4 0.229076
1108.8 0.229061
1111.2 0.229047
1113.6 0.229032
1116 0.229015
1118.4 0.228997
1120.8 0.228977
1123.2 0.228957
1125.6 0.228936
1128 0.228915
1130.4 0.228893
1132.8 0.228871
1135.2 0.228849
1137.6 0.228825
1140 0.228801
1142.4 0.228777
1144.8 0.228753
1147.2 0.228728
1149.6 0.228705
1152 0.228682
1154.4 0.22866
1156.8 0.228639
1159.2 0.228618
1161.6 0.228597
1164 0.228576
1166.4 0.228554
1168.8 0.228531
1171.2 0.228507
1173.6 0.228484
1176 0.228459
1178.4 0.228434
1180.8 0.228407
1183.2 0.22838
1185.6 0.228352
1188 0.228325
1190.4 0.228298
1192.8 0.228272
1195.2 0.228246
1197.6 0.228219
1200 0.228191
1202.4 0.228162
1204.8 0.228133
1207.2 0.228102
1209.6 0.228071
1212 0.228039
1214.4 0.228005
1216.8 0.227971
1219.2 0.227934
1221.6 0.227897
1224 0.227858
1226.4 0.227817
1228.8 0.227776
1231.2 0.227733
1233.6 0.227688
1236 0.227643
1238.4 0.227596
1240.8 0.227549
1243.2 0.2275
1245.6 0.22745
1248 0.227399
1250.4 0.227346
1252.8 0.227293
1255.2 0.227238
1257.6 0.227183
1260 0.227126
1262.4 0.227068
1264.8 0.22701
1267.2 0.22695
1269.6 0.226889
1272 0.226828
1274.4 0.226765
1276.8 0.226703
1279.2 0.22664
1281.6 0.226578
1284 0.226515
1286.4 0.226453
1288.8 0.22639
1291.2 0.226326
1293.6 0.226262
1296 0.226197
1298.4 0.226132
1300.8 0.226067
1303.2 0.226002
1305.6 0.225937
1308 0.225872
1310.4 0.225808
1312.8 0.225744
1315.2 0.22568
1317.6 0.225617
1320 0.225553
1322.4 0.22549
1324.8 0.225427
1327.2 0.225363
1329.6 0.2253
1332 0.225238
1334.4 0.225176
1336.8 0.225114
1339.2 0.225052
1341.6 0.22499
1344 0.224929
1346.4 0.224868
1348.8 0.224807
1351.2 0.224745
1353.6 0.224684
1356 0.224623
1358.4 0.224562
1360.8 0.2245
1363.2 0.224438
1365.6 0.224375
1368 0.224311
1370.4 0.224247
1372.8 0.224183
1375.2 0.224118
1377.6 0.224053
1380 0.223987
1382.4 0.223921
1384.8 0.223855
1387.2 0.223788
1389.6 0.223722
1392 0.223655
1394.4 0.223587
1396.8 0.22352
1399.2 0.223453
1401.6 0.223385
1404 0.223319
1406.4 0.223252
1408.8 0.223185
1411.2 0.223119
1413.6 0.223053
1416 0.222987
1418.4 0.222921
1420.8 0.222856
1423.2 0.222792
1425.6 0.222728
1428 0.222666
1430.4 0.222605
1432.8 0.222543
1435.2 0.222483
1437.6 0.222423
1440 0.222363
1442.4 0.222304
1444.8 0.222247
1447.2 0.22219
1449.6 0.222134
1452 0.222079
1454.4 0.222024
1456.8 0.22197
1459.2 0.221917
1461.6 0.221866
1464 0.221816
1466.4 0.221768
1468.8 0.221721
1471.2 0.221674
1473.6 0.221629
1476 0.221584
1478.4 0.221541
1480.8 0.221499
1483.2 0.221458
1485.6 0.221417
1488 0.221376
1490.4 0.221337
1492.8 0.221298
1495.2 0.22126
1497.6 0.221223
1500 0.221185
1502.4 0.221148
1504.8 0.221111
1507.2 0.221074
1509.6 0.221037
1512 0.221001
1514.4 0.220965
1516.8 0.220929
1519.2 0.220894
1521.6 0.220859
1524 0.220824
1526.4 0.220789
1528.8 0.220753
1531.2 0.220718
1533.6 0.220683
1536 0.220648
1538.4 0.220613
1540.8 0.220578
1543.2 0.220543
1545.6 0.220509
1548 0.220475
1550.4 0.22044
1552.8 0.220406
1555.2 0.220372
1557.6 0.220339
1560 0.220306
1562.4 0.220274
1564.8 0.220242
1567.2 0.22021
1569.6 0.220179
1572 0.220148
1574.4 0.220116
1576.8 0.220084
1579.2 0.220053
1581.6 0.220022
1584 0.219991
1586.4 0.219961
1588.8 0.219931
1591.2 0.219901
1593.6 0.219872
1596 0.219843
1598.4 0.219815
1600.8 0.219786
1603.2 0.219757
1605.6 0.219728
1608 0.219699
1610.4 0.21967
1612.8 0.219641
1615.2 0.219613
1617.6 0.219584
1620 0.219556
1622.4 0.219528
1624.8 0.2195
1627.2 0.219472
1629.6 0.219444
1632 0.219416
1634.4 0.219388
1636.8 0.21936
1639.2 0.219332
1641.6 0.219304
1644 0.219276
1646.4 0.219247
1648.8 0.219218
1651.2 0.219189
1653.6 0.21916
1656 0.219131
1658.4 0.219101
1660.8 0.219072
1663.2 0.219042
1665.6 0.219012
1668 0.218983
1670.4 0.218953
1672.8 0.218923
1675.2 0.218893
1677.6 0.218863
1680 0.218833
1682.4 0.218802
1684.8 0.218772
1687.2 0.21874
1689.6 0.218709
1692 0.218677
1694.4 0.218644
1696.8 0.218612
1699.2 0.218579
1701.6 0.218546
1704 0.218512
1706.4 0.218479
1708.8 0.218445
1711.2 0.218411
1713.6 0.218377
1716 0.218343
1718.4 0.218309
1720.8 0.218275
1723.2 0.218241
1725.6 0.218206
1728 0.218171
1730.4 0.218136
1732.8 0.218101
1735.2 0.218065
1737.6 0.218029
1740 0.217992
1742.4 0.217955
1744.8 0.217918
1747.2 0.217881
1749.6 0.217843
1752 0.217806
1754.4 0.217768
1756.8 0.21773
1759.2 0.217691
1761.6 0.217654
1764 0.217616
1766.4 0.217579
1768.8 0.217542
1771.2 0.217505
1773.6 0.217469
1776 0.217434
1778.4 0.217399
1780.8 0.217363
1783.2 0.217328
1785.6 0.217293
1788 0.217258
1790.4 0.217222
1792.8 0.217187
1795.2 0.217152
1797.6 0.217116
1800 0.21708
1802.4 0.217045
1804.8 0.217009
1807.2 0.216974
1809.6 0.216938
1812 0.216902
1814.4 0.216867
1816.8 0.216831
1819.2 0.216795
1821.6 0.21676
1824 0.216725
1826.4 0.21669
1828.8 0.216655
1831.2 0.216621
1833.6 0.216586
1836 0.216552
1838.4 0.216518
1840.8 0.216484
1843.2 0.21645
1845.6 0.216417
1848 0.216383
1850.4 0.21635
1852.8 0.216318
1855.2 0.216285
1857.6 0.216253
1860 0.216222
1862.4 0.216191
1864.8 0.21616
1867.2 0.21613
1869.6 0.2161
1872 0.21607
1874.4 0.216041
1876.8 0.216011
1879.2 0.215981
1881.6 0.215952
1884 0.215922
1886.4 0.215891
1888.8 0.215861
1891.2 0.21583
1893.6 0.2158
1896 0.215769
1898.4 0.215738
1900.8 0.215706
1903.2 0.215675
1905.6 0.215644
1908 0.215613
1910.4 0.215581
1912.8 0.21555
1915.2 0.215518
1917.6 0.215486
1920 0.215453
1922.4 0.215421
1924.8 0.215388
1927.2 0.215355
1929.6 0.215323
1932 0.21529
1934.4 0.215258
1936.8 0.215226
1939.2 0.215194
1941.6 0.215161
1944 0.215129
1946.4 0.215096
1948.8 0.215063
1951.2 0.21503
1953.6 0.214996
1956 0.214962
1958.4 0.214928
1960.8 0.214894
1963.2 0.21486
1965.6 0.214825
1968 0.214791
1970.4 0.214756
1972.8 0.214721
1975.2 0.214686
1977.6 0.214651
1980 0.214616
1982.4 0.21458
1984.8 0.214545
1987.2 0.214509
1989.6 0.214474
1992 0.214438
1994.4 0.214402
1996.8 0.214367
1999.2 0.214331
2001.6 0.214296
2004 0.21426
2006.4 0.214224
2008.8 0.214189
2011.2 0.214153
2013.6 0.214117
2016 0.214082
2018.4 0.214046
2020.8 0.214011
2023.2 0.213975
2025.6 0.21394
2028 0.213904
2030.4 0.213869
2032.8 0.213834
2035.2 0.2138
2037.6 0.213765
2040 0.213731
2042.4 0.213697
2044.8 0.213662
2047.2 0.213628
2049.6 0.213594
2052 0.21356
2054.4 0.213526
2056.8 0.213492
2059.2 0.213459
2061.6 0.213426
2064 0.213393
2066.4 0.21336
2068.8 0.213327
2071.2 0.213294
2073.6 0.213262
2076 0.213229
2078.4 0.213197
2080.8 0.213165
2083.2 0.213134
2085.6 0.213102
2088 0.213071
2090.4 0.21304
2092.8 0.213009
2095.2 0.212978
2097.6 0.212948
2100 0.212918
2102.4 0.212888
2104.8 0.212858
2107.2 0.212828
2109.6 0.212799
2112 0.21277
2114.4 0.212741
2116.8 0.212713
2119.2 0.212685
2121.6 0.212657
2124 0.21263
2126.4 0.212603
2128.8 0.212575
2131.2 0.212548
2133.6 0.212522
2136 0.212496
2138.4 0.212469
2140.8 0.212444
2143.2 0.212419
2145.6 0.212393
2148 0.212369
2150.4 0.212344
2152.8 0.212321
2155.2 0.212297
2157.6 0.212274
2160 0.212251
2162.4 0.212228
2164.8 0.212206
2167.2 0.212184
2169.6 0.212163
2172 0.212142
2174.4 0.212121
2176.8 0.212101
2179.2 0.212082
2181.6 0.212062
2184 0.212043
2186.4 0.212024
2188.8 0.212006
2191.2 0.211987
2193.6 0.211969
2196 0.211951
2198.4 0.211933
2200.8 0.211915
2203.2 0.211898
2205.6 0.21188
2208 0.211864
2210.4 0.211847
2212.8 0.21183
2215.2 0.211814
2217.6 0.211798
2220 0.211782
2222.4 0.211766
2224.8 0.21175
2227.2 0.211734
2229.6 0.211718
2232 0.211702
2234.4 0.211686
2236.8 0.211671
2239.2 0.211656
2241.6 0.211641
2244 0.211626
2246.4 0.211611
2248.8 0.211596
2251.2 0.211581
2253.6 0.211566
2256 0.211551
2258.4 0.211536
2260.8 0.21152
2263.2 0.211505
2265.6 0.21149
2268 0.211474
2270.4 0.211459
2272.8 0.211443
2275.2 0.211427
2277.6 0.211412
2280 0.211396
2282.4 0.21138
2284.8 0.211364
2287.2 0.211348
2289.6 0.211332
2292 0.211316
2294.4 0.2113
2296.8 0.211283
2299.2 0.211267
2301.6 0.21125
2304 0.211234
2306.4 0.211217
2308.8 0.2112
2311.2 0.211184
2313.6 0.211167
2316 0.21115
2318.4 0.211133
2320.8 0.211116
2323.2 0.211099
2325.6 0.211083
2328 0.211066
2330.4 0.211049
2332.8 0.211032
2335.2 0.211015
2337.6 0.210998
2340 0.210981
2342.4 0.210964
2344.8 0.210947
2347.2 0.210929
2349.6 0.210912
2352 0.210894
2354.4 0.210877
2356.8 0.210859
2359.2 0.210841
2361.6 0.210822
2364 0.210804
2366.4 0.210785
2368.8 0.210766
2371.2 0.210746
2373.6 0.210727
2376 0.210707
2378.4 0.210687
2380.8 0.210667
2383.2 0.210647
2385.6 0.210626
2388 0.210606
2390.4 0.210585
2392.8 0.210564
2395.2 0.210542
2397.6 0.210521
2400 0.210499
2402.4 0.210477
2404.8 0.210455
2407.2 0.210432
2409.6 0.21041
2412 0.210387
2414.4 0.210364
2416.8 0.210341
2419.2 0.210318
2421.6 0.210294
2424 0.210271
2426.4 0.210247
2428.8 0.210224
2431.2 0.2102
2433.6 0.210176
2436 0.210152
2438.4 0.210128
2440.8 0.210103
2443.2 0.210079
2445.6 0.210055
2448 0.21003
2450.4 0.210005
2452.8 0.209981
2455.2 0.209956
2457.6 0.209931
2460 0.209906
2462.4 0.209882
2464.8 0.209857
2467.2 0.209832
2469.6 0.209807
2472 0.209782
2474.4 0.209757
2476.8 0.209732
2479.2 0.209707
2481.6 0.209682
2484 0.209657
2486.4 0.209632
2488.8 0.209607
2491.2 0.209582
2493.6 0.209557
2496 0.209531
2498.4 0.209506
2500.8 0.209481
2503.2 0.209455
2505.6 0.20943
2508 0.209404
2510.4 0.209379
2512.8 0.209353
2515.2 0.209328
2517.6 0.209302
2520 0.209277
2522.4 0.209252
2524.8 0.209226
2527.2 0.209201
2529.6 0.209176
2532 0.209151
2534.4 0.209125
2536.8 0.2091
2539.2 0.209075
2541.6 0.20905
2544 0.209025
2546.4 0.208999
2548.8 0.208974
2551.2 0.208949
2553.6 0.208924
2556 0.208899
2558.4 0.208874
2560.8 0.208849
2563.2 0.208824
2565.6 0.208799
2568 0.208773
2570.4 0.208748
2572.8 0.208722
2575.2 0.208697
2577.6 0.208671
2580 0.208646
2582.4 0.20862
2584.8 0.208594
2587.2 0.208568
2589.6 0.208543
2592 0.208517
2594.4 0.208491
2596.8 0.208465
2599.2 0.208439
2601.6 0.208413
2604 0.208386
2606.4 0.20836
2608.8 0.208334
2611.2 0.208307
2613.6 0.208281
2616 0.208255
2618.4 0.208229
2620.8 0.208203
2623.2 0.208177
2625.6 0.208151
2628 0.208126
2630.4 0.2081
2632.8 0.208075
2635.2 0.208049
2637.6 0.208023
2640 0.207997
2642.4 0.207972
2644.8 0.207946
2647.2 0.20792
2649.6 0.207894
2652 0.207869
2654.4 0.207843
2656.8 0.207818
2659.2 0.207793
2661.6 0.207768
2664 0.207743
2666.4 0.207718
2668.8 0.207693
2671.2 0.207668
2673.6 0.207643
2676 0.207619
2678.4 0.207595
2680.8 0.207571
2683.2 0.207548
2685.6 0.207525
2688 0.207501
2690.4 0.207479
2692.8 0.207456
2695.2 0.207434
2697.6 0.207411
2700 0.207389
2702.4 0.207367
2704.8 0.207346
2707.2 0.207325
2709.6 0.207304
2712 0.207283
2714.4 0.207263
2716.8 0.207242
2719.2 0.207222
2721.6 0.207202
2724 0.207182
2726.4 0.207163
2728.8 0.207144
2731.2 0.207125
2733.6 0.207106
2736 0.207088
2738.4 0.20707
2740.8 0.207053
2743.2 0.207036
2745.6 0.207019
2748 0.207003
2750.4 0.206988
2752.8 0.206972
2755.2 0.206958
2757.6 0.206943
2760 0.206929
2762.4 0.206914
2764.8 0.2069
2767.2 0.206887
2769.6 0.206874
2772 0.206861
2774.4 0.206848
2776.8 0.206835
2779.2 0.206823
2781.6 0.206811
2784 0.206798
2786.4 0.206786
2788.8 0.206775
2791.2 0.206763
2793.6 0.206751
2796 0.20674
2798.4 0.206728
2800.8 0.206717
2803.2 0.206706
2805.6 0.206694
2808 0.206683
2810.4 0.206672
2812.8 0.206661
2815.2 0.20665
2817.6 0.206639
2820 0.206627
2822.4 0.206616
2824.8 0.206605
2827.2 0.206594
2829.6 0.206583
2832 0.206572
2834.4 0.20656
2836.8 0.206549
2839.2 0.206538
2841.6 0.206526
2844 0.206514
2846.4 0.206502
2848.8 0.206491
2851.2 0.206479
2853.6 0.206467
2856 0.206455
2858.4 0.206443
2860.8 0.206431
2863.2 0.206419
2865.6 0.206407
2868 0.206394
2870.4 0.206382
2872.8 0.206369
2875.2 0.206357
2877.6 0.206344
2880 0.206331
2882.4 0.206317
2884.8 0.206304
2887.2 0.206291
2889.6 0.206277
2892 0.206263
2894.4 0.206249
2896.8 0.206235
2899.2 0.206221
2901.6 0.206207
2904 0.206193
2906.4 0.206178
2908.8 0.206164
2911.2 0.20615
2913.6 0.206136
2916 0.206121
2918.4 0.206107
2920.8 0.206092
2923.2 0.206078
2925.6 0.206063
2928 0.206048
2930.4 0.206034
2932.8 0.206019
2935.2 0.206004
2937.6 0.20599
2940 0.205975
2942.4 0.20596
2944.8 0.205944
2947.2 0.205929
2949.6 0.205914
2952 0.205899
2954.4 0.205883
2956.8 0.205868
2959.2 0.205852
2961.6 0.205836
2964 0.20582
2966.4 0.205805
2968.8 0.205788
2971.2 0.205772
2973.6 0.205756
2976 0.205739
2978.4 0.205723
2980.8 0.205706
2983.2 0.205689
2985.6 0.205672
2988 0.205655
2990.4 0.205638
2992.8 0.205621
2995.2 0.205604
2997.6 0.205568
