1 1.97
1.004 1.96607
1.008 1.96216
1.012 1.95827
1.016 1.95628
1.02 1.97512
1.024 1.98852
1.028 1.99823
1.032 2.00514
1.036 2.01016
1.04 2.01338
1.044 2.0153
1.048 2.01651
1.052 2.0189
1.056 2.02039
1.06 2.02118
1.064 2.02138
1.068 2.02112
1.072 2.02091
1.076 2.02089
1.08 2.02049
1.084 2.02027
1.088 2.0201
1.092 2.01963
1.096 2.01888
1.1 2.01791
1.104 2.01673
1.108 2.01538
1.112 2.01386
1.116 2.01244
1.12 2.01234
1.124 2.01269
1.128 2.01279
1.132 2.01267
1.136 2.01235
1.14 2.01185
1.144 2.01118
1.148 2.01036
1.152 2.0094
1.156 2.00831
1.16 2.00711
1.164 2.00581
1.168 2.00537
1.172 2.00524
1.176 2.00497
1.18 2.00456
1.184 2.00401
1.188 2.00336
1.192 2.00258
1.196 2.00171
1.2 2.00074
1.204 1.99968
1.208 1.99854
1.212 1.99732
1.216 1.99603
1.22 1.99593
1.224 1.99652
1.228 1.99741
1.232 1.99815
1.236 1.99876
1.24 1.99999
1.244 2.00112
1.248 2.00211
1.252 2.00297
1.256 2.00369
1.26 2.0043
1.264 2.00479
1.268 2.00527
1.272 2.00566
1.276 2.00594
1.28 2.00612
1.284 2.00622
1.288 2.00659
1.292 2.00693
1.296 2.00728
1.3 2.00764
1.304 2.0079
1.308 2.00821
1.312 2.00849
1.316 2.00869
1.32 2.00883
1.324 2.00917
1.328 2.0095
1.332 2.00975
1.336 2.00992
1.34 2.01008
1.344 2.01031
1.348 2.01066
1.352 2.01096
1.356 2.01118
1.36 2.01134
1.364 2.01142
1.368 2.01144
1.372 2.0114
1.376 2.01129
1.38 2.01112
1.384 2.0109
1.388 2.01063
1.392 2.01031
1.396 2.01007
1.4 2.00979
1.404 2.00945
1.408 2.00919
1.412 2.0091
1.416 2.00896
1.42 2.00877
1.424 2.00852
1.428 2.00823
1.432 2.00797
1.436 2.00772
1.44 2.00742
1.444 2.00708
1.448 2.0067
1.452 2.00627
1.456 2.00581
1.46 2.0053
1.464 2.00476
1.468 2.00423
1.472 2.00373
1.476 2.0032
1.48 2.00277
1.484 2.00262
1.488 2.0025
1.492 2.00253
1.496 2.00263
1.5 2.00268
1.504 2.00269
1.508 2.00266
1.512 2.00268
1.516 2.00281
1.52 2.00301
1.524 2.00317
1.528 2.00328
1.532 2.00336
1.536 2.00339
1.54 2.00338
1.544 2.00334
1.548 2.00326
1.552 2.00314
1.556 2.00299
1.56 2.0028
1.564 2.00258
1.568 2.00233
1.572 2.00205
1.576 2.00173
1.58 2.00139
1.584 2.00102
1.588 2.00061
1.592 2.00019
1.596 1.99973
1.6 1.99933
1.604 1.99891
1.608 1.99846
1.612 1.99802
1.616 1.99756
1.62 1.99707
1.624 1.99656
1.628 1.99608
1.632 1.99571
1.636 1.99535
1.64 1.99498
1.644 1.99458
1.648 1.99424
1.652 1.99404
1.656 1.99383
1.66 1.99359
1.664 1.99332
1.668 1.99309
1.672 1.99289
1.676 1.99265
1.68 1.99242
1.684 1.99228
1.688 1.99224
1.692 1.99218
1.696 1.99212
1.7 1.99205
1.704 1.99194
1.708 1.9919
1.712 1.99184
1.716 1.99181
1.72 1.99177
1.724 1.99171
1.728 1.99162
1.732 1.99151
1.736 1.99137
1.74 1.99124
1.744 1.99109
1.748 1.99091
1.752 1.99077
1.756 1.99061
1.76 1.99044
1.764 1.99024
1.768 1.99002
1.772 1.98977
1.776 1.98955
1.78 1.98932
1.784 1.98908
1.788 1.98896
1.792 1.98891
1.796 1.98886
1.8 1.98878
1.804 1.98877
1.808 1.98874
1.812 1.98869
1.816 1.98864
1.82 1.98857
1.824 1.98852
1.828 1.98851
1.832 1.98849
1.836 1.98844
1.84 1.98838
1.844 1.9883
1.848 1.98819
1.852 1.98807
1.856 1.98793
1.86 1.98777
1.864 1.98759
1.868 1.9874
1.872 1.98719
1.876 1.98696
1.88 1.98671
1.884 1.98645
1.888 1.98617
1.892 1.98589
1.896 1.98563
1.9 1.98535
1.904 1.98506
1.908 1.9848
1.912 1.98452
1.916 1.98426
1.92 1.98409
1.924 1.9839
1.928 1.98369
1.932 1.98348
1.936 1.98329
1.94 1.98308
1.944 1.98298
1.948 1.98298
1.952 1.98301
1.956 1.98303
1.96 1.98305
1.964 1.98305
1.968 1.98308
1.972 1.98309
1.976 1.98311
1.98 1.98315
1.984 1.98317
1.988 1.9832
1.992 1.98323
1.996 1.98324
2 1.98332
2.004 1.98341
2.008 1.98349
2.012 1.98356
2.016 1.98361
2.02 1.98364
2.024 1.98366
2.028 1.98369
2.032 1.98373
2.036 1.98376
2.04 1.98377
2.044 1.98377
2.048 1.98376
2.052 1.98372
2.056 1.98369
2.06 1.98365
2.064 1.98359
2.068 1.98352
2.072 1.98344
2.076 1.98346
2.08 1.98364
2.084 1.9838
2.088 1.98398
2.092 1.98428
2.096 1.98479
2.1 1.9853
2.104 1.9858
2.108 1.98628
2.112 1.98677
2.116 1.98724
2.12 1.9877
2.124 1.98814
2.128 1.98858
2.132 1.989
2.136 1.98941
2.14 1.98982
2.144 1.99021
2.148 1.99058
2.152 1.99093
2.156 1.99129
2.16 1.99165
2.164 1.9921
2.168 1.99254
2.172 1.99295
2.176 1.99336
2.18 1.99374
2.184 1.99415
2.188 1.99456
2.192 1.99497
2.196 1.99535
2.2 1.99572
2.204 1.99608
2.208 1.99643
2.212 1.99679
2.216 1.99713
2.22 1.99745
2.224 1.99776
2.228 1.99806
2.232 1.99834
2.236 1.99861
2.24 1.99887
2.244 1.99911
2.248 1.99934
2.252 1.99961
2.256 1.9999
2.26 2.00017
2.264 2.00044
2.268 2.00073
2.272 2.001
2.276 2.00126
2.28 2.00152
2.284 2.00178
2.288 2.00203
2.292 2.00227
2.296 2.00249
2.3 2.00273
2.304 2.00298
2.308 2.00322
2.312 2.00345
2.316 2.00367
2.32 2.00387
2.324 2.00406
2.328 2.00424
2.332 2.00441
2.336 2.00457
2.34 2.00471
2.344 2.00484
2.348 2.00501
2.352 2.00519
2.356 2.00539
2.36 2.00559
2.364 2.00579
2.368 2.00599
2.372 2.0062
2.376 2.0064
2.38 2.00659
2.384 2.00678
2.388 2.00699
2.392 2.00719
2.396 2.00737
2.4 2.00761
2.404 2.00789
2.408 2.00818
2.412 2.00845
2.416 2.00873
2.42 2.00902
2.424 2.00929
2.428 2.00957
2.432 2.00985
2.436 2.01012
2.44 2.01038
2.444 2.01065
2.448 2.01091
2.452 2.01118
2.456 2.01146
2.46 2.01174
2.464 2.012
2.468 2.01225
2.472 2.01249
2.476 2.01273
2.48 2.01295
2.484 2.01317
2.488 2.01338
2.492 2.01358
2.496 2.01379
2.5 2.01401
2.504 2.01424
2.508 2.01449
2.512 2.01472
2.516 2.01497
2.52 2.01522
2.524 2.01548
2.528 2.01573
2.532 2.01597
2.536 2.0162
2.54 2.01643
2.544 2.01668
2.548 2.01695
2.552 2.01724
2.556 2.01752
2.56 2.01779
2.564 2.01805
2.568 2.0183
2.572 2.01855
2.576 2.01879
2.58 2.01906
2.584 2.01934
2.588 2.01961
2.592 2.01987
2.596 2.02012
2.6 2.02036
2.604 2.0206
2.608 2.02082
2.612 2.02103
2.616 2.02126
2.62 2.0215
2.624 2.02173
2.628 2.02198
2.632 2.02221
2.636 2.02245
2.64 2.02275
2.644 2.02307
2.648 2.0234
2.652 2.02377
2.656 2.02414
2.66 2.02451
2.664 2.02487
2.668 2.02523
2.672 2.02559
2.676 2.02594
2.68 2.02628
2.684 2.02661
2.688 2.02694
2.692 2.02725
2.696 2.02756
2.7 2.02785
2.704 2.02816
2.708 2.02845
2.712 2.02874
2.716 2.02902
2.72 2.02932
2.724 2.02963
2.728 2.02993
2.732 2.03024
2.736 2.03056
2.74 2.03087
2.744 2.03117
2.748 2.03146
2.752 2.0318
2.756 2.03215
2.76 2.03251
2.764 2.03289
2.768 2.03325
2.772 2.03361
2.776 2.03397
2.78 2.03431
2.784 2.03465
2.788 2.03498
2.792 2.0353
2.796 2.03563
2.8 2.03596
2.804 2.03631
2.808 2.03664
2.812 2.03697
2.816 2.03729
2.82 2.03762
2.824 2.03793
2.828 2.03825
2.832 2.03855
2.836 2.03884
2.84 2.03913
2.844 2.03941
2.848 2.03972
2.852 2.04002
2.856 2.04031
2.86 2.04061
2.864 2.0409
2.868 2.04119
2.872 2.04146
2.876 2.04173
2.88 2.04199
2.884 2.04225
2.888 2.04251
2.892 2.04276
2.896 2.04301
2.9 2.04326
2.904 2.04352
2.908 2.04382
2.912 2.04414
2.916 2.04446
2.92 2.04479
2.924 2.04516
2.928 2.04553
2.932 2.0459
2.936 2.04626
2.94 2.04663
2.944 2.04699
2.948 2.04735
2.952 2.0477
2.956 2.04805
2.96 2.04839
2.964 2.04872
2.968 2.04906
2.972 2.04939
2.976 2.04971
2.98 2.05003
2.984 2.05034
2.988 2.05065
2.992 2.05096
2.996 2.05127
3 2.05157
3.004 2.05187
3.008 2.05217
3.012 2.05245
3.016 2.05274
3.02 2.05305
3.024 2.05335
3.028 2.05365
3.032 2.05394
3.036 2.05422
3.04 2.0545
3.044 2.05478
3.048 2.05505
3.052 2.05532
3.056 2.05559
3.06 2.05584
3.064 2.05612
3.068 2.05639
3.072 2.05666
3.076 2.05692
3.08 2.05718
3.084 2.05743
3.088 2.05768
3.092 2.05793
3.096 2.05818
3.1 2.05842
3.104 2.05866
3.108 2.05892
3.112 2.05918
3.116 2.05943
3.12 2.05968
3.124 2.05992
3.128 2.06015
3.132 2.06038
3.136 2.0606
3.14 2.06083
3.144 2.06105
3.148 2.06127
3.152 2.06148
3.156 2.06169
3.16 2.06188
3.164 2.06208
3.168 2.06227
3.172 2.06246
3.176 2.06265
3.18 2.06284
3.184 2.06303
3.188 2.06322
3.192 2.06342
3.196 2.06364
3.2 2.06386
3.204 2.06408
3.208 2.06432
3.212 2.06455
3.216 2.06478
3.22 2.065
3.224 2.06522
3.228 2.06543
3.232 2.06569
3.236 2.06601
3.24 2.06634
3.244 2.06666
3.248 2.06698
3.252 2.06729
3.256 2.0676
3.26 2.0679
3.264 2.06821
3.268 2.06851
3.272 2.06881
3.276 2.06912
3.28 2.06942
3.284 2.06971
3.288 2.07
3.292 2.0703
3.296 2.07061
3.3 2.07093
3.304 2.07124
3.308 2.07155
3.312 2.07185
3.316 2.07214
3.32 2.07243
3.324 2.07273
3.328 2.07303
3.332 2.07333
3.336 2.07362
3.34 2.0739
3.344 2.07418
3.348 2.07446
3.352 2.07473
3.356 2.07499
3.36 2.07526
3.364 2.07553
3.368 2.07581
3.372 2.07609
3.376 2.07636
3.38 2.07663
3.384 2.0769
3.388 2.07718
3.392 2.07746
3.396 2.07774
3.4 2.07804
3.404 2.07833
3.408 2.07861
3.412 2.07889
3.416 2.07916
3.42 2.07943
3.424 2.0797
3.428 2.07997
3.432 2.08023
3.436 2.08049
3.44 2.08076
3.444 2.08104
3.448 2.08135
3.452 2.08165
3.456 2.08195
3.46 2.08224
3.464 2.08253
3.468 2.08282
3.472 2.08312
3.476 2.08342
3.48 2.08373
3.484 2.08403
3.488 2.08434
3.492 2.08467
3.496 2.085
3.5 2.08533
3.504 2.08566
3.508 2.086
3.512 2.08633
3.516 2.08667
3.52 2.087
3.524 2.08732
3.528 2.08765
3.532 2.08796
3.536 2.08828
3.54 2.08859
3.544 2.08896
3.548 2.08933
3.552 2.08973
3.556 2.09012
3.56 2.09051
3.564 2.09089
3.568 2.09127
3.572 2.09164
3.576 2.09201
3.58 2.09237
3.584 2.09272
3.588 2.09308
3.592 2.09343
3.596 2.0938
3.6 2.09415
3.604 2.09451
3.608 2.09486
3.612 2.09521
3.616 2.09555
3.62 2.09589
3.624 2.09622
3.628 2.09658
3.632 2.09693
3.636 2.09727
3.64 2.09762
3.644 2.09795
3.648 2.09829
3.652 2.09864
3.656 2.09898
3.66 2.09933
3.664 2.09969
3.668 2.10004
3.672 2.10039
3.676 2.10073
3.68 2.10107
3.684 2.1014
3.688 2.10173
3.692 2.10206
3.696 2.10237
3.7 2.10269
3.704 2.10301
3.708 2.10332
3.712 2.10363
3.716 2.10394
3.72 2.10425
3.724 2.10457
3.728 2.10495
3.732 2.10537
3.736 2.10578
3.74 2.10619
3.744 2.10659
3.748 2.10699
3.752 2.10739
3.756 2.10778
3.76 2.10817
3.764 2.10857
3.768 2.10896
3.772 2.10935
3.776 2.10974
3.78 2.11013
3.784 2.11053
3.788 2.11093
3.792 2.11133
3.796 2.11172
3.8 2.11211
3.804 2.1125
3.808 2.11288
3.812 2.11326
3.816 2.11364
3.82 2.11401
3.824 2.11438
3.828 2.11475
3.832 2.11511
3.836 2.11547
3.84 2.11582
3.844 2.11618
3.848 2.11653
3.852 2.11688
3.856 2.11723
3.86 2.11758
3.864 2.11792
3.868 2.11827
3.872 2.11861
3.876 2.11897
3.88 2.11933
3.884 2.11968
3.888 2.12002
3.892 2.12039
3.896 2.12076
3.9 2.12113
3.904 2.12149
3.908 2.12186
3.912 2.12223
3.916 2.12258
3.92 2.12294
3.924 2.12329
3.928 2.12365
3.932 2.12401
3.936 2.12437
3.94 2.12472
3.944 2.12507
3.948 2.12542
3.952 2.12577
3.956 2.12613
3.96 2.12649
3.964 2.12685
3.968 2.12721
3.972 2.12756
3.976 2.12791
3.98 2.12826
3.984 2.1286
3.988 2.12894
3.992 2.12927
3.996 2.1296
4 2.12993
4.004 2.13026
4.008 2.13058
4.012 2.1309
4.016 2.13123
4.02 2.13158
4.024 2.13192
4.028 2.13225
4.032 2.13259
4.036 2.13292
4.04 2.13324
4.044 2.13356
4.048 2.13389
4.052 2.13422
4.056 2.13455
4.06 2.13487
4.064 2.13519
4.068 2.13551
4.072 2.13582
4.076 2.13613
4.08 2.13644
4.084 2.13676
4.088 2.13707
4.092 2.13738
4.096 2.13768
4.1 2.13799
4.104 2.13829
4.108 2.13859
4.112 2.13889
4.116 2.13921
4.12 2.13952
4.124 2.13983
4.128 2.14015
4.132 2.14048
4.136 2.1408
4.14 2.14112
4.144 2.14144
4.148 2.14175
4.152 2.14209
4.156 2.14244
4.16 2.14279
4.164 2.14315
4.168 2.1435
4.172 2.14385
4.176 2.14419
4.18 2.14453
4.184 2.14487
4.188 2.1452
4.192 2.14553
4.196 2.14587
4.2 2.14621
4.204 2.14654
4.208 2.14687
4.212 2.1472
4.216 2.14752
4.22 2.14784
4.224 2.14816
4.228 2.14847
4.232 2.1488
4.236 2.14916
4.24 2.14951
4.244 2.14988
4.248 2.15024
4.252 2.15059
4.256 2.15094
4.26 2.1513
4.264 2.15165
4.268 2.152
4.272 2.15235
4.276 2.15272
4.28 2.15309
4.284 2.15346
4.288 2.15383
4.292 2.15419
4.296 2.15456
4.3 2.15493
4.304 2.1553
4.308 2.15566
4.312 2.15602
4.316 2.15637
4.32 2.15672
4.324 2.15707
4.328 2.15741
4.332 2.15775
4.336 2.15809
4.34 2.15842
4.344 2.15875
4.348 2.15909
4.352 2.15941
4.356 2.15974
4.36 2.16006
4.364 2.16038
4.368 2.16069
4.372 2.16102
4.376 2.16134
4.38 2.16169
4.384 2.16206
4.388 2.16242
4.392 2.16278
4.396 2.16314
4.4 2.16351
4.404 2.16387
4.408 2.16423
4.412 2.16461
4.416 2.165
4.42 2.16539
4.424 2.16578
4.428 2.16616
4.432 2.16654
4.436 2.16692
4.44 2.16729
4.444 2.16766
4.448 2.16803
4.452 2.16839
4.456 2.16875
4.46 2.16911
4.464 2.16947
4.468 2.16982
4.472 2.17017
4.476 2.17052
4.48 2.17087
4.484 2.17121
4.488 2.17156
4.492 2.1719
4.496 2.17224
4.5 2.17259
4.504 2.17293
4.508 2.17328
4.512 2.17363
4.516 2.17397
4.52 2.17432
4.524 2.17466
4.528 2.175
4.532 2.17534
4.536 2.17568
4.54 2.17601
4.544 2.17635
4.548 2.17667
4.552 2.177
4.556 2.17734
4.56 2.17768
4.564 2.17801
4.568 2.17835
4.572 2.17869
4.576 2.17902
4.58 2.17935
4.584 2.17968
4.588 2.18001
4.592 2.18035
4.596 2.18069
4.6 2.18103
4.604 2.18137
4.608 2.18171
4.612 2.18205
4.616 2.18239
4.62 2.18273
4.624 2.18307
4.628 2.18341
4.632 2.18374
4.636 2.18408
4.64 2.18441
4.644 2.18475
4.648 2.18508
4.652 2.18541
4.656 2.18573
4.66 2.18605
4.664 2.18637
4.668 2.18669
4.672 2.18701
4.676 2.18732
4.68 2.18763
4.684 2.18794
4.688 2.18825
4.692 2.18856
4.696 2.18887
4.7 2.18919
4.704 2.1895
4.708 2.1898
4.712 2.1901
4.716 2.19041
4.72 2.1907
4.724 2.19101
4.728 2.1913
4.732 2.1916
4.736 2.19189
4.74 2.19218
4.744 2.19247
4.748 2.19275
4.752 2.19304
4.756 2.19332
4.76 2.19361
4.764 2.1939
4.768 2.19419
4.772 2.19447
4.776 2.19476
4.78 2.19505
4.784 2.19533
4.788 2.19562
4.792 2.1959
4.796 2.19619
4.8 2.19647
4.804 2.19675
4.808 2.19702
4.812 2.1973
4.816 2.19758
4.82 2.19786
4.824 2.19814
4.828 2.19843
4.832 2.19871
4.836 2.19899
4.84 2.19926
4.844 2.19955
4.848 2.19985
4.852 2.20015
4.856 2.20044
4.86 2.20074
4.864 2.20104
4.868 2.20133
4.872 2.20164
4.876 2.20197
4.88 2.20229
4.884 2.20262
4.888 2.20295
4.892 2.20327
4.896 2.20361
4.9 2.20394
4.904 2.20428
4.908 2.20461
4.912 2.20495
4.916 2.20528
4.92 2.2056
4.924 2.20593
4.928 2.20625
4.932 2.20657
4.936 2.20688
4.94 2.2072
4.944 2.20751
4.948 2.20781
4.952 2.20812
4.956 2.20843
4.96 2.20873
4.964 2.20905
4.968 2.20937
4.972 2.2097
4.976 2.21003
4.98 2.21036
4.984 2.21068
4.988 2.211
4.992 2.21133
4.996 2.21196
