0 0
50000 1.38601
100000 2.99334
150000 4.75007
200000 6.5118
250000 8.31878
300000 10.13
350000 12.0042
400000 13.9178
450000 15.8766
500000 17.8197
550000 19.7268
600000 21.6869
650000 23.718
700000 25.9586
750000 28.197
800000 30.3661
850000 32.6724
900000 34.9178
950000 37.1943
1000000 39.4495
1050000 41.78
1100000 44.1791
1150000 46.5906
1200000 48.7754
1250000 50.9454
1300000 53.2145
1350000 55.4147
1400000 57.6411
1450000 59.8662
1500000 62.282
1550000 64.6482
1600000 67.0077
1650000 69.3735
1700000 71.86
1750000 74.3469
1800000 76.6866
1850000 79.0083
1900000 81.2868
1950000 83.5393
2000000 85.8948
2050000 88.2783
2100000 90.6747
2150000 93.0944
2200000 95.5794
2250000 97.8211
2300000 99.5408
2350000 101.012
2400000 102.718
2450000 104.402
2500000 106.169
2550000 107.789
2600000 109.327
2650000 110.692
2700000 112.317
2750000 113.827
2800000 115.48
2850000 117.104
2900000 118.863
2950000 120.666
3000000 122.549
3050000 124.352
3100000 126.16
3150000 128.028
3200000 129.997
3250000 132.013
3300000 133.974
3350000 135.889
3400000 137.875
3450000 139.856
3500000 141.738
3550000 143.648
3600000 145.563
3650000 147.232
3700000 148.827
3750000 150.144
3800000 151.301
3850000 152.582
3900000 153.868
3950000 155.239
4000000 156.753
4050000 158.406
4100000 159.592
4150000 160.787
4200000 162.118
4250000 163.465
4300000 164.759
4350000 166.165
4400000 167.632
4450000 169.073
4500000 170.653
4550000 172.264
4600000 173.714
4650000 175.25
4700000 176.734
4750000 178.063
4800000 179.574
4850000 181.151
4900000 182.558
4950000 183.72
5000000 185.03
5050000 186.089
5100000 187.165
5150000 188.371
5200000 189.513
5250000 190.833
5300000 191.837
5350000 192.991
5400000 194.22
5450000 195.354
5500000 196.642
5550000 197.869
5600000 199.198
5650000 200.516
5700000 201.784
5750000 202.97
5800000 204.383
5850000 205.782
5900000 207.37
5950000 208.922
6000000 210.55
6050000 212.269
6100000 213.935
6150000 215.562
6200000 217.292
6250000 219.165
6300000 220.973
6350000 222.775
6400000 224.569
6450000 226.366
6500000 228.252
6550000 230.139
6600000 232.045
6650000 234.107
6700000 235.785
6750000 237.29
6800000 238.451
6850000 239.726
6900000 241.005
6950000 242.181
7000000 243.417
7050000 244.619
7100000 245.842
7150000 246.905
7200000 247.9
7250000 248.773
7300000 249.675
7350000 250.485
7400000 251.268
7450000 252.035
7500000 252.74
7550000 253.652
7600000 254.533
7650000 255.397
7700000 256.489
7750000 257.312
7800000 258.378
7850000 259.432
7900000 260.413
7950000 261.484
8000000 262.497
8050000 263.612
8100000 264.679
8150000 265.845
8200000 267.031
8250000 268.294
8300000 269.536
8350000 270.769
8400000 272.123
8450000 273.377
8500000 274.685
8550000 276.101
8600000 277.419
8650000 278.79
8700000 279.964
8750000 280.931
8800000 281.928
8850000 282.93
8900000 283.89
8950000 284.891
9000000 286.076
9050000 287.194
9100000 288.243
9150000 289.466
9200000 290.747
9250000 292.007
9300000 293.259
9350000 294.421
9400000 295.665
9450000 297.08
9500000 298.397
9550000 299.707
9600000 301.197
9650000 302.803
9700000 304.491
9750000 306.036
9800000 307.8
9850000 309.482
9900000 311.266
9950000 313.079
10000000 314.854
10050000 316.69
10100000 318.535
10150000 320.35
10200000 322.084
10250000 323.893
10300000 325.79
10350000 327.634
10400000 329.474
10450000 331.271
10500000 333.182
10550000 335.137
10600000 337.048
10650000 338.967
10700000 340.916
10750000 342.906
10800000 344.981
10850000 347.058
10900000 349.316
10950000 351.546
11000000 353.757
11050000 356.009
11100000 358.236
11150000 360.438
11200000 362.651
11250000 364.862
11300000 366.947
11350000 368.939
11400000 370.924
11450000 373.003
11500000 375.041
11550000 376.969
11600000 379.092
11650000 381.157
11700000 383.228
11750000 385.299
11800000 387.249
11850000 389.429
11900000 391.482
11950000 393.733
12000000 395.902
12050000 398.069
12100000 400.399
12150000 402.516
12200000 404.718
12250000 406.702
12300000 408.894
12350000 410.929
12400000 412.995
12450000 415.255
12500000 417.59
12550000 419.942
12600000 422.293
12650000 424.698
12700000 426.837
12750000 428.746
12800000 430.582
12850000 432.343
12900000 434.127
12950000 435.718
13000000 437.489
13050000 439.372
13100000 441.119
13150000 442.678
13200000 444.112
13250000 445.509
13300000 446.978
13350000 448.422
13400000 449.745
13450000 451.105
13500000 452.206
13550000 453.471
13600000 454.813
13650000 456.151
13700000 457.518
13750000 458.848
13800000 460.152
13850000 461.531
13900000 462.959
13950000 464.422
14000000 465.583
14050000 466.703
14100000 467.936
14150000 469.114
14200000 470.05
14250000 471.055
14300000 472.012
14350000 472.88
14400000 473.77
14450000 474.709
14500000 475.8
14550000 476.765
14600000 477.831
14650000 478.585
14700000 479.172
14750000 479.691
14800000 480.352
14850000 480.935
14900000 481.501
14950000 482.156
15000000 482.807
15050000 483.496
15100000 484.155
15150000 484.995
15200000 485.892
15250000 486.766
15300000 487.664
15350000 488.387
15400000 489.066
15450000 489.295
15500000 489.581
15550000 489.882
15600000 490.235
15650000 490.379
15700000 490.068
15750000 489.767
15800000 489.532
15850000 489.45
15900000 489.044
15950000 488.608
16000000 488.067
16050000 487.785
16100000 487.282
16150000 486.772
16200000 486.323
16250000 486.052
16300000 485.769
16350000 485.416
16400000 485.149
16450000 484.738
16500000 484.256
16550000 483.917
16600000 483.604
16650000 483.289
16700000 482.875
16750000 482.599
16800000 482.238
16850000 481.717
16900000 481.387
16950000 481.077
17000000 480.877
17050000 480.466
17100000 480.207
17150000 479.986
17200000 479.509
17250000 479.04
17300000 478.706
17350000 478.406
17400000 478.13
17450000 477.753
17500000 477.504
17550000 477.234
17600000 477.167
17650000 476.921
17700000 476.882
17750000 476.651
17800000 476.499
17850000 476.383
17900000 476.29
17950000 476.116
18000000 475.687
18050000 475.232
18100000 474.884
18150000 474.694
18200000 474.407
18250000 473.961
18300000 473.345
18350000 472.78
18400000 472.348
18450000 471.998
18500000 471.661
18550000 471.381
18600000 471.126
18650000 470.772
18700000 470.303
18750000 469.567
18800000 469.111
18850000 468.675
18900000 468.175
18950000 467.746
19000000 467.301
19050000 466.878
19100000 466.562
19150000 466.207
19200000 466.066
19250000 465.816
19300000 465.574
19350000 465.337
19400000 465.084
19450000 464.893
19500000 464.64
19550000 464.556
19600000 464.494
19650000 464.447
19700000 464.458
19750000 464.311
19800000 464.185
19850000 464.063
19900000 464.014
19950000 464.049
20000000 464.008
20050000 463.799
20100000 463.771
20150000 463.717
20200000 463.631
20250000 463.585
20300000 463.591
20350000 463.749
20400000 463.831
20450000 463.873
20500000 463.85
20550000 463.772
20600000 463.77
20650000 463.911
20700000 464.138
20750000 464.372
20800000 464.633
20850000 464.864
20900000 465.4
20950000 465.904
21000000 466.473
21050000 467.177
21100000 467.803
21150000 468.429
21200000 469.183
21250000 469.964
21300000 470.652
21350000 471.406
21400000 472.061
21450000 472.613
21500000 473.204
21550000 473.831
21600000 474.473
21650000 475.099
21700000 475.759
21750000 476.336
21800000 476.861
21850000 477.495
21900000 478.217
21950000 478.904
22000000 479.53
22050000 480.213
22100000 480.963
22150000 481.662
22200000 482.273
22250000 482.87
22300000 483.557
22350000 484.169
22400000 484.721
22450000 485.374
22500000 485.988
22550000 486.774
22600000 487.53
22650000 488.293
22700000 489.044
22750000 489.83
22800000 490.493
22850000 491.167
22900000 491.896
22950000 492.462
23000000 493.118
23050000 493.793
23100000 494.31
23150000 494.923
23200000 495.567
23250000 496.316
23300000 497.204
23350000 498.195
23400000 499.216
23450000 500.354
23500000 501.302
23550000 502.178
23600000 503.116
23650000 503.837
23700000 504.45
23750000 505.041
23800000 505.534
23850000 505.946
23900000 506.232
23950000 506.44
24000000 506.439
24050000 506.41
24100000 506.369
24150000 506.515
24200000 506.695
24250000 506.733
24300000 506.626
24350000 506.439
24400000 506.395
24450000 506.217
24500000 506.169
24550000 506.068
24600000 506.071
24650000 506.134
24700000 505.937
24750000 505.847
24800000 505.788
24850000 505.733
24900000 505.633
24950000 505.62
25000000 505.49
25050000 505.144
25100000 504.735
25150000 504.358
25200000 503.839
25250000 503.243
25300000 502.778
25350000 502.279
25400000 501.818
25450000 501.368
25500000 501.341
25550000 501.268
25600000 501.172
25650000 501.044
25700000 500.978
25750000 500.985
25800000 500.928
25850000 501.028
25900000 501.036
25950000 500.986
26000000 500.99
26050000 500.896
26100000 500.662
26150000 500.464
26200000 500.229
26250000 499.999
26300000 499.641
26350000 499.285
26400000 499.124
26450000 498.784
26500000 498.359
26550000 498.074
26600000 497.785
26650000 497.41
26700000 496.878
26750000 496.411
26800000 495.81
26850000 495.155
26900000 494.522
26950000 494.053
27000000 493.606
27050000 493.089
27100000 492.589
27150000 492.181
27200000 491.708
27250000 491.321
27300000 491.124
27350000 491.001
27400000 490.932
27450000 490.75
27500000 490.773
27550000 490.749
27600000 490.765
27650000 490.866
27700000 490.88
27750000 491
27800000 491.21
27850000 491.273
27900000 491.353
27950000 491.409
28000000 491.581
28050000 491.764
28100000 491.921
28150000 492.08
28200000 492.327
28250000 492.6
28300000 492.841
28350000 493.022
28400000 493.139
28450000 493.369
28500000 493.528
28550000 493.746
28600000 493.953
28650000 494.345
28700000 494.662
28750000 494.958
28800000 495.291
28850000 495.641
28900000 495.955
28950000 496.45
29000000 496.841
29050000 497.251
29100000 497.748
29150000 498.031
29200000 498.264
29250000 498.381
29300000 498.482
29350000 498.543
29400000 498.65
29450000 498.619
29500000 498.708
29550000 498.858
29600000 498.988
29650000 499.059
29700000 499.242
29750000 498.887
29800000 498.367
29850000 497.908
29900000 497.466
29950000 496.957
30000000 496.457
30050000 496.045
30100000 495.539
30150000 495.218
30200000 494.717
30250000 494.294
30300000 493.933
30350000 493.447
30400000 492.991
30450000 492.44
30500000 491.884
30550000 491.396
30600000 490.934
30650000 490.523
30700000 490.013
30750000 489.468
30800000 489.124
30850000 488.638
30900000 488.121
30950000 487.706
31000000 487.347
31050000 487
31100000 486.647
31150000 486.373
31200000 485.862
31250000 485.419
31300000 484.79
31350000 484.216
31400000 483.666
31450000 483.123
31500000 482.447
31550000 481.797
31600000 481.322
31650000 481.169
31700000 481.064
31750000 480.973
31800000 480.875
31850000 480.778
31900000 480.696
31950000 480.638
32000000 480.783
32050000 480.82
32100000 480.955
32150000 481.025
32200000 481.076
32250000 481.14
32300000 480.978
32350000 480.853
32400000 480.638
32450000 480.387
32500000 480.075
32550000 479.788
32600000 479.698
32650000 479.603
32700000 479.626
32750000 479.509
32800000 479.563
32850000 479.574
32900000 479.575
32950000 479.639
33000000 479.708
33050000 479.693
33100000 479.715
33150000 479.789
33200000 479.905
33250000 479.99
33300000 480.072
33350000 479.984
33400000 479.904
33450000 479.831
33500000 479.821
33550000 479.847
33600000 479.91
33650000 479.895
33700000 479.864
33750000 479.953
33800000 480.033
33850000 480.123
33900000 480.238
33950000 480.409
34000000 480.391
34050000 480.144
34100000 479.928
34150000 479.711
34200000 479.416
34250000 479.184
34300000 479.017
34350000 478.831
34400000 478.687
34450000 478.603
34500000 478.453
34550000 478.346
34600000 478.227
34650000 478.121
34700000 477.992
34750000 477.712
34800000 477.47
34850000 477.13
34900000 476.846
34950000 476.573
35000000 476.265
35050000 476.046
35100000 476.031
35150000 476.137
35200000 476.19
35250000 476.297
35300000 476.424
35350000 476.441
35400000 476.622
35450000 476.678
35500000 476.705
35550000 476.828
35600000 477.002
35650000 477.099
35700000 477.211
35750000 477.393
35800000 477.528
35850000 477.646
35900000 477.8
35950000 478.011
36000000 478.157
36050000 478.28
36100000 478.483
36150000 478.67
36200000 479.021
36250000 479.306
36300000 479.257
36350000 479.074
36400000 478.991
36450000 478.896
36500000 479.106
36550000 479.224
36600000 479.39
36650000 479.507
36700000 479.575
36750000 479.567
36800000 479.525
36850000 479.631
36900000 479.668
36950000 479.697
37000000 479.786
37050000 479.973
37100000 480.182
37150000 480.316
37200000 480.284
37250000 480.429
37300000 480.348
37350000 480.233
37400000 480.213
37450000 480.127
37500000 480.126
37550000 480.111
37600000 480.13
37650000 480.144
37700000 479.955
37750000 479.717
37800000 479.436
37850000 479.183
37900000 478.95
37950000 478.724
38000000 478.595
38050000 478.402
38100000 478.2
38150000 478.068
38200000 477.94
38250000 477.821
38300000 477.637
38350000 477.444
38400000 477.432
38450000 477.344
38500000 477.322
38550000 477.223
38600000 477.179
38650000 477.107
38700000 477.155
38750000 477.207
38800000 477.215
38850000 477.221
38900000 477.27
38950000 477.325
39000000 477.34
39050000 477.397
39100000 477.523
39150000 477.806
39200000 477.698
39250000 477.567
39300000 477.443
39350000 477.388
39400000 477.3
39450000 477.137
39500000 477.085
39550000 477.017
39600000 476.886
39650000 476.619
39700000 476.28
39750000 475.938
39800000 475.675
39850000 475.414
39900000 475.171
39950000 474.981
40000000 474.794
40050000 474.537
40100000 474.384
40150000 474.163
40200000 474.034
40250000 473.869
40300000 473.599
40350000 473.42
40400000 473.252
40450000 473.073
40500000 472.983
40550000 472.897
40600000 472.806
40650000 472.729
40700000 472.663
40750000 472.495
40800000 472.341
40850000 472.33
40900000 472.273
40950000 472.133
41000000 472.046
41050000 471.983
41100000 471.873
41150000 471.726
41200000 471.462
41250000 471.278
41300000 471.102
41350000 470.915
41400000 470.742
41450000 470.576
41500000 470.502
41550000 470.289
41600000 469.981
41650000 469.666
41700000 469.328
41750000 468.885
41800000 468.359
41850000 467.886
41900000 467.44
41950000 466.972
42000000 466.557
42050000 466.118
42100000 465.717
42150000 465.235
42200000 464.804
42250000 464.354
42300000 463.812
42350000 463.218
42400000 462.626
42450000 462.011
42500000 461.415
42550000 460.786
42600000 460.138
42650000 459.598
42700000 459.095
42750000 458.549
42800000 458.083
42850000 457.518
42900000 457.018
42950000 456.597
43000000 456.225
43050000 455.99
43100000 455.919
43150000 455.817
43200000 455.767
43250000 455.702
43300000 455.579
43350000 455.556
43400000 455.649
43450000 455.77
43500000 455.887
43550000 456.02
43600000 456.134
43650000 456.311
43700000 456.632
43750000 457.073
43800000 457.52
43850000 457.957
43900000 458.399
43950000 458.887
44000000 459.444
44050000 460.017
44100000 460.561
44150000 460.857
44200000 461.227
44250000 461.555
44300000 461.946
44350000 462.206
44400000 462.599
44450000 463.001
44500000 463.375
44550000 463.709
44600000 464.108
44650000 464.514
44700000 464.929
44750000 465.387
44800000 465.684
44850000 466.009
44900000 466.309
44950000 466.686
45000000 467.072
45050000 467.539
45100000 468.028
45150000 468.514
45200000 469.031
45250000 469.619
45300000 470.101
45350000 470.432
45400000 470.791
45450000 471.141
45500000 471.505
45550000 471.915
45600000 472.465
45650000 473.028
45700000 473.519
45750000 473.983
45800000 474.54
45850000 475.219
45900000 476.028
45950000 476.819
46000000 477.647
46050000 478.368
46100000 479.211
46150000 480.038
46200000 480.917
46250000 481.811
46300000 482.623
46350000 483.555
46400000 484.402
46450000 485.04
46500000 485.731
46550000 486.382
46600000 486.954
46650000 487.607
46700000 488.213
46750000 488.756
46800000 489.234
46850000 489.326
46900000 489.49
46950000 489.757
47000000 490.093
47050000 490.493
47100000 490.865
47150000 491.21
47200000 491.603
47250000 492.09
47300000 492.462
47350000 492.999
47400000 493.459
47450000 494.015
47500000 494.633
47550000 495.162
47600000 495.545
47650000 495.857
47700000 496.086
47750000 496.395
47800000 496.728
47850000 496.938
47900000 497.341
47950000 497.612
48000000 497.759
48050000 498.006
48100000 498.16
48150000 498.363
48200000 498.612
48250000 498.891
48300000 499.116
48350000 499.338
48400000 499.443
48450000 499.618
48500000 499.844
48550000 499.992
48600000 500.167
48650000 500.301
48700000 500.432
48750000 500.506
48800000 500.759
48850000 501.034
48900000 501.29
48950000 501.575
49000000 501.891
49050000 502.148
49100000 502.314
49150000 502.603
49200000 502.804
49250000 502.97
49300000 503.119
49350000 503.331
49400000 503.584
49450000 503.807
49500000 503.97
49550000 504.182
49600000 504.337
49650000 504.37
49700000 504.454
49750000 504.543
49800000 504.647
49850000 504.757
49900000 504.895
49950000 504.851
