0 0
50000 3.28141
100000 6.55294
150000 9.53595
200000 12.4974
250000 15.7012
300000 18.2029
350000 20.4647
400000 22.0848
450000 23.2765
500000 24.2704
550000 25.4753
600000 26.8311
650000 28.3322
700000 29.6221
750000 30.5567
800000 31.0389
850000 31.202
900000 30.8537
950000 30.5567
1000000 30.4114
1050000 30.2054
1100000 29.4483
1150000 29.2198
1200000 28.7726
1250000 28.17
1300000 27.6169
1350000 27.4089
1400000 27.9289
1450000 28.4575
1500000 28.5571
1550000 28.7685
1600000 28.7364
1650000 28.8731
1700000 29.2595
1750000 29.7505
1800000 30.2799
1850000 30.8949
1900000 31.1898
1950000 31.8898
2000000 32.6827
2050000 33.7893
2100000 34.4628
2150000 35.2208
2200000 36.115
2250000 36.7763
2300000 37.1951
2350000 37.3328
2400000 37.8124
2450000 37.9756
2500000 38.056
2550000 37.943
2600000 38.1236
2650000 38.0889
2700000 37.7906
2750000 37.6164
2800000 37.4105
2850000 37.5059
2900000 37.9257
2950000 38.2552
3000000 38.5205
3050000 39.0716
3100000 39.512
3150000 39.6409
3200000 40.0289
3250000 40.3034
3300000 40.6093
3350000 41.0909
3400000 42.1752
3450000 43.212
3500000 44.0645
3550000 44.9876
3600000 46.0819
3650000 46.983
3700000 47.7164
3750000 48.4242
3800000 48.7635
3850000 48.7794
3900000 49.0117
3950000 49.3813
4000000 49.9188
4050000 50.5239
4100000 51.0329
4150000 51.5315
4200000 52.0448
4250000 52.5901
4300000 53.1948
4350000 53.698
4400000 54.4551
4450000 55.1323
4500000 55.9206
4550000 56.8186
4600000 57.559
4650000 58.2842
4700000 58.9632
4750000 59.9286
4800000 61.0226
4850000 61.9129
4900000 62.8419
4950000 63.6055
5000000 64.315
5050000 65.0321
5100000 65.958
5150000 66.7082
5200000 67.4397
5250000 68.0831
5300000 68.5504
5350000 69.1084
5400000 69.5196
5450000 69.9822
5500000 70.3761
5550000 70.7813
5600000 70.9075
5650000 71.1625
5700000 71.255
5750000 71.1632
5800000 71.0557
5850000 71.5278
5900000 71.9371
5950000 72.3019
6000000 72.5172
6050000 72.373
6100000 72.2037
6150000 72.1749
6200000 72.2829
6250000 72.4156
6300000 72.514
6350000 72.4769
6400000 72.3685
6450000 72.3515
6500000 72.3809
6550000 72.2921
6600000 72.3324
6650000 72.1694
6700000 72.2641
6750000 72.3333
6800000 72.5081
6850000 72.2645
6900000 72.2416
6950000 72.3016
7000000 72.3587
7050000 72.6698
7100000 73.0838
7150000 73.2487
7200000 73.5675
7250000 73.8222
7300000 74.1574
7350000 74.3382
7400000 74.7729
7450000 75.2095
7500000 75.6108
7550000 75.9918
7600000 76.4071
7650000 77.0632
7700000 77.4479
7750000 77.5788
7800000 77.5403
7850000 77.7826
7900000 77.942
7950000 77.9708
8000000 78.2591
8050000 78.5006
8100000 78.8561
8150000 78.7836
8200000 78.8055
8250000 78.7329
8300000 78.8629
8350000 78.6561
8400000 78.4228
8450000 78.2929
8500000 78.1596
8550000 77.9668
8600000 77.9629
8650000 77.9044
8700000 77.8956
8750000 77.9575
8800000 77.976
8850000 77.8748
8900000 77.5164
8950000 77.2104
9000000 76.9183
9050000 76.7972
9100000 76.4587
9150000 76.2321
9200000 76.182
9250000 76.2238
9300000 76.244
9350000 76.0124
9400000 75.7446
9450000 75.3621
9500000 75.1915
9550000 75.0708
9600000 75.022
9650000 75.0395
9700000 75.1358
9750000 74.9843
9800000 74.5985
9850000 74.3266
9900000 74.3072
9950000 74.5252
10000000 74.6303
10050000 74.6989
10100000 74.9772
10150000 74.9222
10200000 74.7251
10250000 74.6858
10300000 74.5232
10350000 74.5626
10400000 74.6543
10450000 74.7665
10500000 74.7898
10550000 74.8701
10600000 74.8947
10650000 74.8784
10700000 74.9108
10750000 74.9612
10800000 74.8786
10850000 74.4585
10900000 73.7421
10950000 73.0686
11000000 72.5274
11050000 72.0379
11100000 71.6643
11150000 71.3427
11200000 71.1965
11250000 70.9426
11300000 70.7671
11350000 70.5888
11400000 70.4624
11450000 70.3225
11500000 70.2554
11550000 70.2318
11600000 70.0773
11650000 69.9741
11700000 69.8432
11750000 69.8503
11800000 69.8089
11850000 69.6898
11900000 69.5499
11950000 69.3253
12000000 69.1847
12050000 69.0009
12100000 68.9005
12150000 68.9399
12200000 69.096
12250000 69.234
12300000 69.1403
12350000 69.0305
12400000 68.9099
12450000 68.7441
12500000 68.5406
12550000 68.2761
12600000 67.6842
12650000 67.2966
12700000 67.0872
12750000 66.9019
12800000 66.9037
12850000 66.9674
12900000 67.1266
12950000 67.2826
13000000 67.5466
13050000 67.8961
13100000 68.2046
13150000 68.437
13200000 68.5886
13250000 68.825
13300000 68.859
13350000 68.9478
13400000 68.7611
13450000 68.5742
13500000 68.2197
13550000 68.0422
13600000 67.6177
13650000 67.2315
13700000 66.7864
13750000 66.4907
13800000 66.2024
13850000 65.9384
13900000 65.8818
13950000 65.7875
14000000 65.7737
14050000 65.7012
14100000 65.6541
14150000 65.7734
14200000 65.9028
14250000 66.159
14300000 66.3893
14350000 66.6248
14400000 66.7871
14450000 67.1051
14500000 67.2849
14550000 67.2395
14600000 67.1672
14650000 67.0478
14700000 66.8206
14750000 66.5241
14800000 66.3039
14850000 66.1728
14900000 66.1268
14950000 66.1431
15000000 66.0876
15050000 66.1522
15100000 66.1892
15150000 66.31
15200000 66.4155
15250000 66.7525
15300000 67.1696
15350000 67.693
15400000 68.1661
15450000 68.5635
15500000 69.0776
15550000 69.6345
15600000 70.1344
15650000 70.5436
15700000 70.9566
15750000 71.2969
15800000 71.7267
15850000 72.2319
15900000 72.4233
15950000 72.4871
16000000 72.7583
16050000 73.1775
16100000 73.5532
16150000 73.7732
16200000 73.8659
16250000 73.9653
16300000 74.2088
16350000 74.459
16400000 74.6846
16450000 74.91
16500000 74.9651
16550000 74.9824
16600000 75.2676
16650000 75.5803
16700000 75.6765
16750000 75.761
16800000 75.9589
16850000 76.2613
16900000 76.4786
16950000 76.7483
17000000 76.9683
17050000 77.3244
17100000 77.6485
17150000 77.8975
17200000 78.3198
17250000 78.7148
17300000 79.1395
17350000 79.5664
17400000 79.9039
17450000 80.0458
17500000 80.0953
17550000 80.1606
17600000 79.991
17650000 79.8069
17700000 79.5556
17750000 79.435
17800000 79.3396
17850000 79.2912
17900000 79.0858
17950000 79.0516
18000000 79.1244
18050000 79.1479
18100000 79.1692
18150000 79.1579
18200000 79.271
18250000 79.3049
18300000 79.3764
18350000 79.3898
18400000 79.3571
18450000 79.492
18500000 79.5521
18550000 79.6181
18600000 79.687
18650000 79.4378
18700000 79.3237
18750000 79.1663
18800000 79.0429
18850000 78.9592
18900000 78.8037
18950000 78.33
19000000 77.932
19050000 77.3936
19100000 76.8888
19150000 76.2256
19200000 75.7242
19250000 75.3039
19300000 74.9718
19350000 74.7786
19400000 74.7151
19450000 74.606
19500000 74.4668
19550000 74.2529
19600000 73.9599
19650000 73.6849
19700000 73.3507
19750000 73.0052
19800000 72.3835
19850000 71.7666
19900000 71.0112
19950000 70.4883
20000000 70.0409
20050000 69.5639
20100000 69.197
20150000 68.7684
20200000 68.3586
20250000 67.953
20300000 67.6562
20350000 67.177
20400000 66.7522
20450000 66.2939
20500000 65.7747
20550000 65.375
20600000 65.0947
20650000 64.846
20700000 64.5463
20750000 64.2308
20800000 63.9966
20850000 63.7671
20900000 63.5247
20950000 63.2007
21000000 62.7777
21050000 62.409
21100000 61.985
21150000 61.5309
21200000 61.2109
21250000 60.8313
21300000 60.3871
21350000 60.0253
21400000 59.6917
21450000 59.4128
21500000 59.3118
21550000 59.2608
21600000 59.3958
21650000 59.5058
21700000 59.4924
21750000 59.5413
21800000 59.508
21850000 59.3752
21900000 59.3475
21950000 59.2648
22000000 59.2463
22050000 59.1544
22100000 59.1088
22150000 59.0468
22200000 58.8865
22250000 58.6818
22300000 58.4931
22350000 58.5556
22400000 58.656
22450000 58.5993
22500000 58.63
22550000 58.6294
22600000 58.5895
22650000 58.5548
22700000 58.5587
22750000 58.5198
22800000 58.6124
22850000 58.7635
22900000 59.0581
22950000 59.5108
23000000 59.881
23050000 59.9879
23100000 59.9413
23150000 59.9747
23200000 60.0088
23250000 59.8891
23300000 59.925
23350000 59.9549
23400000 59.9259
23450000 59.8081
23500000 59.881
23550000 60.0698
23600000 60.2895
23650000 60.4147
23700000 60.4969
23750000 60.4945
23800000 60.5382
23850000 60.5285
23900000 60.4782
23950000 60.5286
24000000 60.772
24050000 61.0354
24100000 61.2934
24150000 61.5445
24200000 61.8259
24250000 62.1815
24300000 62.6538
24350000 63.0117
24400000 63.3832
24450000 63.8872
24500000 64.4359
24550000 64.8216
24600000 65.2591
24650000 65.6486
24700000 65.911
24750000 66.203
24800000 66.2372
24850000 66.1822
24900000 65.9618
24950000 65.8285
25000000 65.8099
25050000 65.7871
25100000 65.813
25150000 65.8359
25200000 65.7979
25250000 65.8452
25300000 65.7155
25350000 65.6154
25400000 65.4536
25450000 65.2838
25500000 65.1439
25550000 64.9173
25600000 64.81
25650000 64.8451
25700000 64.8151
25750000 64.7963
25800000 64.8107
25850000 64.8451
25900000 64.7483
25950000 64.6117
26000000 64.5153
26050000 64.391
26100000 64.2113
26150000 64.1203
26200000 64.0678
26250000 64.0658
26300000 64.0767
26350000 64.0926
26400000 64.0937
26450000 64.0864
26500000 64.0587
26550000 64.0905
26600000 63.9891
26650000 63.9358
26700000 63.9148
26750000 64.0409
26800000 64.0791
26850000 64.1336
26900000 64.1506
26950000 64.1003
27000000 64.0649
27050000 64.1185
27100000 64.2026
27150000 64.326
27200000 64.3719
27250000 64.4439
27300000 64.5198
27350000 64.5897
27400000 64.8637
27450000 64.9731
27500000 65.0517
27550000 65.0001
27600000 64.7344
27650000 64.4866
27700000 64.4527
27750000 64.3441
27800000 64.2836
27850000 64.1826
27900000 64.1097
27950000 64.1586
28000000 64.1594
28050000 63.8609
28100000 63.4992
28150000 63.2307
28200000 62.9911
28250000 62.845
28300000 62.7399
28350000 62.6626
28400000 62.4364
28450000 62.2439
28500000 62.1341
28550000 62.0147
28600000 61.9547
28650000 61.878
28700000 61.7773
28750000 61.7227
28800000 61.7657
28850000 61.7044
28900000 61.5975
28950000 61.4594
29000000 61.2715
29050000 61.1076
29100000 60.9654
29150000 60.9317
29200000 60.9286
29250000 60.9372
29300000 60.867
29350000 60.8583
29400000 60.9365
29450000 61.2056
29500000 61.5249
29550000 61.7315
29600000 61.9895
29650000 62.0858
29700000 62.241
29750000 62.3658
29800000 62.5625
29850000 62.7658
29900000 62.9121
29950000 62.8889
30000000 62.7613
30050000 62.5824
30100000 62.4754
30150000 62.419
30200000 62.5023
30250000 62.5687
30300000 62.5965
30350000 62.5747
30400000 62.5662
30450000 62.5262
30500000 62.4975
30550000 62.5107
30600000 62.4247
30650000 62.364
30700000 62.3097
30750000 62.2113
30800000 62.2314
30850000 62.3241
30900000 62.3513
30950000 62.2901
31000000 62.3617
31050000 62.4665
31100000 62.5837
31150000 62.6865
31200000 62.8847
31250000 62.9967
31300000 63.2038
31350000 63.3754
31400000 63.537
31450000 63.7155
31500000 63.8964
31550000 63.9382
31600000 63.9536
31650000 63.9546
31700000 63.8527
31750000 63.9288
31800000 63.9727
31850000 63.9361
31900000 63.8631
31950000 63.7671
32000000 63.6776
32050000 63.595
32100000 63.5487
32150000 63.4376
32200000 63.4209
32250000 63.4835
32300000 63.5863
32350000 63.7173
32400000 63.7368
32450000 63.7536
32500000 63.6604
32550000 63.594
32600000 63.494
32650000 63.2875
32700000 63.0993
32750000 63.0674
32800000 63.0067
32850000 62.9461
32900000 62.9518
32950000 62.8902
33000000 62.8883
33050000 62.8583
33100000 62.8347
33150000 62.7512
33200000 62.6652
33250000 62.55
33300000 62.3339
33350000 62.1418
33400000 61.9934
33450000 61.9213
33500000 62.0236
33550000 62.063
33600000 62.0842
33650000 62.2679
33700000 62.5151
33750000 62.7086
33800000 62.8893
33850000 63.0252
33900000 63.1793
33950000 63.3338
34000000 63.4669
34050000 63.7698
34100000 64.0691
34150000 64.2419
34200000 64.462
34250000 64.6131
34300000 64.7877
34350000 64.9654
34400000 65.1561
34450000 65.2456
34500000 65.3845
34550000 65.4454
34600000 65.479
34650000 65.547
34700000 65.7001
34750000 65.7085
34800000 65.7235
34850000 65.8947
34900000 66.0043
34950000 66.0466
35000000 66.109
35050000 66.141
35100000 66.1769
35150000 66.2545
35200000 66.3043
35250000 66.3812
35300000 66.5132
35350000 66.6951
35400000 66.9604
35450000 67.2333
35500000 67.3694
35550000 67.5512
35600000 67.6893
35650000 67.802
35700000 67.9853
35750000 68.078
35800000 68.1797
35850000 68.2422
35900000 68.2969
35950000 68.3025
36000000 68.3865
36050000 68.5152
36100000 68.5036
36150000 68.4488
36200000 68.3847
36250000 68.3056
36300000 68.3054
36350000 68.366
36400000 68.4314
36450000 68.4627
36500000 68.5469
36550000 68.6556
36600000 68.7753
36650000 68.9301
36700000 69.1848
36750000 69.4256
36800000 69.661
36850000 69.924
36900000 70.1675
36950000 70.3644
37000000 70.7585
37050000 71.0277
37100000 71.3384
37150000 71.6735
37200000 71.8923
37250000 71.9876
37300000 71.9797
37350000 72.0143
37400000 72.0986
37450000 72.0922
37500000 72.0577
37550000 71.9936
37600000 71.9939
37650000 72.0965
37700000 72.2136
37750000 72.3152
37800000 72.4609
37850000 72.4983
37900000 72.5149
37950000 72.5486
38000000 72.4487
38050000 72.3997
38100000 72.4718
38150000 72.6049
38200000 72.7205
38250000 72.8679
38300000 72.9598
38350000 72.9703
38400000 73.0179
38450000 73.0606
38500000 73.1512
38550000 73.1566
38600000 73.3151
38650000 73.5569
38700000 73.7352
38750000 73.8694
38800000 74.0786
38850000 74.3065
38900000 74.5729
38950000 74.8899
39000000 75.188
39050000 75.4346
39100000 75.7893
39150000 76.0455
39200000 76.2555
39250000 76.4911
39300000 76.7115
39350000 76.9265
39400000 77.1024
39450000 77.3129
39500000 77.5447
39550000 77.6897
39600000 77.9272
39650000 78.0762
39700000 78.2096
39750000 78.2933
39800000 78.2234
39850000 78.1021
39900000 78.0219
39950000 77.839
40000000 77.6465
40050000 77.5333
40100000 77.5256
40150000 77.5015
40200000 77.4947
40250000 77.5663
40300000 77.5404
40350000 77.4748
40400000 77.2684
40450000 77.0146
40500000 76.9355
40550000 76.8644
40600000 76.7535
40650000 76.6941
40700000 76.6021
40750000 76.3169
40800000 76.0806
40850000 75.8516
40900000 75.7103
40950000 75.7014
41000000 75.7311
41050000 75.8328
41100000 75.9144
41150000 76.0101
41200000 76.0895
41250000 76.1738
41300000 76.239
41350000 76.348
41400000 76.4234
41450000 76.5122
41500000 76.7731
41550000 76.9639
41600000 77.1173
41650000 77.2505
41700000 77.3675
41750000 77.3869
41800000 77.4414
41850000 77.3789
41900000 77.3037
41950000 77.2074
42000000 76.983
42050000 76.7861
42100000 76.7046
42150000 76.6885
42200000 76.8124
42250000 77.0865
42300000 77.4431
42350000 77.7548
42400000 78.0627
42450000 78.3968
42500000 78.745
42550000 78.9503
42600000 79.2454
42650000 79.4359
42700000 79.5676
42750000 79.6388
42800000 79.7246
42850000 79.8217
42900000 79.9424
42950000 80.2074
43000000 80.402
43050000 80.5679
43100000 80.8945
43150000 81.1996
43200000 81.4489
43250000 81.4916
43300000 81.5384
43350000 81.5627
43400000 81.6407
43450000 81.7264
43500000 81.8641
43550000 82.0618
43600000 82.2838
43650000 82.5166
43700000 82.7671
43750000 83.0516
43800000 83.2596
43850000 83.4373
43900000 83.5297
43950000 83.6751
44000000 83.7851
44050000 83.7878
44100000 83.741
44150000 83.6615
44200000 83.4874
44250000 83.4589
44300000 83.4778
44350000 83.6581
44400000 83.9317
44450000 84.1777
44500000 84.429
44550000 84.628
44600000 84.9311
44650000 85.2074
44700000 85.5035
44750000 85.8166
44800000 86.1839
44850000 86.5614
44900000 86.9589
44950000 87.3131
45000000 87.6266
45050000 87.9897
45100000 88.3215
45150000 88.6516
45200000 88.9067
45250000 89.1062
45300000 89.257
45350000 89.334
45400000 89.4616
45450000 89.6176
45500000 89.6829
45550000 89.7567
45600000 89.8359
45650000 89.9119
45700000 89.9321
45750000 89.9611
45800000 89.9499
45850000 89.8063
45900000 89.643
45950000 89.4726
46000000 89.1406
46050000 88.7401
46100000 88.3991
46150000 88.0697
46200000 87.7127
46250000 87.2983
46300000 86.8928
46350000 86.5176
46400000 86.2423
46450000 86.0364
46500000 85.7536
46550000 85.486
46600000 85.2019
46650000 85.0999
46700000 85.0002
46750000 84.889
46800000 84.8495
46850000 84.8286
46900000 84.777
46950000 84.5361
47000000 84.3005
47050000 84.0826
47100000 83.8643
47150000 83.6586
47200000 83.4829
47250000 83.2849
47300000 83.1345
47350000 83.0359
47400000 82.9413
47450000 82.8786
47500000 82.7829
47550000 82.7473
47600000 82.7201
47650000 82.728
47700000 82.7239
47750000 82.7467
47800000 82.8227
47850000 82.9443
47900000 82.9685
47950000 82.8963
48000000 82.8891
48050000 82.8708
48100000 82.8002
48150000 82.8087
48200000 82.8127
48250000 82.849
48300000 82.7863
48350000 82.892
48400000 83.1755
48450000 83.4476
48500000 83.6714
48550000 83.8489
48600000 84.0252
48650000 84.1065
48700000 84.032
48750000 83.9292
48800000 83.7919
48850000 83.7556
48900000 83.7406
48950000 83.6629
49000000 83.5464
49050000 83.4038
49100000 83.257
49150000 83.0617
49200000 82.9219
49250000 82.7577
49300000 82.5811
49350000 82.4956
49400000 82.3034
49450000 81.9976
49500000 81.7491
49550000 81.5584
49600000 81.2805
49650000 81.0513
49700000 80.8563
49750000 80.802
49800000 80.7804
49850000 80.8202
49900000 80.8859
49950000 80.9605
