0 0
50000 8.06004
100000 9.04012
150000 8.89203
200000 9.08306
250000 9.17994
300000 8.31874
350000 8.19043
400000 8.18183
450000 8.41472
500000 8.4344
550000 7.89459
600000 8.99431
650000 8.86766
700000 9.56961
750000 10.5901
800000 10.6834
850000 11.1717
900000 11.0393
950000 11.3411
1000000 11.1778
1050000 11.1896
1100000 10.6888
1150000 10.5445
1200000 10.6863
1250000 10.818
1300000 11.3672
1350000 10.8172
1400000 10.6912
1450000 10.2279
1500000 10.1979
1550000 10.147
1600000 9.49947
1650000 9.79194
1700000 10.4313
1750000 10.3295
1800000 10.4786
1850000 10.1201
1900000 9.85827
1950000 9.10238
2000000 9.08953
2050000 9.63183
2100000 10.1013
2150000 10.2753
2200000 10.1395
2250000 10.5393
2300000 10.7705
2350000 11.053
2400000 10.8398
2450000 10.992
2500000 10.833
2550000 11.0921
2600000 11.0596
2650000 10.9903
2700000 11.2072
2750000 10.7324
2800000 10.5968
2850000 9.94972
2900000 9.81003
2950000 9.60436
3000000 9.79738
3050000 9.61091
3100000 9.26425
3150000 9.20136
3200000 9.16995
3250000 8.88875
3300000 8.77558
3350000 8.99427
3400000 9.12469
3450000 9.35415
3500000 9.79035
3550000 9.97092
3600000 9.9769
3650000 10.3773
3700000 10.6651
3750000 10.8027
3800000 11.1833
3850000 11.5913
3900000 12.2771
3950000 12.2373
4000000 12.5346
4050000 12.2132
4100000 12.2007
4150000 12.705
4200000 12.9238
4250000 12.8984
4300000 12.8301
4350000 12.6189
4400000 12.8902
4450000 12.6451
4500000 12.5988
4550000 12.786
4600000 13.083
4650000 12.9308
4700000 13.2278
4750000 13.168
4800000 13.0295
4850000 12.8129
4900000 12.9205
4950000 12.7631
5000000 13.0796
5050000 12.7364
5100000 12.5641
5150000 12.4097
5200000 12.2873
5250000 11.948
5300000 11.952
5350000 12.0938
5400000 12.185
5450000 13.1042
5500000 13.5648
5550000 13.6727
5600000 13.529
5650000 13.4942
5700000 13.1226
5750000 12.748
5800000 12.4639
5850000 12.3074
5900000 12.5505
5950000 12.9387
6000000 13.1352
6050000 13.065
6100000 13.0503
6150000 13.0022
6200000 12.8041
6250000 12.9719
6300000 12.9602
6350000 13.3186
6400000 13.3506
6450000 13.2026
6500000 13.4697
6550000 13.8147
6600000 13.8679
6650000 14.2345
6700000 14.5603
6750000 14.5777
6800000 14.2942
6850000 14.0431
6900000 13.877
6950000 13.6147
7000000 13.5555
7050000 13.4841
7100000 13.5691
7150000 13.6042
7200000 13.5711
7250000 13.565
7300000 13.4284
7350000 13.7483
7400000 13.9819
7450000 13.9705
7500000 14.1781
7550000 14.3205
7600000 14.3748
7650000 14.5027
7700000 14.6047
7750000 14.645
7800000 14.4461
7850000 14.2633
7900000 14.5266
7950000 14.4236
8000000 14.1674
8050000 13.9177
8100000 13.9353
8150000 13.5319
8200000 13.3368
8250000 13.0664
8300000 12.6896
8350000 12.7535
8400000 12.7239
8450000 12.7349
8500000 12.734
8550000 12.5556
8600000 12.6983
8650000 12.8374
8700000 12.8899
8750000 12.7851
8800000 12.4742
8850000 12.397
8900000 12.5111
8950000 12.6681
9000000 12.6663
9050000 12.6576
9100000 12.257
9150000 12.274
9200000 12.3092
9250000 12.2871
9300000 12.2733
9350000 12.187
9400000 11.9718
9450000 11.7678
9500000 11.85
9550000 12.0448
9600000 12.1047
9650000 11.9839
9700000 12.1315
9750000 12.1141
9800000 12.0176
9850000 12.0833
9900000 11.9239
9950000 11.831
10000000 11.7613
10050000 11.9341
10100000 12.1961
10150000 12.5619
10200000 12.6447
10250000 12.7603
10300000 12.5766
10350000 12.5276
10400000 12.5077
10450000 12.5114
10500000 12.7843
10550000 12.7705
10600000 12.7874
10650000 12.8506
10700000 13.2648
10750000 13.4816
10800000 13.4053
10850000 13.2175
10900000 12.9666
10950000 12.9606
11000000 12.8798
11050000 12.9013
11100000 12.727
11150000 12.5759
11200000 12.4467
11250000 12.4342
11300000 12.6726
11350000 12.7736
11400000 12.7241
11450000 12.4389
11500000 12.558
11550000 12.7204
11600000 12.3282
11650000 12.2938
11700000 12.5561
11750000 12.6656
11800000 12.5212
11850000 12.6039
11900000 12.6805
11950000 12.8699
12000000 12.8638
12050000 12.8664
12100000 13.0089
12150000 13.2798
12200000 13.717
12250000 14.1413
12300000 14.0116
12350000 14.2021
12400000 14.2228
12450000 14.511
12500000 14.5041
12550000 14.5336
12600000 14.5231
12650000 14.3597
12700000 14.1544
12750000 13.9432
12800000 13.8363
12850000 13.8947
12900000 13.8825
12950000 13.8731
13000000 13.8797
13050000 13.9001
13100000 13.9023
13150000 13.9083
13200000 13.7744
13250000 13.7269
13300000 13.8635
13350000 14.0208
13400000 14.0586
13450000 13.8621
13500000 13.6361
13550000 13.2894
13600000 13.0076
13650000 13.0287
13700000 13.0387
13750000 12.8822
13800000 13.1539
13850000 13.4223
13900000 13.4836
13950000 13.4522
14000000 13.6532
14050000 13.7321
14100000 13.6435
14150000 13.5129
14200000 13.4017
14250000 13.6313
14300000 14.0302
14350000 14.1129
14400000 14.3585
14450000 14.4004
14500000 14.2547
14550000 14.1152
14600000 13.9928
14650000 14.0487
14700000 13.8426
14750000 13.8301
14800000 13.8706
14850000 14.0655
14900000 13.9956
14950000 13.9992
15000000 14.2396
15050000 14.3872
15100000 14.5064
15150000 14.4825
15200000 14.4468
15250000 14.2231
15300000 14.0132
15350000 13.6163
15400000 13.6132
15450000 13.6987
15500000 13.7599
15550000 13.7424
15600000 13.6915
15650000 13.8062
15700000 13.8425
15750000 13.7014
15800000 13.7044
15850000 13.5804
15900000 13.2631
15950000 13.183
16000000 13.2652
16050000 13.1447
16100000 13.255
16150000 13.315
16200000 13.3645
16250000 13.2542
16300000 13.3657
16350000 13.4762
16400000 13.5993
16450000 13.6212
16500000 13.6396
16550000 13.7962
16600000 13.6694
16650000 13.6436
16700000 13.4998
16750000 13.598
16800000 13.6177
16850000 13.5237
16900000 13.5877
16950000 13.4788
17000000 13.5072
17050000 13.4731
17100000 13.4898
17150000 13.616
17200000 13.538
17250000 13.3849
17300000 13.4053
17350000 13.4692
17400000 13.5844
17450000 13.8204
17500000 14.0452
17550000 14.0386
17600000 14.0281
17650000 14.029
17700000 14.0639
17750000 13.9787
17800000 14.0422
17850000 14.0196
17900000 14.0463
17950000 14.0033
18000000 14.1288
18050000 14.0366
18100000 13.9453
18150000 13.8907
18200000 13.9282
18250000 14.104
18300000 14.26
18350000 14.4199
18400000 14.442
18450000 14.5412
18500000 14.5916
18550000 14.9334
18600000 14.9079
18650000 14.9002
18700000 14.8576
18750000 15.1068
18800000 15.1737
18850000 15.1921
18900000 15.4657
18950000 15.6192
19000000 15.9426
19050000 16.1712
19100000 16.2693
19150000 16.1305
19200000 16.0619
19250000 16.2522
19300000 16.2327
19350000 16.2787
19400000 16.2129
19450000 16.0361
19500000 15.9256
19550000 15.8353
19600000 15.6544
19650000 15.5904
19700000 15.4013
19750000 15.2282
19800000 15.097
19850000 15.0367
19900000 15.0969
19950000 15.0579
20000000 15.0482
20050000 15.0341
20100000 14.9823
20150000 14.8726
20200000 15.0121
20250000 15.0725
20300000 15.156
20350000 15.2692
20400000 14.9832
20450000 15.2209
20500000 15.4941
20550000 15.6193
20600000 15.5505
20650000 15.5519
20700000 15.7668
20750000 16.0074
20800000 16.0039
20850000 16.1809
20900000 16.1794
20950000 16.0224
21000000 16.2429
21050000 16.3483
21100000 16.2925
21150000 16.2148
21200000 16.0564
21250000 15.8168
21300000 15.8451
21350000 15.7438
21400000 15.8966
21450000 15.9316
21500000 15.7992
21550000 15.7268
21600000 15.7464
21650000 15.8007
21700000 15.5828
21750000 15.5359
21800000 15.8441
21850000 15.9678
21900000 15.943
21950000 15.9903
22000000 15.9229
22050000 15.9814
22100000 16.0381
22150000 16.0678
22200000 16.0063
22250000 16.047
22300000 15.9116
22350000 15.8173
22400000 15.9084
22450000 15.9973
22500000 16.2045
22550000 16.3234
22600000 16.2639
22650000 16.2143
22700000 16.1552
22750000 16.1274
22800000 16.0031
22850000 15.7371
22900000 15.5718
22950000 15.4218
23000000 15.4682
23050000 15.524
23100000 15.5301
23150000 15.5014
23200000 15.4168
23250000 15.419
23300000 15.3913
23350000 15.491
23400000 15.6242
23450000 15.6929
23500000 15.6129
23550000 15.6427
23600000 15.5851
23650000 15.5338
23700000 15.3878
23750000 15.272
23800000 15.1995
23850000 15.2627
23900000 15.1847
23950000 15.2084
24000000 15.2964
24050000 15.1663
24100000 15.0995
24150000 15.2371
24200000 15.0769
24250000 14.8798
24300000 14.8302
24350000 14.7724
24400000 14.7318
24450000 14.8104
24500000 14.8876
24550000 14.9796
24600000 14.9301
24650000 14.8509
24700000 14.7786
24750000 14.7155
24800000 14.7792
24850000 14.8742
24900000 14.8061
24950000 14.8027
25000000 14.717
25050000 14.7818
25100000 14.8915
25150000 14.741
25200000 14.5167
25250000 14.2081
25300000 14.0473
25350000 13.8281
25400000 13.6834
25450000 13.7389
25500000 13.6271
25550000 13.4438
25600000 13.6167
25650000 13.5736
25700000 13.3946
25750000 13.4423
25800000 13.3638
25850000 13.338
25900000 13.1772
25950000 13.342
26000000 13.4013
26050000 13.3254
26100000 13.4043
26150000 13.4067
26200000 13.4105
26250000 13.2955
26300000 13.3581
26350000 13.2867
26400000 13.0446
26450000 13.1084
26500000 13.0011
26550000 13.0084
26600000 12.9719
26650000 12.9793
26700000 12.9182
26750000 12.9698
26800000 12.9574
26850000 12.9921
26900000 13.0006
26950000 12.9842
27000000 13.01
27050000 13.0546
27100000 12.9178
27150000 12.7499
27200000 12.6814
27250000 12.7022
27300000 12.7271
27350000 12.8463
27400000 12.9227
27450000 12.8894
27500000 12.8414
27550000 13.0349
27600000 13.0811
27650000 13.1826
27700000 13.3806
27750000 13.529
27800000 13.5943
27850000 13.6754
27900000 13.6153
27950000 13.6155
28000000 13.588
28050000 13.6308
28100000 13.6031
28150000 13.5698
28200000 13.5337
28250000 13.5382
28300000 13.4284
28350000 13.4368
28400000 13.3917
28450000 13.4838
28500000 13.6794
28550000 13.8253
28600000 13.7721
28650000 13.8187
28700000 13.8489
28750000 13.8752
28800000 13.9476
28850000 13.9687
28900000 14.0092
28950000 13.9989
29000000 14.1363
29050000 14.1132
29100000 14.1478
29150000 14.1267
29200000 14.2528
29250000 14.1311
29300000 14.026
29350000 13.9514
29400000 14.1179
29450000 14.0214
29500000 13.8589
29550000 13.7057
29600000 13.8006
29650000 13.8078
29700000 13.8292
29750000 14.035
29800000 14.1573
29850000 14.291
29900000 14.2085
29950000 14.2609
30000000 14.267
30050000 14.2306
30100000 14.2497
30150000 14.1303
30200000 13.9564
30250000 13.8963
30300000 13.8032
30350000 13.8031
30400000 13.8336
30450000 13.9417
30500000 14.0667
30550000 13.9706
30600000 14.0553
30650000 14.0292
30700000 13.9553
30750000 14.0657
30800000 14.0872
30850000 14.0472
30900000 13.9516
30950000 13.9755
31000000 14.0048
31050000 14.0086
31100000 14.0075
31150000 14.1159
31200000 14.1677
31250000 14.2382
31300000 14.2354
31350000 14.2349
31400000 14.3279
31450000 14.4929
31500000 14.4964
31550000 14.5929
31600000 14.4777
31650000 14.2225
31700000 14.2332
31750000 14.432
31800000 14.4674
31850000 14.4005
31900000 14.2397
31950000 14.3201
32000000 14.2369
32050000 14.4315
32100000 14.5975
32150000 14.4564
32200000 14.3907
32250000 14.3262
32300000 14.3163
32350000 14.3419
32400000 14.5002
32450000 14.4255
32500000 14.3412
32550000 14.313
32600000 14.2264
32650000 14.1069
32700000 14.0789
32750000 14.1225
32800000 14.0855
32850000 14.1582
32900000 14.1737
32950000 14.1037
33000000 14.0733
33050000 14.0252
33100000 13.8386
33150000 13.7056
33200000 13.6734
33250000 13.7117
33300000 13.9095
33350000 14.0557
33400000 13.9815
33450000 13.8884
33500000 13.8366
33550000 13.7301
33600000 13.6776
33650000 13.5701
33700000 13.7641
33750000 13.9049
33800000 13.7834
33850000 13.6957
33900000 13.5064
33950000 13.466
34000000 13.4728
34050000 13.4874
34100000 13.4575
34150000 13.3973
34200000 13.2619
34250000 13.2453
34300000 13.1389
34350000 13.1695
34400000 13.1739
34450000 13.1021
34500000 13.0025
34550000 12.8957
34600000 12.962
34650000 13.1347
34700000 13.2461
34750000 13.1461
34800000 13.1055
34850000 12.994
34900000 13.0159
34950000 13.1296
35000000 13.1661
35050000 13.0876
35100000 13.1767
35150000 13.1557
35200000 13.1617
35250000 13.1363
35300000 13.105
35350000 13.2901
35400000 13.3019
35450000 13.2477
35500000 13.2347
35550000 13.2418
35600000 13.3181
35650000 13.423
35700000 13.3386
35750000 13.3206
35800000 13.1786
35850000 13.1405
35900000 13.3226
35950000 13.2508
36000000 13.217
36050000 13.2139
36100000 13.2408
36150000 13.4233
36200000 13.6658
36250000 13.8345
36300000 13.8697
36350000 13.818
36400000 13.7506
36450000 13.7389
36500000 13.8245
36550000 13.9088
36600000 13.9978
36650000 14.0652
36700000 14.2028
36750000 14.2919
36800000 14.203
36850000 14.1155
36900000 13.9645
36950000 13.9108
37000000 13.9017
37050000 13.951
37100000 14.0378
37150000 13.9868
37200000 14.1418
37250000 14.216
37300000 14.3387
37350000 14.3249
37400000 14.4445
37450000 14.3815
37500000 14.4424
37550000 14.3352
37600000 14.264
37650000 14.4009
37700000 14.403
37750000 14.3982
37800000 14.4445
37850000 14.481
37900000 14.4701
37950000 14.3154
38000000 14.2702
38050000 14.1632
38100000 14.0685
38150000 14.0432
38200000 14.047
38250000 14.0003
38300000 13.9723
38350000 13.939
38400000 13.9558
38450000 14.0561
38500000 14.0598
38550000 14.0339
38600000 13.981
38650000 13.986
38700000 13.7771
38750000 13.6926
38800000 13.6856
38850000 13.5562
38900000 13.6236
38950000 13.6513
39000000 13.687
39050000 13.7252
39100000 13.7444
39150000 13.8306
39200000 13.8665
39250000 13.7111
39300000 13.8187
39350000 13.9231
39400000 13.8972
39450000 13.7666
39500000 13.7502
39550000 13.8605
39600000 13.886
39650000 13.9389
39700000 14.033
39750000 14.1461
39800000 14.1709
39850000 14.193
39900000 14.2403
39950000 14.1626
40000000 14.0321
40050000 14.0841
40100000 14.1591
40150000 14.2866
40200000 14.3537
40250000 14.3759
40300000 14.3703
40350000 14.5264
40400000 14.4936
40450000 14.5159
40500000 14.5334
40550000 14.5072
40600000 14.3782
40650000 14.2277
40700000 14.2192
40750000 14.2387
40800000 14.1724
40850000 14.0758
40900000 14.1131
40950000 14.1167
41000000 14.0881
41050000 14.1223
41100000 14.1759
41150000 14.2055
41200000 14.1756
41250000 14.0827
41300000 14.1267
41350000 14.0826
41400000 14.1355
41450000 14.1967
41500000 14.0675
41550000 14.0874
41600000 14.0333
41650000 14.0495
41700000 14.0035
41750000 14.1188
41800000 14.089
41850000 14.0812
41900000 13.951
41950000 13.9407
42000000 13.8357
42050000 13.8277
42100000 13.7878
42150000 13.8086
42200000 13.8987
42250000 13.9791
42300000 13.9632
42350000 13.9339
42400000 13.9102
42450000 13.7077
42500000 13.6822
42550000 13.533
42600000 13.4307
42650000 13.3356
42700000 13.1986
42750000 13.0258
42800000 13.0624
42850000 13.2096
42900000 13.3078
42950000 13.4766
43000000 13.4488
43050000 13.5221
43100000 13.5467
43150000 13.5665
43200000 13.4914
43250000 13.4818
43300000 13.3601
43350000 13.2161
43400000 13.1041
43450000 13.0451
43500000 13.0277
43550000 13.201
43600000 13.2353
43650000 12.9516
43700000 12.9003
43750000 12.879
43800000 12.9541
43850000 13.0485
43900000 13.0395
43950000 13.0272
44000000 12.7721
44050000 12.7213
44100000 12.5708
44150000 12.5252
44200000 12.5268
44250000 12.5317
44300000 12.5067
44350000 12.5155
44400000 12.5189
44450000 12.3369
44500000 12.2846
44550000 12.2341
44600000 12.299
44650000 12.3264
44700000 12.2362
44750000 12.2877
44800000 12.2541
44850000 12.2273
44900000 12.2815
44950000 12.2892
45000000 12.3607
45050000 12.363
45100000 12.4128
45150000 12.4613
45200000 12.5323
45250000 12.5729
45300000 12.3441
45350000 12.1923
45400000 12.2118
45450000 12.0872
45500000 12.1018
45550000 12.2092
45600000 12.2985
45650000 12.3384
45700000 12.3376
45750000 12.402
45800000 12.5038
45850000 12.5107
45900000 12.5335
45950000 12.4232
46000000 12.3226
46050000 12.3075
46100000 12.4019
46150000 12.3371
46200000 12.1502
46250000 12.0369
46300000 11.9812
46350000 11.9667
46400000 11.8225
46450000 11.8165
46500000 11.7881
46550000 11.8456
46600000 11.9736
46650000 11.9794
46700000 11.8328
46750000 11.8409
46800000 11.8957
46850000 11.9343
46900000 12.0079
46950000 11.9366
47000000 11.8515
47050000 11.8538
47100000 11.8285
47150000 11.863
47200000 11.8232
47250000 11.8237
47300000 11.8613
47350000 11.8356
47400000 11.7797
47450000 11.9189
47500000 12.1154
47550000 12.2046
47600000 12.2186
47650000 12.1436
47700000 12.1133
47750000 12.3113
47800000 12.4678
47850000 12.6206
47900000 12.6859
47950000 12.5176
48000000 12.4292
48050000 12.234
48100000 12.2148
48150000 12.1975
48200000 12.0673
48250000 12.0387
48300000 11.9981
48350000 11.9214
48400000 11.9227
48450000 11.8609
48500000 11.9779
48550000 11.9837
48600000 11.9506
48650000 11.7582
48700000 11.8091
48750000 11.8273
48800000 11.9329
48850000 12.0135
48900000 12.1306
48950000 12.2111
49000000 12.0801
49050000 12.0614
49100000 12.0684
49150000 12.1561
49200000 12.1587
49250000 12.065
49300000 12.0421
49350000 12.1175
49400000 12.1313
49450000 12.2183
49500000 12.2597
49550000 12.2367
49600000 12.3209
49650000 12.3593
49700000 12.2907
49750000 12.3535
49800000 12.415
49850000 12.3525
49900000 12.3003
49950000 12.1568
