0 0
50000 6.15669
100000 7.85785
150000 10.6941
200000 11.2097
250000 10.6402
300000 12.4408
350000 15.2258
400000 14.5387
450000 14.2507
500000 15.1334
550000 14.8632
600000 15.5664
650000 14.6381
700000 13.4615
750000 14.265
800000 15.2926
850000 16.1971
900000 16.2
950000 16.3779
1000000 16.4996
1050000 16.9257
1100000 16.8179
1150000 16.5505
1200000 15.8534
1250000 15.895
1300000 15.3753
1350000 14.9568
1400000 13.7056
1450000 13.5216
1500000 13.1309
1550000 13.1135
1600000 13.2796
1650000 12.5169
1700000 12.7657
1750000 12.8778
1800000 12.6632
1850000 11.9726
1900000 11.377
1950000 10.7933
2000000 10.1951
2050000 10.0546
2100000 9.75591
2150000 10.2254
2200000 10.4212
2250000 10.2268
2300000 10.2247
2350000 9.79419
2400000 9.44822
2450000 8.96658
2500000 9.11542
2550000 8.9368
2600000 8.83442
2650000 9.20037
2700000 8.75137
2750000 8.94951
2800000 9.18574
2850000 8.88081
2900000 8.90461
2950000 8.48046
3000000 8.30011
3050000 8.88961
3100000 8.87012
3150000 8.83442
3200000 8.54429
3250000 8.55797
3300000 8.51123
3350000 8.52752
3400000 8.45423
3450000 8.72404
3500000 8.47228
3550000 8.8367
3600000 8.90581
3650000 9.32463
3700000 9.15068
3750000 9.05202
3800000 9.3122
3850000 9.16054
3900000 9.27067
3950000 9.45699
4000000 9.54389
4050000 9.03547
4100000 8.81912
4150000 9.12936
4200000 9.38269
4250000 9.54919
4300000 9.57545
4350000 9.51475
4400000 10.0227
4450000 10.2056
4500000 10.1443
4550000 9.93971
4600000 9.8709
4650000 9.87841
4700000 10.2597
4750000 10.7132
4800000 10.6517
4850000 10.5871
4900000 10.5078
4950000 10.3183
5000000 10.0508
5050000 10.0194
5100000 9.95855
5150000 9.69999
5200000 9.74689
5250000 9.7275
5300000 9.74761
5350000 9.84071
5400000 9.82764
5450000 9.75445
5500000 9.6742
5550000 9.78565
5600000 10.0425
5650000 10.4873
5700000 10.6104
5750000 10.355
5800000 10.0108
5850000 9.83654
5900000 9.8029
5950000 9.94548
6000000 10.3934
6050000 10.4981
6100000 10.9058
6150000 11.0031
6200000 10.9181
6250000 10.9413
6300000 11.0525
6350000 11.2467
6400000 11.0727
6450000 10.7785
6500000 10.8861
6550000 10.7791
6600000 11.0953
6650000 11.187
6700000 11.192
6750000 10.934
6800000 11.0031
6850000 10.713
6900000 10.5507
6950000 10.3747
7000000 10.2511
7050000 9.96199
7100000 9.77974
7150000 9.89451
7200000 9.65867
7250000 9.64527
7300000 9.61958
7350000 9.75771
7400000 9.67254
7450000 9.61502
7500000 10.0515
7550000 10.2589
7600000 10.33
7650000 10.145
7700000 9.89346
7750000 9.89181
7800000 9.77279
7850000 9.49038
7900000 9.59647
7950000 9.49585
8000000 9.52432
8050000 9.66732
8100000 9.5295
8150000 9.45617
8200000 9.29083
8250000 9.53765
8300000 9.48857
8350000 9.55068
8400000 9.47714
8450000 9.36121
8500000 9.5405
8550000 9.60155
8600000 9.73965
8650000 10.1494
8700000 10.203
8750000 10.2246
8800000 10.5405
8850000 10.5807
8900000 10.5184
8950000 10.2616
9000000 10.0645
9050000 10.0362
9100000 9.8753
9150000 9.88745
9200000 9.7164
9250000 9.78211
9300000 9.7466
9350000 9.9407
9400000 10.0984
9450000 9.6841
9500000 9.35337
9550000 9.06656
9600000 8.79803
9650000 8.72265
9700000 8.66604
9750000 8.53999
9800000 8.78142
9850000 8.90358
9900000 8.77398
9950000 8.71251
10000000 8.69863
10050000 8.86535
10100000 9.02907
10150000 9.20238
10200000 9.09138
10250000 8.98444
10300000 9.15473
10350000 9.23436
10400000 9.14375
10450000 9.1935
10500000 9.29176
10550000 9.35151
10600000 9.33755
10650000 9.32605
10700000 9.43565
10750000 9.54896
10800000 9.82991
10850000 9.88853
10900000 9.76693
10950000 10.0458
11000000 10.1958
11050000 10.386
11100000 10.3053
11150000 10.3901
11200000 10.6344
11250000 10.681
11300000 10.6218
11350000 10.5394
11400000 10.4419
11450000 10.2774
11500000 10.1537
11550000 10.0873
11600000 10.1784
11650000 10.2854
11700000 10.5365
11750000 10.4378
11800000 10.2036
11850000 10.1272
11900000 10.1505
11950000 10.1167
12000000 10.1912
12050000 10.2276
12100000 10.412
12150000 10.4081
12200000 10.46
12250000 10.4676
12300000 10.4466
12350000 10.472
12400000 10.7311
12450000 10.8975
12500000 10.907
12550000 11.0738
12600000 11.0005
12650000 10.7792
12700000 11.0889
12750000 11.0674
12800000 11.0353
12850000 11.107
12900000 11.1133
12950000 11.4025
13000000 11.3791
13050000 11.466
13100000 11.6409
13150000 11.7778
13200000 11.4877
13250000 11.3097
13300000 11.3293
13350000 11.2856
13400000 11.2539
13450000 11.2893
13500000 11.3138
13550000 11.1002
13600000 11.0383
13650000 11.154
13700000 11.0871
13750000 11.0454
13800000 10.9326
13850000 10.7715
13900000 10.5549
13950000 10.4193
14000000 10.4643
14050000 10.5057
14100000 10.4502
14150000 10.5185
14200000 10.4682
14250000 10.4999
14300000 10.4882
14350000 10.4736
14400000 10.2918
14450000 10.2628
14500000 10.4101
14550000 10.4342
14600000 10.4601
14650000 10.3248
14700000 10.2654
14750000 10.4693
14800000 10.5165
14850000 10.5233
14900000 10.5157
14950000 10.3128
15000000 10.0803
15050000 10.113
15100000 10.0672
15150000 9.89239
15200000 9.66152
15250000 9.35321
15300000 9.34923
15350000 9.56155
15400000 9.57268
15450000 9.63253
15500000 9.4882
15550000 9.45441
15600000 9.43044
15650000 9.41208
15700000 9.4744
15750000 9.65783
15800000 9.76852
15850000 9.64731
15900000 9.58497
15950000 9.66048
16000000 9.8064
16050000 9.84022
16100000 9.62659
16150000 9.53893
16200000 9.56578
16250000 9.60343
16300000 9.70716
16350000 9.5937
16400000 9.58245
16450000 9.35361
16500000 9.0908
16550000 9.22104
16600000 9.1664
16650000 9.15767
16700000 9.26947
16750000 9.24005
16800000 9.33191
16850000 9.31234
16900000 9.22179
16950000 9.34969
17000000 9.44606
17050000 9.40284
17100000 9.24569
17150000 9.14606
17200000 9.15611
17250000 9.09567
17300000 9.22879
17350000 9.22987
17400000 9.1551
17450000 9.07955
17500000 8.96086
17550000 8.98028
17600000 9.03257
17650000 9.03034
17700000 9.04791
17750000 9.07239
17800000 9.02241
17850000 8.88189
17900000 8.87182
17950000 9.00236
18000000 9.07135
18050000 9.06542
18100000 8.98523
18150000 8.69765
18200000 8.59621
18250000 8.59378
18300000 8.76223
18350000 8.7566
18400000 8.82932
18450000 8.90784
18500000 8.90362
18550000 8.75407
18600000 8.76988
18650000 8.81032
18700000 8.77665
18750000 8.68551
18800000 8.72026
18850000 8.8154
18900000 8.6357
18950000 8.61901
19000000 8.67733
19050000 8.75561
19100000 8.73182
19150000 8.76011
19200000 8.76135
19250000 8.6711
19300000 8.59508
19350000 8.55629
19400000 8.5378
19450000 8.47418
19500000 8.67595
19550000 8.63895
19600000 8.55134
19650000 8.62108
19700000 8.61191
19750000 8.88613
19800000 9.1032
19850000 8.907
19900000 8.99722
19950000 9.12413
20000000 9.30832
20050000 9.41762
20100000 9.48933
20150000 9.52628
20200000 9.59908
20250000 9.54785
20300000 9.65131
20350000 9.65494
20400000 9.50278
20450000 9.36041
20500000 9.30386
20550000 9.31955
20600000 9.55905
20650000 9.51669
20700000 9.49921
20750000 9.49754
20800000 9.56311
20850000 9.46986
20900000 9.54693
20950000 9.54416
21000000 9.56747
21050000 9.57466
21100000 9.37295
21150000 9.24796
21200000 9.19777
21250000 9.22219
21300000 9.21737
21350000 9.19761
21400000 9.13261
21450000 9.03493
21500000 9.20812
21550000 9.32155
21600000 9.17184
21650000 8.9286
21700000 8.95545
21750000 8.99822
21800000 9.0328
21850000 9.01486
21900000 8.8565
21950000 8.71641
22000000 8.72254
22050000 8.85174
22100000 8.95721
22150000 8.97044
22200000 9.00099
22250000 8.82016
22300000 8.87684
22350000 8.8857
22400000 8.86246
22450000 8.75838
22500000 8.77204
22550000 8.85718
22600000 8.9806
22650000 9.10144
22700000 9.20662
22750000 9.11765
22800000 8.96865
22850000 8.8495
22900000 8.77274
22950000 8.71413
23000000 8.59713
23050000 8.45118
23100000 8.31629
23150000 8.1519
23200000 8.08213
23250000 8.09575
23300000 8.03056
23350000 8.10915
23400000 8.17675
23450000 8.29794
23500000 8.3196
23550000 8.28468
23600000 8.2169
23650000 8.24297
23700000 8.27015
23750000 8.41686
23800000 8.28663
23850000 8.2996
23900000 8.49777
23950000 8.54418
24000000 8.58885
24050000 8.4697
24100000 8.46646
24150000 8.55625
24200000 8.54422
24250000 8.49019
24300000 8.52109
24350000 8.47245
24400000 8.51857
24450000 8.64362
24500000 8.628
24550000 8.76189
24600000 8.97716
24650000 9.02282
24700000 9.00718
24750000 8.97455
24800000 8.96187
24850000 8.80306
24900000 8.75297
24950000 8.73348
25000000 8.72732
25050000 8.78753
25100000 8.87231
25150000 8.98879
25200000 8.98572
25250000 8.87187
25300000 8.86695
25350000 8.97123
25400000 9.07519
25450000 9.27612
25500000 9.15209
25550000 8.98147
25600000 8.86691
25650000 8.74273
25700000 8.71774
25750000 8.74901
25800000 8.70315
25850000 8.72437
25900000 8.73795
25950000 8.77876
26000000 8.74454
26050000 8.67372
26100000 8.44538
26150000 8.43785
26200000 8.50755
26250000 8.52925
26300000 8.65116
26350000 8.70218
26400000 8.89342
26450000 8.99292
26500000 8.85712
26550000 8.78717
26600000 8.7867
26650000 8.7892
26700000 8.63964
26750000 8.47522
26800000 8.57064
26850000 8.6458
26900000 8.5884
26950000 8.46196
27000000 8.5253
27050000 8.48621
27100000 8.66977
27150000 8.80338
27200000 8.81883
27250000 8.85088
27300000 8.87963
27350000 8.92603
27400000 9.04599
27450000 9.01289
27500000 9.14432
27550000 9.2647
27600000 9.31136
27650000 9.50844
27700000 9.673
27750000 9.68417
27800000 9.77879
27850000 9.8867
27900000 9.86858
27950000 9.87548
28000000 9.98607
28050000 10.0833
28100000 10.095
28150000 10.0293
28200000 10.2779
28250000 10.3857
28300000 10.3758
28350000 10.4861
28400000 10.4485
28450000 10.4208
28500000 10.3396
28550000 10.6175
28600000 10.5879
28650000 10.6476
28700000 10.7542
28750000 10.9254
28800000 10.8657
28850000 10.8856
28900000 10.7751
28950000 10.5973
29000000 10.5294
29050000 10.6219
29100000 10.8123
29150000 10.7641
29200000 10.8248
29250000 10.9068
29300000 10.9222
29350000 10.7946
29400000 10.7605
29450000 10.7285
29500000 10.6692
29550000 10.695
29600000 10.8307
29650000 10.8745
29700000 10.9547
29750000 10.9514
29800000 10.9598
29850000 10.8387
29900000 10.7969
29950000 10.7744
30000000 10.8764
30050000 10.8675
30100000 10.7702
30150000 10.6396
30200000 10.5401
30250000 10.4051
30300000 10.3823
30350000 10.3956
30400000 10.3309
30450000 10.2882
30500000 10.2867
30550000 10.4069
30600000 10.6016
30650000 10.5357
30700000 10.5511
30750000 10.6299
30800000 10.5494
30850000 10.4335
30900000 10.423
30950000 10.3839
31000000 10.4813
31050000 10.5339
31100000 10.6352
31150000 10.7504
31200000 10.8387
31250000 10.8
31300000 10.8094
31350000 10.7229
31400000 10.8251
31450000 10.8409
31500000 10.7861
31550000 10.6099
31600000 10.6632
31650000 10.6472
31700000 10.6907
31750000 10.5774
31800000 10.5984
31850000 10.7116
31900000 10.94
31950000 10.9744
32000000 10.8703
32050000 10.7428
32100000 10.8932
32150000 10.8417
32200000 10.8887
32250000 10.968
32300000 10.9946
32350000 11.0699
32400000 11.1509
32450000 11.0142
32500000 10.96
32550000 10.7914
32600000 10.7455
32650000 10.7803
32700000 10.6112
32750000 10.461
32800000 10.5773
32850000 10.8198
32900000 10.732
32950000 10.6422
33000000 10.5833
33050000 10.6048
33100000 10.4904
33150000 10.5867
33200000 10.5863
33250000 10.6111
33300000 10.572
33350000 10.6068
33400000 10.6995
33450000 10.8702
33500000 10.8638
33550000 10.9018
33600000 10.979
33650000 11.1035
33700000 10.9992
33750000 10.9857
33800000 10.9797
33850000 10.9667
33900000 11.0696
33950000 11.183
34000000 11.2277
34050000 11.1593
34100000 11.1942
34150000 11.2413
34200000 11.3607
34250000 11.3929
34300000 11.4083
34350000 11.34
34400000 11.2399
34450000 11.285
34500000 11.2322
34550000 11.1835
34600000 11.0744
34650000 11.1069
34700000 11.2346
34750000 11.4157
34800000 11.3708
34850000 11.2957
34900000 11.1908
34950000 11.1259
35000000 11.2324
35050000 11.1729
35100000 11.0443
35150000 10.9362
35200000 10.8908
35250000 10.9541
35300000 11.1389
35350000 11.1619
35400000 10.988
35450000 10.967
35500000 10.8818
35550000 10.8503
35600000 10.8172
35650000 10.8351
35700000 11.1483
35750000 11.2168
35800000 11.0534
35850000 10.9339
35900000 10.7172
35950000 10.7138
36000000 10.7947
36050000 10.8417
36100000 10.7112
36150000 10.7063
36200000 10.7413
36250000 10.7573
36300000 10.8257
36350000 10.8162
36400000 10.9064
36450000 11.084
36500000 11.1773
36550000 11.0977
36600000 11.0163
36650000 10.9472
36700000 10.8461
36750000 10.9486
36800000 11.0078
36850000 11.0034
36900000 10.9874
36950000 11.0064
37000000 11.0265
37050000 11.0642
37100000 11.044
37150000 10.9009
37200000 10.9439
37250000 10.9195
37300000 10.9144
37350000 10.8517
37400000 10.863
37450000 10.9829
37500000 11.1406
37550000 11.2444
37600000 11.0771
37650000 10.9166
37700000 10.8437
37750000 10.7284
37800000 10.6973
37850000 10.6066
37900000 10.4923
37950000 10.3673
38000000 10.4595
38050000 10.4691
38100000 10.4873
38150000 10.4426
38200000 10.3312
38250000 10.2193
38300000 10.1922
38350000 10.1794
38400000 10.1073
38450000 9.947
38500000 9.9703
38550000 10.034
38600000 10.0277
38650000 10.0908
38700000 10.189
38750000 10.1378
38800000 10.1226
38850000 10.1284
38900000 9.99461
38950000 9.91624
39000000 9.93894
39050000 9.97931
39100000 9.92726
39150000 9.8666
39200000 9.76368
39250000 9.64357
39300000 9.57268
39350000 9.43528
39400000 9.55869
39450000 9.5616
39500000 9.63406
39550000 9.6158
39600000 9.5502
39650000 9.40309
39700000 9.35017
39750000 9.35268
39800000 9.44078
39850000 9.57598
39900000 9.53308
39950000 9.40414
40000000 9.49232
40050000 9.56683
40100000 9.60941
40150000 9.56054
40200000 9.44863
40250000 9.4053
40300000 9.48823
40350000 9.54912
40400000 9.56786
40450000 9.60927
40500000 9.5447
40550000 9.44555
40600000 9.52846
40650000 9.74037
40700000 9.82113
40750000 9.75371
40800000 9.76843
40850000 9.82163
40900000 9.82164
40950000 9.79992
41000000 9.63385
41050000 9.58627
41100000 9.68524
41150000 9.64187
41200000 9.54911
41250000 9.50498
41300000 9.59603
41350000 9.72773
41400000 9.7942
41450000 9.974
41500000 9.86822
41550000 9.89502
41600000 9.88376
41650000 9.8852
41700000 9.89864
41750000 9.9085
41800000 9.90439
41850000 9.88793
41900000 9.71965
41950000 9.6926
42000000 9.54196
42050000 9.52135
42100000 9.61662
42150000 9.80516
42200000 9.74923
42250000 9.70486
42300000 9.70785
42350000 9.63345
42400000 9.70031
42450000 9.70855
42500000 9.66354
42550000 9.82017
42600000 9.82001
42650000 9.83894
42700000 10.0171
42750000 10.211
42800000 10.3224
42850000 10.4302
42900000 10.4446
42950000 10.5002
43000000 10.4826
43050000 10.3838
43100000 10.2375
43150000 10.2174
43200000 10.2926
43250000 10.3744
43300000 10.3424
43350000 10.2603
43400000 10.2125
43450000 10.289
43500000 10.2373
43550000 10.2258
43600000 10.2414
43650000 10.2103
43700000 10.2363
43750000 10.235
43800000 10.1779
43850000 10.1662
43900000 10.2149
43950000 10.3385
44000000 10.3691
44050000 10.433
44100000 10.4306
44150000 10.4199
44200000 10.3012
44250000 10.231
44300000 10.1088
44350000 10.1429
44400000 10.2117
44450000 10.1812
44500000 10.171
44550000 10.1145
44600000 10.0285
44650000 9.93572
44700000 9.91015
44750000 9.90553
44800000 9.88765
44850000 9.98748
44900000 10.0711
44950000 10.115
45000000 10.2017
45050000 10.1361
45100000 10.002
45150000 10.0887
45200000 10.0532
45250000 10.0703
45300000 9.97776
45350000 10.0739
45400000 10.1244
45450000 10.1995
45500000 10.2909
45550000 10.2722
45600000 10.1528
45650000 10.0813
45700000 9.92815
45750000 9.95899
45800000 10.0306
45850000 10.0237
45900000 10.0398
45950000 10.0481
46000000 10.0826
46050000 10.0111
46100000 9.98418
46150000 10.0113
46200000 10.0996
46250000 10.1356
46300000 10.1011
46350000 10.1344
46400000 10.0852
46450000 10.0385
46500000 10.074
46550000 10.179
46600000 10.1714
46650000 10.0975
46700000 10.0254
46750000 9.90184
46800000 9.89359
46850000 9.91474
46900000 9.90453
46950000 9.97495
47000000 10.0225
47050000 10.1101
47100000 10.1901
47150000 10.0805
47200000 10.0482
47250000 10.0562
47300000 10.0675
47350000 9.97841
47400000 9.9281
47450000 9.90135
47500000 9.8316
47550000 9.82203
47600000 9.63207
47650000 9.61697
47700000 9.684
47750000 9.6662
47800000 9.61653
47850000 9.72586
47900000 9.73167
47950000 9.84764
48000000 9.79643
48050000 9.74692
48100000 9.66471
48150000 9.66986
48200000 9.56022
48250000 9.59958
48300000 9.63596
48350000 9.49982
48400000 9.3867
48450000 9.24003
48500000 9.11401
48550000 9.07255
48600000 9.10388
48650000 9.10945
48700000 9.09469
48750000 9.09273
48800000 9.00281
48850000 8.99627
48900000 9.04546
48950000 9.1582
49000000 9.18515
49050000 9.16018
49100000 8.98713
49150000 8.92859
49200000 8.77221
49250000 8.77714
49300000 8.64471
49350000 8.64397
49400000 8.59379
49450000 8.5756
49500000 8.67652
49550000 8.63354
49600000 8.54091
49650000 8.45312
49700000 8.56341
49750000 8.57348
49800000 8.44448
49850000 8.44671
49900000 8.45142
49950000 8.42923
