0 0
50000 3.99176
100000 7.41742
150000 10.2864
200000 12.1966
250000 12.6241
300000 12.2261
350000 12.2148
400000 12.5512
450000 12.6927
500000 12.8446
550000 12.744
600000 12.0261
650000 11.6356
700000 11.2599
750000 11.1021
800000 11.1507
850000 11.0664
900000 10.8999
950000 10.5754
1000000 10.5047
1050000 10.7285
1100000 10.6623
1150000 10.8256
1200000 10.8756
1250000 10.9505
1300000 10.9955
1350000 11.1002
1400000 11.2078
1450000 11.0401
1500000 10.8995
1550000 10.9084
1600000 10.8642
1650000 10.8809
1700000 10.8244
1750000 11.0351
1800000 11.3253
1850000 11.2647
1900000 10.9832
1950000 10.7956
2000000 10.5587
2050000 10.501
2100000 10.667
2150000 10.9912
2200000 11.0589
2250000 11.0492
2300000 11.2343
2350000 11.5465
2400000 11.9859
2450000 11.8978
2500000 11.8996
2550000 11.9728
2600000 11.9638
2650000 11.8479
2700000 11.8211
2750000 11.8902
2800000 11.9338
2850000 11.764
2900000 11.7706
2950000 11.5839
3000000 11.3101
3050000 11.2591
3100000 11.435
3150000 11.5276
3200000 11.5431
3250000 11.4037
3300000 11.4755
3350000 11.6674
3400000 11.831
3450000 11.7977
3500000 11.8246
3550000 11.7322
3600000 11.6231
3650000 11.5425
3700000 11.3372
3750000 11.0252
3800000 10.7343
3850000 10.5615
3900000 10.5845
3950000 10.4961
4000000 10.4123
4050000 10.6047
4100000 10.9679
4150000 11.2938
4200000 11.4275
4250000 11.4474
4300000 11.3328
4350000 11.1496
4400000 11.0998
4450000 11.1749
4500000 11.1166
4550000 10.9682
4600000 10.6902
4650000 10.3775
4700000 10.1255
4750000 9.94087
4800000 9.79028
4850000 9.76517
4900000 9.5372
4950000 9.44509
5000000 9.43375
5050000 9.30588
5100000 9.21748
5150000 9.33746
5200000 9.39981
5250000 9.42792
5300000 9.34859
5350000 9.34882
5400000 9.43944
5450000 9.56907
5500000 9.73295
5550000 9.79386
5600000 9.83432
5650000 9.88901
5700000 9.89473
5750000 9.848
5800000 9.79551
5850000 9.79434
5900000 9.80974
5950000 9.76246
6000000 9.75807
6050000 9.88036
6100000 10.0062
6150000 10.0649
6200000 10.1025
6250000 10.172
6300000 10.3771
6350000 10.5305
6400000 10.4429
6450000 10.3981
6500000 10.2275
6550000 10.1829
6600000 10.3561
6650000 10.4297
6700000 10.2391
6750000 10.0242
6800000 9.98689
6850000 9.98291
6900000 9.953
6950000 9.80305
7000000 9.75542
7050000 9.66115
7100000 9.84994
7150000 10.0198
7200000 10.0281
7250000 9.91193
7300000 9.76434
7350000 9.55665
7400000 9.6119
7450000 9.68397
7500000 9.91055
7550000 10.0487
7600000 10.2521
7650000 10.4057
7700000 10.533
7750000 10.6456
7800000 10.7584
7850000 10.8493
7900000 10.8273
7950000 10.8729
8000000 10.8908
8050000 11.0072
8100000 11.1159
8150000 11.2759
8200000 11.52
8250000 11.5521
8300000 11.5127
8350000 11.6312
8400000 11.7222
8450000 11.7388
8500000 11.6762
8550000 11.6978
8600000 11.7477
8650000 11.6995
8700000 11.69
8750000 11.7491
8800000 11.8751
8850000 11.8115
8900000 11.6991
8950000 11.6074
9000000 11.6169
9050000 11.6497
9100000 11.7513
9150000 11.9184
9200000 12.0629
9250000 12.1955
9300000 12.3965
9350000 12.7004
9400000 13.13
9450000 13.3446
9500000 13.3847
9550000 13.48
9600000 13.6368
9650000 13.7754
9700000 13.8866
9750000 13.9198
9800000 13.9021
9850000 13.8883
9900000 13.9261
9950000 14.0032
10000000 14.0927
10050000 14.146
10100000 14.1476
10150000 14.1129
10200000 14.0435
10250000 14.0554
10300000 14.2756
10350000 14.3165
10400000 14.1506
10450000 14.0555
10500000 13.9946
10550000 14.0063
10600000 13.9985
10650000 13.9011
10700000 13.7922
10750000 13.7709
10800000 13.7111
10850000 13.7131
10900000 13.704
10950000 13.7681
11000000 13.8734
11050000 14.1076
11100000 14.2041
11150000 14.307
11200000 14.2503
11250000 14.243
11300000 14.2912
11350000 14.2775
11400000 14.2946
11450000 14.3852
11500000 14.2538
11550000 14.2409
11600000 14.3267
11650000 14.46
11700000 14.5878
11750000 14.4899
11800000 14.4504
11850000 14.3962
11900000 14.345
11950000 14.4164
12000000 14.4803
12050000 14.5946
12100000 14.8177
12150000 15.1109
12200000 15.3896
12250000 15.6526
12300000 15.7437
12350000 15.7365
12400000 15.6608
12450000 15.5356
12500000 15.4343
12550000 15.2589
12600000 15.0352
12650000 14.8138
12700000 14.5673
12750000 14.4278
12800000 14.2448
12850000 14.0667
12900000 13.9326
12950000 13.8144
13000000 13.737
13050000 13.7343
13100000 13.6706
13150000 13.8227
13200000 13.8515
13250000 13.7857
13300000 13.8141
13350000 13.8039
13400000 13.7624
13450000 13.6699
13500000 13.6474
13550000 13.6417
13600000 13.6177
13650000 13.6427
13700000 13.6733
13750000 13.6537
13800000 13.6903
13850000 13.7805
13900000 13.8344
13950000 13.8349
14000000 13.8638
14050000 13.8646
14100000 13.8659
14150000 13.8636
14200000 13.9599
14250000 13.9762
14300000 13.9406
14350000 13.8507
14400000 13.951
14450000 14.149
14500000 14.3699
14550000 14.5325
14600000 14.6748
14650000 14.7282
14700000 14.9274
14750000 15.0484
14800000 15.1796
14850000 15.3165
14900000 15.3865
14950000 15.425
15000000 15.4851
15050000 15.5161
15100000 15.6804
15150000 15.8017
15200000 15.9397
15250000 16.1048
15300000 16.2111
15350000 16.436
15400000 16.6061
15450000 16.7105
15500000 16.7621
15550000 16.5975
15600000 16.4615
15650000 16.3198
15700000 16.1642
15750000 16.2335
15800000 16.1832
15850000 16.1859
15900000 16.2964
15950000 16.4261
16000000 16.5442
16050000 16.7015
16100000 16.8302
16150000 16.9001
16200000 17.0103
16250000 17.099
16300000 17.2019
16350000 17.249
16400000 17.2518
16450000 17.3001
16500000 17.3516
16550000 17.4877
16600000 17.338
16650000 17.2442
16700000 17.2058
16750000 17.2535
16800000 17.3643
16850000 17.4432
16900000 17.4822
16950000 17.438
17000000 17.4882
17050000 17.5654
17100000 17.6229
17150000 17.5966
17200000 17.5323
17250000 17.5298
17300000 17.5492
17350000 17.5102
17400000 17.3827
17450000 17.3099
17500000 17.164
17550000 17.0197
17600000 16.9032
17650000 16.8756
17700000 16.8875
17750000 16.9029
17800000 16.8944
17850000 16.9211
17900000 16.9371
17950000 17.1386
18000000 17.4035
18050000 17.551
18100000 17.6081
18150000 17.5708
18200000 17.6632
18250000 17.7199
18300000 17.6731
18350000 17.6495
18400000 17.713
18450000 17.7867
18500000 17.8359
18550000 17.9086
18600000 17.9902
18650000 18.0498
18700000 18.1478
18750000 18.193
18800000 18.1834
18850000 18.0818
18900000 18.0093
18950000 17.9518
19000000 17.7675
19050000 17.573
19100000 17.4461
19150000 17.3313
19200000 17.2654
19250000 17.1915
19300000 17.1456
19350000 17.0472
19400000 16.9553
19450000 16.9057
19500000 16.886
19550000 16.9319
19600000 17.0093
19650000 17.1085
19700000 17.1969
19750000 17.3054
19800000 17.4794
19850000 17.6711
19900000 17.6855
19950000 17.5636
20000000 17.4191
20050000 17.3576
20100000 17.362
20150000 17.3727
20200000 17.3664
20250000 17.4996
20300000 17.6664
20350000 17.8106
20400000 17.9217
20450000 17.9553
20500000 18.0481
20550000 18.0755
20600000 17.9972
20650000 17.9674
20700000 17.935
20750000 17.975
20800000 17.8457
20850000 17.7652
20900000 17.7254
20950000 17.7339
21000000 17.7456
21050000 17.7802
21100000 17.7832
21150000 17.7706
21200000 17.8785
21250000 17.9447
21300000 17.9177
21350000 17.9049
21400000 17.8521
21450000 17.7961
21500000 17.7723
21550000 17.7441
21600000 17.6874
21650000 17.6118
21700000 17.5641
21750000 17.5609
21800000 17.5069
21850000 17.5209
21900000 17.4339
21950000 17.4242
22000000 17.3015
22050000 17.1624
22100000 17.0278
22150000 16.9259
22200000 16.9125
22250000 16.8922
22300000 16.8573
22350000 16.8457
22400000 16.8944
22450000 16.9328
22500000 16.93
22550000 16.8802
22600000 16.8615
22650000 16.8927
22700000 16.9946
22750000 17.0044
22800000 16.9697
22850000 16.9968
22900000 17.0104
22950000 17.03
23000000 17.0686
23050000 17.1406
23100000 17.1998
23150000 17.2575
23200000 17.2903
23250000 17.3557
23300000 17.4997
23350000 17.5386
23400000 17.6386
23450000 17.7546
23500000 17.7931
23550000 17.7989
23600000 17.7983
23650000 17.7596
23700000 17.7819
23750000 17.8175
23800000 17.9596
23850000 18.06
23900000 18.1081
23950000 18.1633
24000000 18.2833
24050000 18.3454
24100000 18.3356
24150000 18.3204
24200000 18.3301
24250000 18.2596
24300000 18.2987
24350000 18.4792
24400000 18.5121
24450000 18.4249
24500000 18.2405
24550000 18.0556
24600000 17.9779
24650000 17.9233
24700000 17.8774
24750000 17.8247
24800000 17.7776
24850000 17.7351
24900000 17.7876
24950000 17.8127
25000000 17.8137
25050000 17.7816
25100000 17.9256
25150000 17.9041
25200000 17.8399
25250000 17.7893
25300000 17.8761
25350000 17.9181
25400000 18.0307
25450000 18.146
25500000 18.248
25550000 18.2671
25600000 18.2986
25650000 18.2476
25700000 18.0641
25750000 18.0381
25800000 17.8867
25850000 17.6875
25900000 17.5399
25950000 17.4168
26000000 17.1724
26050000 17.0587
26100000 16.9993
26150000 16.9767
26200000 16.9059
26250000 16.8352
26300000 16.8852
26350000 17.0435
26400000 17.1321
26450000 17.1299
26500000 17.0415
26550000 16.9995
26600000 16.9859
26650000 16.8975
26700000 16.7596
26750000 16.6432
26800000 16.5943
26850000 16.5234
26900000 16.455
26950000 16.4559
27000000 16.4753
27050000 16.4093
27100000 16.3942
27150000 16.3313
27200000 16.2854
27250000 16.1814
27300000 16.1821
27350000 16.1777
27400000 16.177
27450000 16.1427
27500000 16.1764
27550000 16.2395
27600000 16.2265
27650000 16.2686
27700000 16.2925
27750000 16.3969
27800000 16.4416
27850000 16.5858
27900000 16.6333
27950000 16.6377
28000000 16.641
28050000 16.6086
28100000 16.5083
28150000 16.4619
28200000 16.3309
28250000 16.2424
28300000 16.2096
28350000 16.1712
28400000 16.0948
28450000 16.0683
28500000 16.0716
28550000 16.0814
28600000 16.1186
28650000 16.1228
28700000 16.1155
28750000 16.0891
28800000 16.0763
28850000 16.1312
28900000 16.1761
28950000 16.1674
29000000 16.169
29050000 16.1574
29100000 16.075
29150000 15.9048
29200000 15.8486
29250000 15.8327
29300000 15.8128
29350000 15.8094
29400000 15.8183
29450000 15.8165
29500000 15.7936
29550000 15.7486
29600000 15.6515
29650000 15.5913
29700000 15.5639
29750000 15.6259
29800000 15.697
29850000 15.7746
29900000 15.7943
29950000 15.7952
30000000 15.8261
30050000 15.8733
30100000 15.8431
30150000 15.8526
30200000 15.8559
30250000 15.879
30300000 15.9395
30350000 15.834
30400000 15.712
30450000 15.6251
30500000 15.5218
30550000 15.4921
30600000 15.4906
30650000 15.5168
30700000 15.5746
30750000 15.6315
30800000 15.6738
30850000 15.716
30900000 15.7462
30950000 15.7619
31000000 15.8008
31050000 15.8044
31100000 15.869
31150000 15.9028
31200000 15.9531
31250000 15.9399
31300000 15.9761
31350000 15.9327
31400000 15.9008
31450000 15.9767
31500000 16.1121
31550000 16.2992
31600000 16.4275
31650000 16.4333
31700000 16.4459
31750000 16.4695
31800000 16.4803
31850000 16.3957
31900000 16.3749
31950000 16.3713
32000000 16.4091
32050000 16.488
32100000 16.518
32150000 16.4499
32200000 16.3239
32250000 16.2487
32300000 16.286
32350000 16.3044
32400000 16.2967
32450000 16.3311
32500000 16.365
32550000 16.5019
32600000 16.4748
32650000 16.4485
32700000 16.4187
32750000 16.4543
32800000 16.5669
32850000 16.7004
32900000 16.884
32950000 17.0666
33000000 17.1261
33050000 17.1514
33100000 17.1523
33150000 17.1646
33200000 17.1318
33250000 17.1457
33300000 17.1452
33350000 17.1221
33400000 17.0986
33450000 17.0777
33500000 17.035
33550000 16.961
33600000 16.8979
33650000 16.7999
33700000 16.7495
33750000 16.7712
33800000 16.7775
33850000 16.8331
33900000 16.9522
33950000 17.0143
34000000 17.0761
34050000 17.1299
34100000 17.0303
34150000 16.9959
34200000 16.9373
34250000 16.8826
34300000 16.8783
34350000 16.7878
34400000 16.7955
34450000 16.853
34500000 16.9149
34550000 16.9659
34600000 16.9416
34650000 16.9133
34700000 16.8794
34750000 16.8545
34800000 16.8487
34850000 16.8307
34900000 16.8477
34950000 16.8446
35000000 16.8377
35050000 16.7623
35100000 16.6849
35150000 16.5546
35200000 16.4369
35250000 16.4076
35300000 16.479
35350000 16.5547
35400000 16.6169
35450000 16.5907
35500000 16.4943
35550000 16.3926
35600000 16.2429
35650000 16.0918
35700000 15.9673
35750000 15.8283
35800000 15.7815
35850000 15.708
35900000 15.6238
35950000 15.5569
36000000 15.5352
36050000 15.4739
36100000 15.4289
36150000 15.4204
36200000 15.3395
36250000 15.2783
36300000 15.3068
36350000 15.4192
36400000 15.4835
36450000 15.4489
36500000 15.4046
36550000 15.3685
36600000 15.3595
36650000 15.2912
36700000 15.202
36750000 15.127
36800000 15.1441
36850000 15.1336
36900000 15.1897
36950000 15.1572
37000000 15.0579
37050000 15.0349
37100000 14.9763
37150000 14.9248
37200000 14.861
37250000 14.8644
37300000 14.8771
37350000 14.9058
37400000 14.9295
37450000 14.9517
37500000 15.0078
37550000 14.9547
37600000 14.8397
37650000 14.7173
37700000 14.6571
37750000 14.6263
37800000 14.6203
37850000 14.6361
37900000 14.7044
37950000 14.7938
38000000 14.8025
38050000 14.8261
38100000 14.8614
38150000 14.9189
38200000 14.9714
38250000 14.9972
38300000 15.0413
38350000 15.1008
38400000 15.1561
38450000 15.1965
38500000 15.2759
38550000 15.315
38600000 15.3493
38650000 15.3308
38700000 15.2768
38750000 15.2904
38800000 15.3291
38850000 15.3527
38900000 15.44
38950000 15.4845
39000000 15.5366
39050000 15.5354
39100000 15.5065
39150000 15.4467
39200000 15.3834
39250000 15.3668
39300000 15.3457
39350000 15.3158
39400000 15.3134
39450000 15.3549
39500000 15.3405
39550000 15.2393
39600000 15.2282
39650000 15.2438
39700000 15.1715
39750000 15.1267
39800000 15.0389
39850000 14.9132
39900000 14.7676
39950000 14.6197
40000000 14.5424
40050000 14.3998
40100000 14.2967
40150000 14.3
40200000 14.2282
40250000 14.1915
40300000 14.2107
40350000 14.2279
40400000 14.3287
40450000 14.3496
40500000 14.4007
40550000 14.4033
40600000 14.4507
40650000 14.4869
40700000 14.4629
40750000 14.3498
40800000 14.193
40850000 14.1671
40900000 14.045
40950000 13.9432
41000000 13.8601
41050000 13.8443
41100000 13.8497
41150000 13.7924
41200000 13.7487
41250000 13.7226
41300000 13.7089
41350000 13.7263
41400000 13.7734
41450000 13.8025
41500000 13.764
41550000 13.7171
41600000 13.6307
41650000 13.5572
41700000 13.5289
41750000 13.4915
41800000 13.481
41850000 13.5463
41900000 13.6385
41950000 13.7621
42000000 13.8295
42050000 13.7999
42100000 13.7296
42150000 13.6637
42200000 13.5799
42250000 13.4664
42300000 13.3229
42350000 13.2679
42400000 13.2247
42450000 13.2874
42500000 13.3466
42550000 13.4167
42600000 13.4366
42650000 13.4432
42700000 13.4572
42750000 13.529
42800000 13.5832
42850000 13.6022
42900000 13.6556
42950000 13.6729
43000000 13.657
43050000 13.6607
43100000 13.7246
43150000 13.7358
43200000 13.6968
43250000 13.6834
43300000 13.7113
43350000 13.7284
43400000 13.7251
43450000 13.6921
43500000 13.6434
43550000 13.6127
43600000 13.6421
43650000 13.6605
43700000 13.659
43750000 13.6925
43800000 13.7013
43850000 13.716
43900000 13.7342
43950000 13.7697
44000000 13.8042
44050000 13.817
44100000 13.7994
44150000 13.7398
44200000 13.7238
44250000 13.7735
44300000 13.674
44350000 13.6273
44400000 13.6456
44450000 13.7119
44500000 13.6826
44550000 13.6724
44600000 13.6939
44650000 13.8068
44700000 13.8799
44750000 13.886
44800000 13.9183
44850000 13.8808
44900000 13.8697
44950000 13.8723
45000000 13.8703
45050000 13.815
45100000 13.7966
45150000 13.7529
45200000 13.728
45250000 13.6931
45300000 13.61
45350000 13.529
45400000 13.4334
45450000 13.3603
45500000 13.3368
45550000 13.3622
45600000 13.3938
45650000 13.4343
45700000 13.4325
45750000 13.3893
45800000 13.3971
45850000 13.394
45900000 13.4374
45950000 13.4202
46000000 13.4234
46050000 13.4099
46100000 13.3995
46150000 13.4522
46200000 13.504
46250000 13.5468
46300000 13.5385
46350000 13.5092
46400000 13.5021
46450000 13.4772
46500000 13.4112
46550000 13.3673
46600000 13.3283
46650000 13.3384
46700000 13.3247
46750000 13.2756
46800000 13.2444
46850000 13.2462
46900000 13.306
46950000 13.3498
47000000 13.4408
47050000 13.5255
47100000 13.534
47150000 13.534
47200000 13.5378
47250000 13.5398
47300000 13.5966
47350000 13.5965
47400000 13.5557
47450000 13.5253
47500000 13.5871
47550000 13.5809
47600000 13.5791
47650000 13.6038
47700000 13.5884
47750000 13.5545
47800000 13.5039
47850000 13.5123
47900000 13.5527
47950000 13.5875
48000000 13.6555
48050000 13.7027
48100000 13.7133
48150000 13.7809
48200000 13.859
48250000 13.9178
48300000 13.9153
48350000 13.8921
48400000 13.8619
48450000 13.8203
48500000 13.7147
48550000 13.6078
48600000 13.5773
48650000 13.636
48700000 13.724
48750000 13.7992
48800000 13.8459
48850000 13.8587
48900000 13.8397
48950000 13.8669
49000000 13.7869
49050000 13.7391
49100000 13.7134
49150000 13.6744
49200000 13.6577
49250000 13.6912
49300000 13.7612
49350000 13.8072
49400000 13.8369
49450000 13.8175
49500000 13.7721
49550000 13.7367
49600000 13.7303
49650000 13.6922
49700000 13.6701
49750000 13.6103
49800000 13.5751
49850000 13.5133
49900000 13.4691
49950000 13.3715
