0 0
50000 14.72
100000 26.1
150000 36.58
200000 51.1
250000 63.82
300000 76.32
350000 88.4
400000 100.88
450000 114.68
500000 131.6
550000 140.32
600000 152.64
650000 162.66
700000 178.02
750000 191.64
800000 204.5
850000 219.02
900000 230.68
950000 244.9
1000000 257.92
1050000 270.22
1100000 280.08
1150000 293.02
1200000 306.22
1250000 318.98
1300000 329.3
1350000 341.84
1400000 352.28
1450000 365.68
1500000 377.94
1550000 391.58
1600000 404.96
1650000 417
1700000 429.04
1750000 437.76
1800000 450.5
1850000 462.8
1900000 474.16
1950000 487.12
2000000 500.9
2050000 515.28
2100000 528.8
2150000 542.72
2200000 556.98
2250000 570.46
2300000 581.22
2350000 593.18
2400000 608.34
2450000 620.84
2500000 631.86
2550000 642.68
2600000 652.12
2650000 665.58
2700000 680.32
2750000 694.6
2800000 706.04
2850000 716.74
2900000 726.8
2950000 736.48
3000000 751.82
3050000 764.24
3100000 773.64
3150000 783.66
3200000 794.58
3250000 809.32
3300000 818.9
3350000 830.72
3400000 847.1
3450000 858.68
3500000 873.44
3550000 885.88
3600000 898.96
3650000 913.34
3700000 925.06
3750000 933.76
3800000 944.9
3850000 955.72
3900000 970.08
3950000 981.76
4000000 996.06
4050000 1007.36
4100000 1021.7
4150000 1035.08
4200000 1046.68
4250000 1058.42
4300000 1073.32
4350000 1085.2
4400000 1098.34
4450000 1110.74
4500000 1122.68
4550000 1137.22
4600000 1150.24
4650000 1163.26
4700000 1177.66
4750000 1188.94
4800000 1202.7
4850000 1212.56
4900000 1223.34
4950000 1232.48
5000000 1241.16
5050000 1255.9
5100000 1266.9
5150000 1279.48
5200000 1293.3
5250000 1306.18
5300000 1319.7
5350000 1329.84
5400000 1344.98
5450000 1360.52
5500000 1373.82
5550000 1387.34
5600000 1400.4
5650000 1412.38
5700000 1424.16
5750000 1436.92
5800000 1448.64
5850000 1462.98
5900000 1480.24
5950000 1493.78
6000000 1511.92
6050000 1524.16
6100000 1535.46
6150000 1548.32
6200000 1563.56
6250000 1577.64
6300000 1589.04
6350000 1602.7
6400000 1619.78
6450000 1633.42
6500000 1642.34
6550000 1656.7
6600000 1669.98
6650000 1682.46
6700000 1692.96
6750000 1702.54
6800000 1714.04
6850000 1723.32
6900000 1733.88
6950000 1747.2
7000000 1760.14
7050000 1772.4
7100000 1782.38
7150000 1794.7
7200000 1809.78
7250000 1819.96
7300000 1833.44
7350000 1846.56
7400000 1857.18
7450000 1869.2
7500000 1881.88
7550000 1892.78
7600000 1905.58
7650000 1916.32
7700000 1928.02
7750000 1938.68
7800000 1952.1
7850000 1965.3
7900000 1978.6
7950000 1989.76
8000000 2000.76
8050000 2012.02
8100000 2024.44
8150000 2034.12
8200000 2045.42
8250000 2055
8300000 2067.78
8350000 2079.52
8400000 2090.04
8450000 2102.26
8500000 2119.18
8550000 2133.94
8600000 2142.36
8650000 2154.98
8700000 2169.96
8750000 2185.4
8800000 2197.7
8850000 2207.62
8900000 2220.78
8950000 2232.22
9000000 2243.28
9050000 2253.32
9100000 2266.32
9150000 2280.62
9200000 2291.64
9250000 2300.22
9300000 2310.78
9350000 2319.86
9400000 2330.44
9450000 2342.38
9500000 2352.78
9550000 2363.88
9600000 2375.1
9650000 2387.74
9700000 2396.46
9750000 2410.78
9800000 2422.14
9850000 2433.46
9900000 2448.66
9950000 2461.22
10000000 2473.24
10050000 2484.28
10100000 2498.54
10150000 2512.54
10200000 2523.02
10250000 2535.82
10300000 2544.74
10350000 2554.62
10400000 2565.9
10450000 2576.62
10500000 2591.24
10550000 2609.7
10600000 2623.78
10650000 2635.66
10700000 2647.12
10750000 2659.36
10800000 2674.14
10850000 2685.98
10900000 2700.12
10950000 2715.34
11000000 2726.18
11050000 2736.34
11100000 2744.6
11150000 2754.08
11200000 2762.16
11250000 2774.96
11300000 2788.78
11350000 2804.28
11400000 2816.42
11450000 2832.2
11500000 2847.78
11550000 2861
11600000 2872.24
11650000 2884.86
11700000 2896.72
11750000 2910.34
11800000 2921.62
11850000 2936.44
11900000 2951.52
11950000 2961.9
12000000 2974.14
12050000 2988.68
12100000 3003.86
12150000 3016.6
12200000 3029
12250000 3042.68
12300000 3057.34
12350000 3070.78
12400000 3080.76
12450000 3090.72
12500000 3103.28
12550000 3114.5
12600000 3129
12650000 3140.16
12700000 3147.68
12750000 3156.1
12800000 3166.56
12850000 3179.36
12900000 3192.48
12950000 3203.12
13000000 3216.74
13050000 3226.82
13100000 3236.78
13150000 3247.8
13200000 3260.48
13250000 3272.04
13300000 3285.66
13350000 3298.36
13400000 3310.42
13450000 3321.34
13500000 3335.02
13550000 3349.86
13600000 3360.92
13650000 3373.46
13700000 3385.94
13750000 3398.6
13800000 3408.82
13850000 3419.32
13900000 3429.16
13950000 3440
14000000 3449.86
14050000 3462.2
14100000 3474.98
14150000 3486.54
14200000 3500.96
14250000 3513.76
14300000 3527.22
14350000 3544.22
14400000 3557.18
14450000 3569.4
14500000 3577.82
14550000 3592.82
14600000 3605.52
14650000 3617.2
14700000 3628.78
14750000 3640.96
14800000 3651.42
14850000 3662.58
14900000 3676.58
14950000 3690.44
15000000 3705.84
15050000 3717
15100000 3730.32
15150000 3743.28
15200000 3755.12
15250000 3769.3
15300000 3780.58
15350000 3790.98
15400000 3803.36
15450000 3813.66
15500000 3825.04
15550000 3840.08
15600000 3849.22
15650000 3864.2
15700000 3878.7
15750000 3892.32
15800000 3901.48
15850000 3911.98
15900000 3922.46
15950000 3936.64
16000000 3949.78
16050000 3958.9
16100000 3969.02
16150000 3980.1
16200000 3995.8
16250000 4007.96
16300000 4017.98
16350000 4028.72
16400000 4037.84
16450000 4050.24
16500000 4061.02
16550000 4072.34
16600000 4085.64
16650000 4101.64
16700000 4115.78
16750000 4128.7
16800000 4138.94
16850000 4149.68
16900000 4160.98
16950000 4170.76
17000000 4183.12
17050000 4195.2
17100000 4206.28
17150000 4219.92
17200000 4232.2
17250000 4244.16
17300000 4258.14
17350000 4270.32
17400000 4279.96
17450000 4295.72
17500000 4313.12
17550000 4326.1
17600000 4336.64
17650000 4346.16
17700000 4358.78
17750000 4372
17800000 4385.7
17850000 4398.46
17900000 4409.4
17950000 4421.58
18000000 4433.6
18050000 4445.64
18100000 4457.82
18150000 4467.3
18200000 4478.14
18250000 4491.44
18300000 4504.5
18350000 4514.64
18400000 4527.52
18450000 4538.04
18500000 4549.64
18550000 4564.32
18600000 4578.78
18650000 4591.06
18700000 4601.74
18750000 4612.08
18800000 4619.34
18850000 4632.34
18900000 4645.02
18950000 4658.02
19000000 4671.38
19050000 4682.66
19100000 4693.7
19150000 4702.42
19200000 4713.74
19250000 4720.8
19300000 4733.36
19350000 4745.06
19400000 4758.14
19450000 4768
19500000 4777.7
19550000 4784.36
19600000 4794.66
19650000 4804.62
19700000 4816.42
19750000 4827.66
19800000 4839.88
19850000 4856.36
19900000 4869.66
19950000 4880.26
20000000 4888.94
20050000 4900.7
20100000 4909.66
20150000 4920.16
20200000 4933.22
20250000 4946.74
20300000 4957.5
20350000 4965.48
20400000 4979.2
20450000 4989.88
20500000 5001.98
20550000 5016.2
20600000 5029.8
20650000 5045.38
20700000 5057.08
20750000 5070.82
20800000 5085.74
20850000 5102.9
20900000 5115.82
20950000 5127.3
21000000 5138.6
21050000 5152.28
21100000 5164.62
21150000 5177.18
21200000 5190.08
21250000 5204.9
21300000 5215.24
21350000 5227.94
21400000 5241.92
21450000 5256.62
21500000 5269.24
21550000 5281.38
21600000 5291.52
21650000 5303.66
21700000 5318.18
21750000 5332.7
21800000 5348.24
21850000 5363.02
21900000 5376.42
21950000 5390.6
22000000 5407.66
22050000 5419.76
22100000 5432.22
22150000 5444.16
22200000 5455.3
22250000 5468.9
22300000 5478.3
22350000 5489.4
22400000 5505.22
22450000 5518.3
22500000 5531.28
22550000 5543.26
22600000 5556.02
22650000 5569.66
22700000 5580.8
22750000 5588.58
22800000 5597.98
22850000 5612.18
22900000 5623.86
22950000 5633.78
23000000 5647.32
23050000 5660.06
23100000 5673.82
23150000 5686.92
23200000 5696.42
23250000 5705.56
23300000 5717.74
23350000 5729.74
23400000 5739.8
23450000 5751.28
23500000 5763.94
23550000 5774.22
23600000 5786.32
23650000 5797
23700000 5808.58
23750000 5818.42
23800000 5829.08
23850000 5841.64
23900000 5854.08
23950000 5868.34
24000000 5880.02
24050000 5893.66
24100000 5907.84
24150000 5922.3
24200000 5932.66
24250000 5947.52
24300000 5957.94
24350000 5969.4
24400000 5980.54
24450000 5989.94
24500000 6000.04
24550000 6013.34
24600000 6024.12
24650000 6034.04
24700000 6046.24
24750000 6060.46
24800000 6071.84
24850000 6081.58
24900000 6093.88
24950000 6107.12
25000000 6120.08
25050000 6133.28
25100000 6146.96
25150000 6157.82
25200000 6168.5
25250000 6184.1
25300000 6198.3
25350000 6211.46
25400000 6228.06
25450000 6242.76
25500000 6256.66
25550000 6267.62
25600000 6285.08
25650000 6299.88
25700000 6313.66
25750000 6325.8
25800000 6336.52
25850000 6348.12
25900000 6362.22
25950000 6376.82
26000000 6390.82
26050000 6401.42
26100000 6413.3
26150000 6425.56
26200000 6437.66
26250000 6450.32
26300000 6462.44
26350000 6473.88
26400000 6485.5
26450000 6496.54
26500000 6507.72
26550000 6520.8
26600000 6536.72
26650000 6549.5
26700000 6562.58
26750000 6575.98
26800000 6587.94
26850000 6602.18
26900000 6616.26
26950000 6627
27000000 6639.1
27050000 6652.52
27100000 6666.56
27150000 6679.3
27200000 6695.38
27250000 6707.44
27300000 6721.4
27350000 6736.18
27400000 6748.56
27450000 6757.42
27500000 6768.98
27550000 6780.92
27600000 6795.36
27650000 6812.02
27700000 6828.5
27750000 6840.78
27800000 6853.16
27850000 6867.02
27900000 6879.44
27950000 6889.9
28000000 6901.24
28050000 6914.68
28100000 6926.24
28150000 6936.9
28200000 6950.56
28250000 6960.88
28300000 6970.98
28350000 6981.9
28400000 6993.92
28450000 7004.56
28500000 7018
28550000 7031.58
28600000 7042.78
28650000 7053.4
28700000 7068.26
28750000 7078.74
28800000 7090.06
28850000 7102.36
28900000 7114.16
28950000 7124.32
29000000 7137.4
29050000 7150.6
29100000 7162.3
29150000 7173.76
29200000 7188
29250000 7201.76
29300000 7214.68
29350000 7228.32
29400000 7243.2
29450000 7257.54
29500000 7269.82
29550000 7279.52
29600000 7292.16
29650000 7305.22
29700000 7316.46
29750000 7330
29800000 7343.32
29850000 7354.5
29900000 7369.4
29950000 7381.9
30000000 7395.34
30050000 7408.2
30100000 7417.58
30150000 7426.98
30200000 7437.92
30250000 7447.34
30300000 7461.7
30350000 7473.94
30400000 7488.42
30450000 7500.9
30500000 7513.02
30550000 7526.52
30600000 7537.5
30650000 7552.58
30700000 7562.28
30750000 7571.66
30800000 7587.48
30850000 7599.4
30900000 7612.14
30950000 7624.26
31000000 7635.96
31050000 7646.36
31100000 7659.4
31150000 7670.74
31200000 7679.82
31250000 7690.52
31300000 7704.6
31350000 7715.18
31400000 7727.04
31450000 7741.42
31500000 7752.28
31550000 7764.2
31600000 7777.42
31650000 7791.22
31700000 7803.26
31750000 7815.2
31800000 7827.66
31850000 7838.16
31900000 7854.88
31950000 7868.32
32000000 7880.1
32050000 7894.46
32100000 7908.1
32150000 7922.2
32200000 7932.14
32250000 7943.18
32300000 7953.92
32350000 7965.1
32400000 7976.74
32450000 7990.2
32500000 8003.1
32550000 8014.1
32600000 8031
32650000 8047.56
32700000 8057.6
32750000 8070
32800000 8083.24
32850000 8094.82
32900000 8107.08
32950000 8117.88
33000000 8128.84
33050000 8141.4
33100000 8158.3
33150000 8174.88
33200000 8188.78
33250000 8200.06
33300000 8211.58
33350000 8226.06
33400000 8238.94
33450000 8253.52
33500000 8262.2
33550000 8273.8
33600000 8285.42
33650000 8301.28
33700000 8317.12
33750000 8333.4
33800000 8345.82
33850000 8356.96
33900000 8369.76
33950000 8380.12
34000000 8390.26
34050000 8402.38
34100000 8412.62
34150000 8421.08
34200000 8430.74
34250000 8439.58
34300000 8449.62
34350000 8458.86
34400000 8467.38
34450000 8480.08
34500000 8490.74
34550000 8505.64
34600000 8518.32
34650000 8531.32
34700000 8544.24
34750000 8559.4
34800000 8573.28
34850000 8586.62
34900000 8598.72
34950000 8613.12
35000000 8625.56
35050000 8637.92
35100000 8650.44
35150000 8661.48
35200000 8671
35250000 8685
35300000 8698.68
35350000 8708.5
35400000 8719.18
35450000 8731.08
35500000 8743.24
35550000 8753.94
35600000 8767.1
35650000 8783.26
35700000 8798.16
35750000 8810.56
35800000 8823.04
35850000 8835.72
35900000 8848.48
35950000 8857.64
36000000 8872.08
36050000 8885.7
36100000 8897.02
36150000 8908.36
36200000 8917.52
36250000 8928.34
36300000 8939.72
36350000 8950.28
36400000 8967.8
36450000 8981.96
36500000 8996.2
36550000 9010.1
36600000 9022.82
36650000 9034.9
36700000 9047.72
36750000 9061.96
36800000 9071.18
36850000 9082.44
36900000 9092.04
36950000 9100.58
37000000 9113.18
37050000 9126.6
37100000 9136.3
37150000 9145.78
37200000 9157.04
37250000 9168.48
37300000 9181.94
37350000 9193.52
37400000 9206
37450000 9215.08
37500000 9229.5
37550000 9243.94
37600000 9254.74
37650000 9267.6
37700000 9279.3
37750000 9293.62
37800000 9306.2
37850000 9318.88
37900000 9330.16
37950000 9344.32
38000000 9357.92
38050000 9371.62
38100000 9384.2
38150000 9394.44
38200000 9402.06
38250000 9412.94
38300000 9424.48
38350000 9434.2
38400000 9447.56
38450000 9460.12
38500000 9474.34
38550000 9486.62
38600000 9498.4
38650000 9509.56
38700000 9523.56
38750000 9536.36
38800000 9546.3
38850000 9558.64
38900000 9569.74
38950000 9580.96
39000000 9594.1
39050000 9613.36
39100000 9629
39150000 9640.12
39200000 9650.06
39250000 9661.42
39300000 9676.5
39350000 9690.22
39400000 9702.42
39450000 9715.18
39500000 9723.1
39550000 9734.32
39600000 9745.72
39650000 9755.02
39700000 9766.38
39750000 9780.96
39800000 9790.7
39850000 9804.12
39900000 9818.44
39950000 9832.16
40000000 9847.04
40050000 9862.22
40100000 9875.32
40150000 9887.14
40200000 9900.26
40250000 9914.94
40300000 9926.88
40350000 9940.1
40400000 9953.46
40450000 9964.62
40500000 9979.36
40550000 9991.1
40600000 10002.3
40650000 10015.8
40700000 10026.6
40750000 10039
40800000 10050.8
40850000 10061.7
40900000 10073.5
40950000 10088.7
41000000 10103.7
41050000 10112.6
41100000 10126.1
41150000 10138.1
41200000 10149.4
41250000 10161.1
41300000 10172.9
41350000 10186.3
41400000 10198.5
41450000 10207.1
41500000 10221.3
41550000 10230.5
41600000 10241.1
41650000 10253
41700000 10263.8
41750000 10276.7
41800000 10286.7
41850000 10295
41900000 10305.7
41950000 10319.6
42000000 10337.7
42050000 10351.1
42100000 10364.3
42150000 10376.6
42200000 10384.7
42250000 10394.7
42300000 10408.3
42350000 10419.8
42400000 10431.1
42450000 10444.6
42500000 10458.8
42550000 10472
42600000 10487.1
42650000 10498.7
42700000 10511.5
42750000 10522
42800000 10533.6
42850000 10549.8
42900000 10562.4
42950000 10572.5
43000000 10584.7
43050000 10597.8
43100000 10610.9
43150000 10623
43200000 10633.9
43250000 10645.9
43300000 10659.2
43350000 10674.3
43400000 10688.1
43450000 10701.3
43500000 10715.8
43550000 10731.7
43600000 10742
43650000 10752.9
43700000 10762.3
43750000 10772.2
43800000 10783.7
43850000 10793.6
43900000 10806.9
43950000 10821.1
44000000 10837.5
44050000 10850.7
44100000 10866
44150000 10880
44200000 10888.9
44250000 10896.2
44300000 10906.1
44350000 10920.2
44400000 10930.6
44450000 10946.6
44500000 10961.3
44550000 10972.5
44600000 10982.8
44650000 10996.7
44700000 11013.8
44750000 11028.9
44800000 11043.9
44850000 11054.8
44900000 11066.8
44950000 11080.8
45000000 11091
45050000 11102.7
45100000 11114.4
45150000 11125.7
45200000 11139.4
45250000 11153
45300000 11163.6
45350000 11176.1
45400000 11186.3
45450000 11198.1
45500000 11210.8
45550000 11220.8
45600000 11231.5
45650000 11241.7
45700000 11252.9
45750000 11263.2
45800000 11275.2
45850000 11285.5
45900000 11297.1
45950000 11310
46000000 11323.9
46050000 11335.9
46100000 11349.8
46150000 11362.8
46200000 11376.1
46250000 11386.4
46300000 11397.8
46350000 11411.5
46400000 11425.1
46450000 11435.8
46500000 11444.9
46550000 11455.6
46600000 11468.1
46650000 11484.4
46700000 11498.4
46750000 11509.4
46800000 11522
46850000 11534.3
46900000 11547.4
46950000 11561.1
47000000 11574.3
47050000 11585.7
47100000 11596.5
47150000 11609.8
47200000 11621.7
47250000 11636.7
47300000 11648
47350000 11662.6
47400000 11676.9
47450000 11688.4
47500000 11702.6
47550000 11716.7
47600000 11730.6
47650000 11742
47700000 11756.4
47750000 11775.4
47800000 11788.8
47850000 11798
47900000 11811.5
47950000 11821.7
48000000 11835.1
48050000 11846.2
48100000 11854.7
48150000 11864.5
48200000 11877.4
48250000 11890
48300000 11901.7
48350000 11911.5
48400000 11927
48450000 11942
48500000 11955.5
48550000 11964.8
48600000 11978.9
48650000 11992.1
48700000 12002.9
48750000 12015.7
48800000 12028.2
48850000 12037.8
48900000 12052.1
48950000 12064.1
49000000 12079.8
49050000 12094.7
49100000 12107.9
49150000 12123.3
49200000 12134.3
49250000 12144.9
49300000 12157.6
49350000 12167.6
49400000 12179
49450000 12187.7
49500000 12198.3
49550000 12212.8
49600000 12227.6
49650000 12241.1
49700000 12255.9
49750000 12267.7
49800000 12279.9
49850000 12289.5
49900000 12299
49950000 12308.9
