0 0
50000 539.08
100000 1404.42
150000 2405.14
200000 4064.5
250000 5908.98
300000 7821.24
350000 10107.9
400000 12795
450000 16180.8
500000 20692.3
550000 23163.3
600000 27616.2
650000 31069.5
700000 37050.1
750000 43080
800000 48657.6
850000 55566.5
900000 61161.6
950000 68595.3
1000000 75465
1050000 82418.1
1100000 87851
1150000 95561.7
1200000 104030
1250000 112566
1300000 120260
1350000 128537
1400000 136075
1450000 145586
1500000 155076
1550000 165917
1600000 176152
1650000 186814
1700000 198262
1750000 206095
1800000 218040
1850000 229162
1900000 239812
1950000 251486
2000000 265444
2050000 281310
2100000 296600
2150000 312219
2200000 328072
2250000 344395
2300000 357634
2350000 372642
2400000 390890
2450000 406987
2500000 420913
2550000 435665
2600000 448265
2650000 466296
2700000 487043
2750000 506080
2800000 522229
2850000 536402
2900000 550998
2950000 565069
3000000 588747
3050000 607513
3100000 621494
3150000 637310
3200000 654832
3250000 678110
3300000 693765
3350000 714200
3400000 742398
3450000 763149
3500000 790310
3550000 813101
3600000 836863
3650000 864492
3700000 887305
3750000 904316
3800000 926833
3850000 949102
3900000 979360
3950000 1.00252e+06
4000000 1.03225e+06
4050000 1.05435e+06
4100000 1.08389e+06
4150000 1.11357e+06
4200000 1.13896e+06
4250000 1.16411e+06
4300000 1.19615e+06
4350000 1.22157e+06
4400000 1.25172e+06
4450000 1.27876e+06
4500000 1.30577e+06
4550000 1.33981e+06
4600000 1.3712e+06
4650000 1.40128e+06
4700000 1.43662e+06
4750000 1.46362e+06
4800000 1.49652e+06
4850000 1.52002e+06
4900000 1.54721e+06
4950000 1.56955e+06
5000000 1.5928e+06
5050000 1.62874e+06
5100000 1.6563e+06
5150000 1.6882e+06
5200000 1.72374e+06
5250000 1.75629e+06
5300000 1.79228e+06
5350000 1.82024e+06
5400000 1.86161e+06
5450000 1.90815e+06
5500000 1.94707e+06
5550000 1.98542e+06
5600000 2.02173e+06
5650000 2.05581e+06
5700000 2.08807e+06
5750000 2.12338e+06
5800000 2.15639e+06
5850000 2.19791e+06
5900000 2.25035e+06
5950000 2.29297e+06
6000000 2.34895e+06
6050000 2.3863e+06
6100000 2.42132e+06
6150000 2.46127e+06
6200000 2.50823e+06
6250000 2.55381e+06
6300000 2.59037e+06
6350000 2.63631e+06
6400000 2.69204e+06
6450000 2.73619e+06
6500000 2.76732e+06
6550000 2.81704e+06
6600000 2.86206e+06
6650000 2.9064e+06
6700000 2.94416e+06
6750000 2.97736e+06
6800000 3.01569e+06
6850000 3.04679e+06
6900000 3.08294e+06
6950000 3.12841e+06
7000000 3.174e+06
7050000 3.21745e+06
7100000 3.25395e+06
7150000 3.29876e+06
7200000 3.35347e+06
7250000 3.39093e+06
7300000 3.43992e+06
7350000 3.49062e+06
7400000 3.53189e+06
7450000 3.57717e+06
7500000 3.62654e+06
7550000 3.66911e+06
7600000 3.71863e+06
7650000 3.76104e+06
7700000 3.80723e+06
7750000 3.84928e+06
7800000 3.90084e+06
7850000 3.95198e+06
7900000 4.00667e+06
7950000 4.05088e+06
8000000 4.09371e+06
8050000 4.13785e+06
8100000 4.18866e+06
8150000 4.22587e+06
8200000 4.27123e+06
8250000 4.30926e+06
8300000 4.35997e+06
8350000 4.4096e+06
8400000 4.45377e+06
8450000 4.50558e+06
8500000 4.57752e+06
8550000 4.63958e+06
8600000 4.67707e+06
8650000 4.73277e+06
8700000 4.79844e+06
8750000 4.86547e+06
8800000 4.9177e+06
8850000 4.96136e+06
8900000 5.02094e+06
8950000 5.07351e+06
9000000 5.1235e+06
9050000 5.16909e+06
9100000 5.22544e+06
9150000 5.29107e+06
9200000 5.34221e+06
9250000 5.38194e+06
9300000 5.43102e+06
9350000 5.47291e+06
9400000 5.52098e+06
9450000 5.57571e+06
9500000 5.62563e+06
9550000 5.67995e+06
9600000 5.73406e+06
9650000 5.79382e+06
9700000 5.83716e+06
9750000 5.90635e+06
9800000 5.96098e+06
9850000 6.01694e+06
9900000 6.09037e+06
9950000 6.15178e+06
10000000 6.21101e+06
10050000 6.2676e+06
10100000 6.34125e+06
10150000 6.41486e+06
10200000 6.46881e+06
10250000 6.53502e+06
10300000 6.57933e+06
10350000 6.62981e+06
10400000 6.68791e+06
10450000 6.74357e+06
10500000 6.82191e+06
10550000 6.91832e+06
10600000 6.99266e+06
10650000 7.05619e+06
10700000 7.12079e+06
10750000 7.18814e+06
10800000 7.26685e+06
10850000 7.32922e+06
10900000 7.40372e+06
10950000 7.48661e+06
11000000 7.5454e+06
11050000 7.6016e+06
11100000 7.64585e+06
11150000 7.69713e+06
11200000 7.74105e+06
11250000 7.81231e+06
11300000 7.89185e+06
11350000 7.97997e+06
11400000 8.04827e+06
11450000 8.1353e+06
11500000 8.22538e+06
11550000 8.30286e+06
11600000 8.36417e+06
11650000 8.437e+06
11700000 8.50851e+06
11750000 8.58914e+06
11800000 8.65406e+06
11850000 8.74216e+06
11900000 8.83219e+06
11950000 8.89589e+06
12000000 8.969e+06
12050000 9.05624e+06
12100000 9.1491e+06
12150000 9.22896e+06
12200000 9.30872e+06
12250000 9.39649e+06
12300000 9.4852e+06
12350000 9.57001e+06
12400000 9.63217e+06
12450000 9.69708e+06
12500000 9.77539e+06
12550000 9.84603e+06
12600000 9.93703e+06
12650000 1.00059e+07
12700000 1.00517e+07
12750000 1.01032e+07
12800000 1.01688e+07
12850000 1.02512e+07
12900000 1.03352e+07
12950000 1.04037e+07
13000000 1.04918e+07
13050000 1.05575e+07
13100000 1.06224e+07
13150000 1.06945e+07
13200000 1.07762e+07
13250000 1.08518e+07
13300000 1.09431e+07
13350000 1.10289e+07
13400000 1.11096e+07
13450000 1.11805e+07
13500000 1.12696e+07
13550000 1.13656e+07
13600000 1.14373e+07
13650000 1.15225e+07
13700000 1.16075e+07
13750000 1.16922e+07
13800000 1.17653e+07
13850000 1.18405e+07
13900000 1.19091e+07
13950000 1.19837e+07
14000000 1.20545e+07
14050000 1.21412e+07
14100000 1.22294e+07
14150000 1.23089e+07
14200000 1.2409e+07
14250000 1.25019e+07
14300000 1.26018e+07
14350000 1.27235e+07
14400000 1.28189e+07
14450000 1.29071e+07
14500000 1.29662e+07
14550000 1.30727e+07
14600000 1.31632e+07
14650000 1.32488e+07
14700000 1.33308e+07
14750000 1.34198e+07
14800000 1.34971e+07
14850000 1.35816e+07
14900000 1.36841e+07
14950000 1.37868e+07
15000000 1.39041e+07
15050000 1.39893e+07
15100000 1.40905e+07
15150000 1.41877e+07
15200000 1.42766e+07
15250000 1.43811e+07
15300000 1.44643e+07
15350000 1.45387e+07
15400000 1.46333e+07
15450000 1.47133e+07
15500000 1.48016e+07
15550000 1.49172e+07
15600000 1.49874e+07
15650000 1.51049e+07
15700000 1.52182e+07
15750000 1.53228e+07
15800000 1.53948e+07
15850000 1.54758e+07
15900000 1.55544e+07
15950000 1.56653e+07
16000000 1.57706e+07
16050000 1.58417e+07
16100000 1.59238e+07
16150000 1.60132e+07
16200000 1.61396e+07
16250000 1.6236e+07
16300000 1.63185e+07
16350000 1.64069e+07
16400000 1.64826e+07
16450000 1.65837e+07
16500000 1.66719e+07
16550000 1.67666e+07
16600000 1.6874e+07
16650000 1.70052e+07
16700000 1.712e+07
16750000 1.72284e+07
16800000 1.73138e+07
16850000 1.74021e+07
16900000 1.74975e+07
16950000 1.7578e+07
17000000 1.76822e+07
17050000 1.77835e+07
17100000 1.78773e+07
17150000 1.79945e+07
17200000 1.80978e+07
17250000 1.81976e+07
17300000 1.83173e+07
17350000 1.84226e+07
17400000 1.85072e+07
17450000 1.86461e+07
17500000 1.87996e+07
17550000 1.89122e+07
17600000 1.9004e+07
17650000 1.90872e+07
17700000 1.91981e+07
17750000 1.93129e+07
17800000 1.94343e+07
17850000 1.95466e+07
17900000 1.9644e+07
17950000 1.97515e+07
18000000 1.98603e+07
18050000 1.99664e+07
18100000 2.00741e+07
18150000 2.01585e+07
18200000 2.02565e+07
18250000 2.0379e+07
18300000 2.04993e+07
18350000 2.05937e+07
18400000 2.0711e+07
18450000 2.08084e+07
18500000 2.09152e+07
18550000 2.10546e+07
18600000 2.11871e+07
18650000 2.13001e+07
18700000 2.13983e+07
18750000 2.14979e+07
18800000 2.15665e+07
18850000 2.16877e+07
18900000 2.18101e+07
18950000 2.19339e+07
19000000 2.20641e+07
19050000 2.21738e+07
19100000 2.22794e+07
19150000 2.23599e+07
19200000 2.24661e+07
19250000 2.25362e+07
19300000 2.26553e+07
19350000 2.27676e+07
19400000 2.28915e+07
19450000 2.29833e+07
19500000 2.30749e+07
19550000 2.31378e+07
19600000 2.32342e+07
19650000 2.33295e+07
19700000 2.34406e+07
19750000 2.35469e+07
19800000 2.36636e+07
19850000 2.3823e+07
19900000 2.39539e+07
19950000 2.40573e+07
20000000 2.41425e+07
20050000 2.4258e+07
20100000 2.43457e+07
20150000 2.44477e+07
20200000 2.45793e+07
20250000 2.47144e+07
20300000 2.48229e+07
20350000 2.49046e+07
20400000 2.5037e+07
20450000 2.51479e+07
20500000 2.52739e+07
20550000 2.5419e+07
20600000 2.55552e+07
20650000 2.57128e+07
20700000 2.58352e+07
20750000 2.59789e+07
20800000 2.61311e+07
20850000 2.63095e+07
20900000 2.64421e+07
20950000 2.65577e+07
21000000 2.66781e+07
21050000 2.68213e+07
21100000 2.69483e+07
21150000 2.70775e+07
21200000 2.72092e+07
21250000 2.73599e+07
21300000 2.74687e+07
21350000 2.76003e+07
21400000 2.77499e+07
21450000 2.79054e+07
21500000 2.80366e+07
21550000 2.81641e+07
21600000 2.82723e+07
21650000 2.84025e+07
21700000 2.85536e+07
21750000 2.8708e+07
21800000 2.888e+07
21850000 2.90411e+07
21900000 2.91852e+07
21950000 2.93394e+07
22000000 2.9523e+07
22050000 2.96557e+07
22100000 2.97926e+07
22150000 2.99236e+07
22200000 3.00446e+07
22250000 3.01945e+07
22300000 3.02956e+07
22350000 3.04163e+07
22400000 3.05925e+07
22450000 3.07389e+07
22500000 3.08867e+07
22550000 3.10222e+07
22600000 3.11634e+07
22650000 3.13149e+07
22700000 3.14387e+07
22750000 3.15257e+07
22800000 3.16293e+07
22850000 3.17842e+07
22900000 3.19131e+07
22950000 3.20226e+07
23000000 3.21768e+07
23050000 3.23225e+07
23100000 3.24792e+07
23150000 3.26281e+07
23200000 3.27353e+07
23250000 3.28402e+07
23300000 3.29794e+07
23350000 3.31193e+07
23400000 3.32378e+07
23450000 3.33716e+07
23500000 3.35165e+07
23550000 3.36363e+07
23600000 3.37757e+07
23650000 3.38991e+07
23700000 3.40314e+07
23750000 3.41442e+07
23800000 3.42676e+07
23850000 3.4416e+07
23900000 3.45606e+07
23950000 3.47288e+07
24000000 3.48683e+07
24050000 3.5027e+07
24100000 3.51937e+07
24150000 3.5368e+07
24200000 3.54883e+07
24250000 3.56617e+07
24300000 3.57853e+07
24350000 3.59215e+07
24400000 3.60544e+07
24450000 3.61691e+07
24500000 3.62923e+07
24550000 3.64545e+07
24600000 3.65838e+07
24650000 3.67025e+07
24700000 3.6849e+07
24750000 3.70205e+07
24800000 3.71605e+07
24850000 3.72813e+07
24900000 3.74303e+07
24950000 3.75924e+07
25000000 3.77497e+07
25050000 3.79134e+07
25100000 3.80841e+07
25150000 3.82153e+07
25200000 3.8343e+07
25250000 3.85301e+07
25300000 3.87032e+07
25350000 3.88627e+07
25400000 3.90668e+07
25450000 3.92518e+07
25500000 3.94238e+07
25550000 3.95579e+07
25600000 3.97811e+07
25650000 3.9967e+07
25700000 4.01377e+07
25750000 4.02927e+07
25800000 4.04273e+07
25850000 4.05745e+07
25900000 4.07509e+07
25950000 4.09408e+07
26000000 4.11213e+07
26050000 4.12559e+07
26100000 4.14103e+07
26150000 4.15683e+07
26200000 4.17246e+07
26250000 4.18858e+07
26300000 4.20442e+07
26350000 4.21912e+07
26400000 4.23372e+07
26450000 4.24824e+07
26500000 4.2626e+07
26550000 4.27971e+07
26600000 4.30048e+07
26650000 4.31727e+07
26700000 4.33434e+07
26750000 4.35211e+07
26800000 4.36788e+07
26850000 4.38679e+07
26900000 4.40547e+07
26950000 4.41971e+07
27000000 4.43587e+07
27050000 4.45385e+07
27100000 4.47231e+07
27150000 4.489e+07
27200000 4.51041e+07
27250000 4.52667e+07
27300000 4.54552e+07
27350000 4.56572e+07
27400000 4.58263e+07
27450000 4.59458e+07
27500000 4.61016e+07
27550000 4.62682e+07
27600000 4.64657e+07
27650000 4.66952e+07
27700000 4.69249e+07
27750000 4.70966e+07
27800000 4.72681e+07
27850000 4.74607e+07
27900000 4.76306e+07
27950000 4.77752e+07
28000000 4.79315e+07
28050000 4.81187e+07
28100000 4.82786e+07
28150000 4.84262e+07
28200000 4.86156e+07
28250000 4.87598e+07
28300000 4.88986e+07
28350000 4.90517e+07
28400000 4.92192e+07
28450000 4.93708e+07
28500000 4.95642e+07
28550000 4.97589e+07
28600000 4.99159e+07
28650000 5.00672e+07
28700000 5.02783e+07
28750000 5.04277e+07
28800000 5.05903e+07
28850000 5.07659e+07
28900000 5.09352e+07
28950000 5.10802e+07
29000000 5.12704e+07
29050000 5.14591e+07
29100000 5.16279e+07
29150000 5.17923e+07
29200000 5.20003e+07
29250000 5.2196e+07
29300000 5.23804e+07
29350000 5.25762e+07
29400000 5.2796e+07
29450000 5.30022e+07
29500000 5.31774e+07
29550000 5.33154e+07
29600000 5.35024e+07
29650000 5.36938e+07
29700000 5.38592e+07
29750000 5.40629e+07
29800000 5.42619e+07
29850000 5.44299e+07
29900000 5.46479e+07
29950000 5.48341e+07
30000000 5.50335e+07
30050000 5.52235e+07
30100000 5.53636e+07
30150000 5.55009e+07
30200000 5.56598e+07
30250000 5.57992e+07
30300000 5.60116e+07
30350000 5.61949e+07
30400000 5.64129e+07
30450000 5.66031e+07
30500000 5.67887e+07
30550000 5.69899e+07
30600000 5.7158e+07
30650000 5.73855e+07
30700000 5.75308e+07
30750000 5.76761e+07
30800000 5.7917e+07
30850000 5.80976e+07
30900000 5.82896e+07
30950000 5.84754e+07
31000000 5.86552e+07
31050000 5.88148e+07
31100000 5.90149e+07
31150000 5.9192e+07
31200000 5.93333e+07
31250000 5.95001e+07
31300000 5.97173e+07
31350000 5.9881e+07
31400000 6.00671e+07
31450000 6.02942e+07
31500000 6.04632e+07
31550000 6.06511e+07
31600000 6.08543e+07
31650000 6.10632e+07
31700000 6.12518e+07
31750000 6.14439e+07
31800000 6.16403e+07
31850000 6.18037e+07
31900000 6.20625e+07
31950000 6.22765e+07
32000000 6.24604e+07
32050000 6.26925e+07
32100000 6.29129e+07
32150000 6.31331e+07
32200000 6.32896e+07
32250000 6.34637e+07
32300000 6.36348e+07
32350000 6.3814e+07
32400000 6.40042e+07
32450000 6.42178e+07
32500000 6.44225e+07
32550000 6.45985e+07
32600000 6.4868e+07
32650000 6.51317e+07
32700000 6.52932e+07
32750000 6.54949e+07
32800000 6.57084e+07
32850000 6.58982e+07
32900000 6.60978e+07
32950000 6.62717e+07
33000000 6.64496e+07
33050000 6.66532e+07
33100000 6.69243e+07
33150000 6.71921e+07
33200000 6.74193e+07
33250000 6.76057e+07
33300000 6.78006e+07
33350000 6.80431e+07
33400000 6.82537e+07
33450000 6.84922e+07
33500000 6.86348e+07
33550000 6.88243e+07
33600000 6.90158e+07
33650000 6.92766e+07
33700000 6.95456e+07
33750000 6.9821e+07
33800000 7.00254e+07
33850000 7.02097e+07
33900000 7.04192e+07
33950000 7.05921e+07
34000000 7.07629e+07
34050000 7.09674e+07
34100000 7.11393e+07
34150000 7.12806e+07
34200000 7.14402e+07
34250000 7.15894e+07
34300000 7.17566e+07
34350000 7.19142e+07
34400000 7.20591e+07
34450000 7.22729e+07
34500000 7.24515e+07
34550000 7.27023e+07
34600000 7.29206e+07
34650000 7.31475e+07
34700000 7.33717e+07
34750000 7.36288e+07
34800000 7.3866e+07
34850000 7.40923e+07
34900000 7.43014e+07
34950000 7.45529e+07
35000000 7.47689e+07
35050000 7.49806e+07
35100000 7.52001e+07
35150000 7.53912e+07
35200000 7.55569e+07
35250000 7.57997e+07
35300000 7.60371e+07
35350000 7.62138e+07
35400000 7.64008e+07
35450000 7.66075e+07
35500000 7.68201e+07
35550000 7.70081e+07
35600000 7.72413e+07
35650000 7.75285e+07
35700000 7.77886e+07
35750000 7.80069e+07
35800000 7.82235e+07
35850000 7.84468e+07
35900000 7.86782e+07
35950000 7.88389e+07
36000000 7.90945e+07
36050000 7.93368e+07
36100000 7.95394e+07
36150000 7.97471e+07
36200000 7.99179e+07
36250000 8.01165e+07
36300000 8.03214e+07
36350000 8.05093e+07
36400000 8.08219e+07
36450000 8.10762e+07
36500000 8.13353e+07
36550000 8.15886e+07
36600000 8.18211e+07
36650000 8.20418e+07
36700000 8.22782e+07
36750000 8.25393e+07
36800000 8.27044e+07
36850000 8.29068e+07
36900000 8.30774e+07
36950000 8.32318e+07
37000000 8.34615e+07
37050000 8.37083e+07
37100000 8.38886e+07
37150000 8.4061e+07
37200000 8.42722e+07
37250000 8.44847e+07
37300000 8.47359e+07
37350000 8.49488e+07
37400000 8.51826e+07
37450000 8.53486e+07
37500000 8.56169e+07
37550000 8.58811e+07
37600000 8.60793e+07
37650000 8.63222e+07
37700000 8.65398e+07
37750000 8.68062e+07
37800000 8.70422e+07
37850000 8.728e+07
37900000 8.74906e+07
37950000 8.77509e+07
38000000 8.80045e+07
38050000 8.82584e+07
38100000 8.8492e+07
38150000 8.86841e+07
38200000 8.8828e+07
38250000 8.90318e+07
38300000 8.92489e+07
38350000 8.94318e+07
38400000 8.96851e+07
38450000 8.99262e+07
38500000 9.01962e+07
38550000 9.04288e+07
38600000 9.06513e+07
38650000 9.08642e+07
38700000 9.11247e+07
38750000 9.13666e+07
38800000 9.15566e+07
38850000 9.17889e+07
38900000 9.20039e+07
38950000 9.22202e+07
39000000 9.24738e+07
39050000 9.28455e+07
39100000 9.31476e+07
39150000 9.33651e+07
39200000 9.35585e+07
39250000 9.37736e+07
39300000 9.40691e+07
39350000 9.43387e+07
39400000 9.4575e+07
39450000 9.48192e+07
39500000 9.49732e+07
39550000 9.51955e+07
39600000 9.5419e+07
39650000 9.56026e+07
39700000 9.58279e+07
39750000 9.6117e+07
39800000 9.6309e+07
39850000 9.65732e+07
39900000 9.68563e+07
39950000 9.7124e+07
40000000 9.74132e+07
40050000 9.77146e+07
40100000 9.79762e+07
40150000 9.82144e+07
40200000 9.84768e+07
40250000 9.87689e+07
40300000 9.90062e+07
40350000 9.92745e+07
40400000 9.95398e+07
40450000 9.97634e+07
40500000 1.00059e+08
40550000 1.00293e+08
40600000 1.00513e+08
40650000 1.00779e+08
40700000 1.00995e+08
40750000 1.01247e+08
40800000 1.01482e+08
40850000 1.01698e+08
40900000 1.01938e+08
40950000 1.02244e+08
41000000 1.02546e+08
41050000 1.02728e+08
41100000 1.03003e+08
41150000 1.03248e+08
41200000 1.03477e+08
41250000 1.03712e+08
41300000 1.03955e+08
41350000 1.04227e+08
41400000 1.04477e+08
41450000 1.04656e+08
41500000 1.04942e+08
41550000 1.05132e+08
41600000 1.05347e+08
41650000 1.05592e+08
41700000 1.05814e+08
41750000 1.06083e+08
41800000 1.06288e+08
41850000 1.06458e+08
41900000 1.06676e+08
41950000 1.06962e+08
42000000 1.07334e+08
42050000 1.0761e+08
42100000 1.07882e+08
42150000 1.08139e+08
42200000 1.08312e+08
42250000 1.08523e+08
42300000 1.08804e+08
42350000 1.09045e+08
42400000 1.09281e+08
42450000 1.09554e+08
42500000 1.09852e+08
42550000 1.10123e+08
42600000 1.10437e+08
42650000 1.10678e+08
42700000 1.10942e+08
42750000 1.11159e+08
42800000 1.11404e+08
42850000 1.11751e+08
42900000 1.12021e+08
42950000 1.12241e+08
43000000 1.12499e+08
43050000 1.12778e+08
43100000 1.13059e+08
43150000 1.13317e+08
43200000 1.13547e+08
43250000 1.13801e+08
43300000 1.1408e+08
43350000 1.14399e+08
43400000 1.1469e+08
43450000 1.14971e+08
43500000 1.15283e+08
43550000 1.1563e+08
43600000 1.15852e+08
43650000 1.16078e+08
43700000 1.16278e+08
43750000 1.16492e+08
43800000 1.16741e+08
43850000 1.1696e+08
43900000 1.17248e+08
43950000 1.17554e+08
44000000 1.179e+08
44050000 1.18185e+08
44100000 1.18513e+08
44150000 1.18816e+08
44200000 1.19012e+08
44250000 1.1917e+08
44300000 1.19386e+08
44350000 1.19695e+08
44400000 1.19924e+08
44450000 1.20267e+08
44500000 1.20587e+08
44550000 1.20833e+08
44600000 1.2106e+08
44650000 1.21367e+08
44700000 1.21742e+08
44750000 1.22077e+08
44800000 1.22406e+08
44850000 1.22647e+08
44900000 1.22915e+08
44950000 1.23226e+08
45000000 1.23455e+08
45050000 1.23715e+08
45100000 1.23978e+08
45150000 1.2423e+08
45200000 1.24539e+08
45250000 1.24845e+08
45300000 1.25073e+08
45350000 1.25348e+08
45400000 1.25577e+08
45450000 1.25836e+08
45500000 1.26123e+08
45550000 1.26352e+08
45600000 1.26596e+08
45650000 1.26827e+08
45700000 1.27078e+08
45750000 1.27313e+08
45800000 1.27589e+08
45850000 1.27821e+08
45900000 1.28084e+08
45950000 1.28372e+08
46000000 1.28684e+08
46050000 1.28956e+08
46100000 1.29276e+08
46150000 1.29568e+08
46200000 1.29865e+08
46250000 1.30095e+08
46300000 1.30354e+08
46350000 1.30665e+08
46400000 1.30972e+08
46450000 1.31216e+08
46500000 1.31423e+08
46550000 1.31672e+08
46600000 1.31964e+08
46650000 1.32338e+08
46700000 1.32655e+08
46750000 1.32908e+08
46800000 1.33202e+08
46850000 1.33488e+08
46900000 1.33794e+08
46950000 1.34108e+08
47000000 1.3441e+08
47050000 1.34675e+08
47100000 1.34924e+08
47150000 1.35234e+08
47200000 1.3551e+08
47250000 1.35861e+08
47300000 1.36125e+08
47350000 1.36466e+08
47400000 1.36798e+08
47450000 1.37072e+08
47500000 1.3741e+08
47550000 1.37744e+08
47600000 1.38072e+08
47650000 1.38337e+08
47700000 1.38676e+08
47750000 1.3913e+08
47800000 1.39453e+08
47850000 1.39676e+08
47900000 1.39998e+08
47950000 1.40232e+08
48000000 1.40546e+08
48050000 1.40802e+08
48100000 1.41003e+08
48150000 1.41235e+08
48200000 1.41537e+08
48250000 1.41836e+08
48300000 1.42115e+08
48350000 1.42346e+08
48400000 1.42715e+08
48450000 1.43072e+08
48500000 1.43399e+08
48550000 1.43621e+08
48600000 1.4396e+08
48650000 1.44269e+08
48700000 1.44529e+08
48750000 1.44838e+08
48800000 1.45142e+08
48850000 1.45378e+08
48900000 1.45728e+08
48950000 1.46021e+08
49000000 1.46395e+08
49050000 1.46755e+08
49100000 1.47075e+08
49150000 1.47452e+08
49200000 1.4772e+08
49250000 1.47974e+08
49300000 1.48281e+08
49350000 1.48529e+08
49400000 1.48806e+08
49450000 1.49022e+08
49500000 1.49284e+08
49550000 1.49638e+08
49600000 1.50004e+08
49650000 1.50335e+08
49700000 1.50697e+08
49750000 1.50988e+08
49800000 1.51291e+08
49850000 1.51524e+08
49900000 1.51757e+08
49950000 1.51995e+08
