0 0
50000 21.86
100000 45.18
150000 68.46
200000 91.54
250000 114.62
300000 137.42
350000 160.12
400000 182.7
450000 205.36
500000 227.78
550000 249.52
600000 270.94
650000 292.18
700000 314.26
750000 336.04
800000 357.2
850000 378.88
900000 400.06
950000 421.1
1000000 441.82
1050000 462.66
1100000 483.7
1150000 505.42
1200000 526.9
1250000 548.18
1300000 569.46
1350000 590.24
1400000 610.98
1450000 631.88
1500000 653.24
1550000 674.3
1600000 695.12
1650000 715.94
1700000 737.16
1750000 758.32
1800000 778.82
1850000 798.86
1900000 818.7
1950000 838.16
2000000 857.8
2050000 877.32
2100000 896.7
2150000 916.08
2200000 935.46
2250000 954.96
2300000 975.28
2350000 995.96
2400000 1016.9
2450000 1037.34
2500000 1057.76
2550000 1077.84
2600000 1098.02
2650000 1118.3
2700000 1138.94
2750000 1159.5
2800000 1180.12
2850000 1200.64
2900000 1221.26
2950000 1241.94
3000000 1262.6
3050000 1283.2
3100000 1304.14
3150000 1324.68
3200000 1344.98
3250000 1365.5
3300000 1385.68
3350000 1405.8
3400000 1425.88
3450000 1445.84
3500000 1465.02
3550000 1484.52
3600000 1504.06
3650000 1524.26
3700000 1544.24
3750000 1564.2
3800000 1584.44
3850000 1604.7
3900000 1624.86
3950000 1644.74
4000000 1664.16
4050000 1684.26
4100000 1703.88
4150000 1723.68
4200000 1743.28
4250000 1763.06
4300000 1782.32
4350000 1801.84
4400000 1821.4
4450000 1840.82
4500000 1860.28
4550000 1879.66
4600000 1898.5
4650000 1917.54
4700000 1936.08
4750000 1954.02
4800000 1972.64
4850000 1991.28
4900000 2009.96
4950000 2028.9
5000000 2048.44
5050000 2067.06
5100000 2085.56
5150000 2104.12
5200000 2122.28
5250000 2141.34
5300000 2160.18
5350000 2179.18
5400000 2198.34
5450000 2217.42
5500000 2236.52
5550000 2255.26
5600000 2274.28
5650000 2292.86
5700000 2311.16
5750000 2329.68
5800000 2347.6
5850000 2365.28
5900000 2383.26
5950000 2401.1
6000000 2418.84
6050000 2436.9
6100000 2454.86
6150000 2472.48
6200000 2490.48
6250000 2508.54
6300000 2526.22
6350000 2544.14
6400000 2562.24
6450000 2580.24
6500000 2598.52
6550000 2616.96
6600000 2635.36
6650000 2654
6700000 2672.96
6750000 2692.08
6800000 2711.4
6850000 2730.72
6900000 2750.4
6950000 2770.34
7000000 2790.08
7050000 2810.04
7100000 2830.58
7150000 2851.14
7200000 2871.46
7250000 2891.18
7300000 2910.44
7350000 2929.56
7400000 2948.76
7450000 2967.52
7500000 2986.08
7550000 3004.96
7600000 3023.96
7650000 3042.52
7700000 3061.04
7750000 3079.24
7800000 3097.74
7850000 3116.16
7900000 3135.08
7950000 3153.86
8000000 3172.9
8050000 3192.24
8100000 3211.5
8150000 3230.98
8200000 3250.42
8250000 3269.84
8300000 3289.36
8350000 3308.58
8400000 3328.04
8450000 3347.46
8500000 3366.62
8550000 3385.84
8600000 3404.58
8650000 3423.12
8700000 3441.22
8750000 3460.02
8800000 3478.92
8850000 3497.42
8900000 3516.16
8950000 3535.04
9000000 3554.2
9050000 3573.12
9100000 3592.24
9150000 3611.44
9200000 3630.52
9250000 3649.58
9300000 3668.26
9350000 3686.7
9400000 3705.82
9450000 3724.74
9500000 3743.84
9550000 3762.52
9600000 3781.48
9650000 3799.92
9700000 3818.4
9750000 3836.34
9800000 3854.24
9850000 3872.32
9900000 3890.44
9950000 3908.54
10000000 3926.56
10050000 3944.5
10100000 3962.28
10150000 3979.94
10200000 3997.2
10250000 4014.66
10300000 4032.12
10350000 4049.2
10400000 4066.06
10450000 4083.16
10500000 4100.48
10550000 4117.9
10600000 4135.3
10650000 4152.36
10700000 4169.62
10750000 4186.72
10800000 4204.38
10850000 4221.72
10900000 4238.9
10950000 4255.74
11000000 4272.44
11050000 4289.32
11100000 4306.16
11150000 4323.16
11200000 4340.5
11250000 4357.86
11300000 4375.98
11350000 4394
11400000 4411.64
11450000 4429.74
11500000 4447.76
11550000 4465.22
11600000 4483
11650000 4500.98
11700000 4518.92
11750000 4536.94
11800000 4554.32
11850000 4572.24
11900000 4589.66
11950000 4607.64
12000000 4625.48
12050000 4643.12
12100000 4661.46
12150000 4679.06
12200000 4697.06
12250000 4714.42
12300000 4732.12
12350000 4749.42
12400000 4766.76
12450000 4783.96
12500000 4800.84
12550000 4817.98
12600000 4834.94
12650000 4851.94
12700000 4868.82
12750000 4885.96
12800000 4903.38
12850000 4921.3
12900000 4939.42
12950000 4956.78
13000000 4974.58
13050000 4992.24
13100000 5009.56
13150000 5026.62
13200000 5044
13250000 5061.7
13300000 5079.34
13350000 5097.4
13400000 5114.62
13450000 5131.94
13500000 5148.66
13550000 5165.34
13600000 5182.68
13650000 5199.98
13700000 5217.36
13750000 5234.42
13800000 5251.66
13850000 5267.9
13900000 5283.94
13950000 5301.06
14000000 5317.54
14050000 5333.94
14100000 5350.24
14150000 5366.7
14200000 5383.44
14250000 5400.12
14300000 5416.74
14350000 5433.06
14400000 5449
14450000 5465.44
14500000 5481.78
14550000 5497.98
14600000 5514.56
14650000 5531.82
14700000 5550.1
14750000 5568.34
14800000 5586.48
14850000 5604.46
14900000 5622.34
14950000 5640.18
15000000 5657.9
15050000 5675.86
15100000 5693.22
15150000 5711.44
15200000 5729.42
15250000 5747.96
15300000 5766.26
15350000 5785.14
15400000 5804.58
15450000 5824.3
15500000 5843.24
15550000 5862.04
15600000 5881.04
15650000 5899.48
15700000 5918
15750000 5936.18
15800000 5954.48
15850000 5972.68
15900000 5991.18
15950000 6009.48
16000000 6027.28
16050000 6045.56
16100000 6063.92
16150000 6082.3
16200000 6100.52
16250000 6118.78
16300000 6137.18
16350000 6155.74
16400000 6174.42
16450000 6193.02
16500000 6212.18
16550000 6231.16
16600000 6250.12
16650000 6269.36
16700000 6287.56
16750000 6305.68
16800000 6323.9
16850000 6342.56
16900000 6361.18
16950000 6379.4
17000000 6398.18
17050000 6416.38
17100000 6434.84
17150000 6452.62
17200000 6470.78
17250000 6488.62
17300000 6506.38
17350000 6524.26
17400000 6542.24
17450000 6560.34
17500000 6578.3
17550000 6596.04
17600000 6613.9
17650000 6631.36
17700000 6649.18
17750000 6667.22
17800000 6685.36
17850000 6703.14
17900000 6720.84
17950000 6739.34
18000000 6757.16
18050000 6775.26
18100000 6793.12
18150000 6811
18200000 6828.76
18250000 6846.8
18300000 6864.98
18350000 6883.68
18400000 6901.5
18450000 6919.52
18500000 6937.58
18550000 6955.44
18600000 6973.66
18650000 6992.54
18700000 7011.22
18750000 7029.2
18800000 7047.96
18850000 7066.32
18900000 7084.62
18950000 7102.8
19000000 7121.46
19050000 7140
19100000 7158.58
19150000 7176.54
19200000 7195.02
19250000 7213.34
19300000 7231.48
19350000 7249.52
19400000 7267.86
19450000 7286.18
19500000 7304.32
19550000 7323.28
19600000 7342.38
19650000 7360.98
19700000 7379.72
19750000 7397.96
19800000 7416.6
19850000 7435.06
19900000 7453.44
19950000 7471.54
20000000 7489.98
20050000 7507.8
20100000 7525.7
20150000 7543.48
20200000 7561.46
20250000 7579.16
20300000 7597.08
20350000 7614.9
20400000 7632.92
20450000 7650.3
20500000 7668.04
20550000 7685.84
20600000 7703.74
20650000 7722.2
20700000 7740.7
20750000 7759
20800000 7777.78
20850000 7796.66
20900000 7815.4
20950000 7833.28
21000000 7851.5
21050000 7870.22
21100000 7889.3
21150000 7908.22
21200000 7927.24
21250000 7946.38
21300000 7965.28
21350000 7983.88
21400000 8001.7
21450000 8019.32
21500000 8036.84
21550000 8054.32
21600000 8071.78
21650000 8088.96
21700000 8106.3
21750000 8123.46
21800000 8140.72
21850000 8158.28
21900000 8176.34
21950000 8194.24
22000000 8211.8
22050000 8229.56
22100000 8247.74
22150000 8265.82
22200000 8283.42
22250000 8301.2
22300000 8319.2
22350000 8336.38
22400000 8353.86
22450000 8371.24
22500000 8388.74
22550000 8406.42
22600000 8423.74
22650000 8440.94
22700000 8458.52
22750000 8475.8
22800000 8492.74
22850000 8509.32
22900000 8526.56
22950000 8544.14
23000000 8561.64
23050000 8579.22
23100000 8596.64
23150000 8613.86
23200000 8631.54
23250000 8649.14
23300000 8666.56
23350000 8684.36
23400000 8702.16
23450000 8720.34
23500000 8738.38
23550000 8756.7
23600000 8775.28
23650000 8793.94
23700000 8812.88
23750000 8831.98
23800000 8850.02
23850000 8868.78
23900000 8887.08
23950000 8905.72
24000000 8924.4
24050000 8943.24
24100000 8962.06
24150000 8980.4
24200000 8999.14
24250000 9017.82
24300000 9035.78
24350000 9054.28
24400000 9072.54
24450000 9090.9
24500000 9109.34
24550000 9127.7
24600000 9146.66
24650000 9165.64
24700000 9183.86
24750000 9202.04
24800000 9220.1
24850000 9237.9
24900000 9256.08
24950000 9273.8
25000000 9292
25050000 9311.1
25100000 9330.08
25150000 9349.26
25200000 9369.02
25250000 9388.3
25300000 9407.6
25350000 9426.84
25400000 9446.14
25450000 9465.62
25500000 9484.6
25550000 9503.86
25600000 9523.48
25650000 9543.76
25700000 9563.5
25750000 9583.36
25800000 9603.38
25850000 9622.98
25900000 9642.92
25950000 9662.64
26000000 9682.06
26050000 9701.46
26100000 9720.88
26150000 9740.54
26200000 9759.32
26250000 9777.8
26300000 9796.34
26350000 9815.24
26400000 9834.64
26450000 9853.62
26500000 9872.38
26550000 9891.38
26600000 9910.36
26650000 9928.88
26700000 9947.02
26750000 9965.12
26800000 9983
26850000 10000.8
26900000 10018.9
26950000 10036.9
27000000 10054.9
27050000 10073
27100000 10090.7
27150000 10108.5
27200000 10126.5
27250000 10143.5
27300000 10160.2
27350000 10177
27400000 10193.9
27450000 10210.5
27500000 10227.6
27550000 10244.7
27600000 10261.9
27650000 10279.9
27700000 10297.8
27750000 10315.9
27800000 10333.6
27850000 10350.8
27900000 10368.1
27950000 10385.1
28000000 10402.4
28050000 10420.1
28100000 10437.1
28150000 10454.3
28200000 10471.6
28250000 10488.6
28300000 10505.1
28350000 10521.6
28400000 10538.1
28450000 10554.6
28500000 10571
28550000 10587.3
28600000 10604.1
28650000 10621.7
28700000 10638.8
28750000 10656.8
28800000 10675.1
28850000 10693.6
28900000 10712.1
28950000 10731
29000000 10749.6
29050000 10768
29100000 10786.7
29150000 10805.9
29200000 10824.9
29250000 10843.5
29300000 10862.2
29350000 10880.4
29400000 10899.3
29450000 10917.8
29500000 10936
29550000 10954.3
29600000 10972.8
29650000 10990.9
29700000 11009.3
29750000 11027.5
29800000 11045
29850000 11062.8
29900000 11080.8
29950000 11098.5
30000000 11116.4
30050000 11134.3
30100000 11151.9
30150000 11170.3
30200000 11187.8
30250000 11205.6
30300000 11223.1
30350000 11240.7
30400000 11258.1
30450000 11275.6
30500000 11292.6
30550000 11309.8
30600000 11326.6
30650000 11344.1
30700000 11361.6
30750000 11379.3
30800000 11396.9
30850000 11414.2
30900000 11431.2
30950000 11448.2
31000000 11465.3
31050000 11483.4
31100000 11501.3
31150000 11519
31200000 11536.4
31250000 11554.2
31300000 11571.6
31350000 11588.9
31400000 11606.6
31450000 11624.2
31500000 11642.4
31550000 11660.8
31600000 11678.9
31650000 11696.7
31700000 11714.8
31750000 11732.6
31800000 11750.6
31850000 11768.5
31900000 11786.6
31950000 11804.3
32000000 11823
32050000 11841.2
32100000 11860.2
32150000 11878.8
32200000 11897.4
32250000 11916.4
32300000 11936.1
32350000 11955.7
32400000 11975.6
32450000 11994.5
32500000 12013.3
32550000 12032.2
32600000 12051.6
32650000 12071.1
32700000 12090.6
32750000 12109.7
32800000 12129.3
32850000 12149
32900000 12168.9
32950000 12189.2
33000000 12209.2
33050000 12228.5
33100000 12247.9
33150000 12267.2
33200000 12286.4
33250000 12305.8
33300000 12325.2
33350000 12344
33400000 12362.2
33450000 12380.5
33500000 12398.8
33550000 12416.9
33600000 12435.4
33650000 12453.8
33700000 12472
33750000 12490.3
33800000 12508.9
33850000 12527.1
33900000 12545.6
33950000 12563.3
34000000 12581.1
34050000 12598.6
34100000 12615.8
34150000 12633.1
34200000 12650.4
34250000 12667.7
34300000 12685.8
34350000 12703.9
34400000 12722.3
34450000 12740.8
34500000 12759.1
34550000 12777.5
34600000 12796.4
34650000 12814.8
34700000 12833.3
34750000 12852.4
34800000 12871.6
34850000 12890.2
34900000 12909.2
34950000 12928.2
35000000 12947.3
35050000 12966.3
35100000 12985.6
35150000 13004.7
35200000 13023.3
35250000 13042.3
35300000 13061.5
35350000 13080.3
35400000 13099.2
35450000 13118.2
35500000 13137.1
35550000 13155.9
35600000 13175.1
35650000 13194.2
35700000 13213
35750000 13231.8
35800000 13250.5
35850000 13269.3
35900000 13288.3
35950000 13307.7
36000000 13326.9
36050000 13346.3
36100000 13365.7
36150000 13385.5
36200000 13405.8
36250000 13425.8
36300000 13446.2
36350000 13466
36400000 13486
36450000 13505.7
36500000 13525.1
36550000 13544.8
36600000 13564.3
36650000 13583.5
36700000 13602.4
36750000 13621.3
36800000 13640.4
36850000 13659.4
36900000 13678.5
36950000 13697.3
37000000 13716
37050000 13734.9
37100000 13753.8
37150000 13772.9
37200000 13791.4
37250000 13809.5
37300000 13828.2
37350000 13847.5
37400000 13865.7
37450000 13883.9
37500000 13902.5
37550000 13921.1
37600000 13939.3
37650000 13957.8
37700000 13976.4
37750000 13994.5
37800000 14013
37850000 14031.5
37900000 14049.7
37950000 14067.6
38000000 14085.4
38050000 14103.9
38100000 14122.7
38150000 14141.5
38200000 14160.2
38250000 14178.5
38300000 14197.8
38350000 14217.6
38400000 14237.2
38450000 14256.5
38500000 14275.7
38550000 14295.1
38600000 14314.3
38650000 14333.9
38700000 14353.4
38750000 14372.7
38800000 14392.2
38850000 14411.5
38900000 14431
38950000 14450.3
39000000 14469.5
39050000 14488.8
39100000 14507.7
39150000 14526.5
39200000 14546
39250000 14565.7
39300000 14585
39350000 14604.7
39400000 14623.9
39450000 14642.9
39500000 14662
39550000 14680.6
39600000 14699.7
39650000 14718.1
39700000 14736
39750000 14753.5
39800000 14771
39850000 14788.5
39900000 14806.6
39950000 14824.4
40000000 14842.5
40050000 14860.1
40100000 14878.1
40150000 14895.7
40200000 14913.7
40250000 14931.7
40300000 14949.5
40350000 14967.4
40400000 14985.6
40450000 15003.2
40500000 15022
40550000 15040.3
40600000 15058
40650000 15075.4
40700000 15092.3
40750000 15109.7
40800000 15127
40850000 15145
40900000 15163
40950000 15181.1
41000000 15198.5
41050000 15216
41100000 15233.1
41150000 15250.4
41200000 15266.7
41250000 15282.9
41300000 15299.4
41350000 15315.6
41400000 15332
41450000 15348.2
41500000 15364.7
41550000 15380.9
41600000 15396.4
41650000 15412.5
41700000 15428.1
41750000 15444.5
41800000 15460.6
41850000 15476.2
41900000 15491.4
41950000 15506.5
42000000 15521.7
42050000 15536.9
42100000 15552
42150000 15567.2
42200000 15583.2
42250000 15600.1
42300000 15617.1
42350000 15633.9
42400000 15650.8
42450000 15666.9
42500000 15683
42550000 15699.2
42600000 15715.7
42650000 15732.4
42700000 15749.3
42750000 15766.1
42800000 15782.2
42850000 15797.8
42900000 15813.4
42950000 15829.3
43000000 15845
43050000 15860.5
43100000 15876
43150000 15891.1
43200000 15906.3
43250000 15921.8
43300000 15936.9
43350000 15951.3
43400000 15965.5
43450000 15979.4
43500000 15993.9
43550000 16007.8
43600000 16022
43650000 16036.5
43700000 16050.6
43750000 16064.2
43800000 16077.8
43850000 16091.3
43900000 16105.1
43950000 16118.8
44000000 16132.7
44050000 16146.5
44100000 16160.6
44150000 16175.2
44200000 16189.6
44250000 16203.7
44300000 16217.9
44350000 16232
44400000 16246.2
44450000 16260.6
44500000 16274.7
44550000 16288.8
44600000 16303.2
44650000 16317.3
44700000 16331.4
44750000 16345.5
44800000 16359.6
44850000 16373.8
44900000 16387.9
44950000 16402.4
45000000 16417
45050000 16432.7
45100000 16448.5
45150000 16464.1
45200000 16480.1
45250000 16496.5
45300000 16512.6
45350000 16529.6
45400000 16546.3
45450000 16563.4
45500000 16580.1
45550000 16596.6
45600000 16613.6
45650000 16630.5
45700000 16647.6
45750000 16664.4
45800000 16681.1
45850000 16698
45900000 16715.1
45950000 16731.9
46000000 16748.8
46050000 16765.2
46100000 16782.2
46150000 16799.3
46200000 16816.3
46250000 16833
46300000 16849.7
46350000 16866.5
46400000 16883.1
46450000 16900.1
46500000 16917.6
46550000 16935
46600000 16952.4
46650000 16969.8
46700000 16987.2
46750000 17004.6
46800000 17022.5
46850000 17040.8
46900000 17059.5
46950000 17078.1
47000000 17097.5
47050000 17116.8
47100000 17136.4
47150000 17155.9
47200000 17175.7
47250000 17196.2
47300000 17216.4
47350000 17237.1
47400000 17257.8
47450000 17278.2
47500000 17298.4
47550000 17318.5
47600000 17338.8
47650000 17359.3
47700000 17380.7
47750000 17401.6
47800000 17423
47850000 17444
47900000 17465.2
47950000 17486.5
48000000 17507
48050000 17527.4
48100000 17547.7
48150000 17567.6
48200000 17587.4
48250000 17607.6
48300000 17627.9
48350000 17647.9
48400000 17667
48450000 17686
48500000 17704.6
48550000 17723.5
48600000 17742.6
48650000 17761.7
48700000 17780.3
48750000 17798.6
48800000 17817.6
48850000 17836.4
48900000 17855.5
48950000 17874.5
49000000 17893.2
49050000 17912.1
49100000 17931
49150000 17949.9
49200000 17968.6
49250000 17987.8
49300000 18007.4
49350000 18026.8
49400000 18046.2
49450000 18065.4
49500000 18085.1
49550000 18104.6
49600000 18124.6
49650000 18144.5
49700000 18165.4
49750000 18185.6
49800000 18206.1
49850000 18226.4
49900000 18246.2
49950000 18266.3
