0 0
50000 533.3
100000 2280.7
150000 5256.78
200000 9421.46
250000 14801.5
300000 21315.5
350000 28999.6
400000 37833
450000 47888.3
500000 59011.6
550000 70940
600000 83818.2
650000 97702.5
700000 113296
750000 129841
800000 147026
850000 165767
900000 185189
950000 205593
1000000 226764
1050000 249149
1100000 272843
1150000 298313
1200000 324448
1250000 351447
1300000 379628
1350000 408231
1400000 437855
1450000 468717
1500000 501461
1550000 534844
1600000 568962
1650000 604143
1700000 641135
1750000 679135
1800000 716989
1850000 755110
1900000 793826
1950000 832833
2000000 873252
2050000 914467
2100000 956404
2150000 999325
2200000 1.04331e+06
2250000 1.08803e+06
2300000 1.13433e+06
2350000 1.18184e+06
2400000 1.2313e+06
2450000 1.2807e+06
2500000 1.33119e+06
2550000 1.38163e+06
2600000 1.43305e+06
2650000 1.48526e+06
2700000 1.53979e+06
2750000 1.59486e+06
2800000 1.65136e+06
2850000 1.70853e+06
2900000 1.76724e+06
2950000 1.82719e+06
3000000 1.88828e+06
3050000 1.95002e+06
3100000 2.01366e+06
3150000 2.07741e+06
3200000 2.14176e+06
3250000 2.20783e+06
3300000 2.2738e+06
3350000 2.34046e+06
3400000 2.40815e+06
3450000 2.47646e+06
3500000 2.54315e+06
3550000 2.61176e+06
3600000 2.68142e+06
3650000 2.75329e+06
3700000 2.82521e+06
3750000 2.89715e+06
3800000 2.9704e+06
3850000 3.04501e+06
3900000 3.12024e+06
3950000 3.19573e+06
4000000 3.27104e+06
4050000 3.34997e+06
4100000 3.42667e+06
4150000 3.50489e+06
4200000 3.58374e+06
4250000 3.66416e+06
4300000 3.74344e+06
4350000 3.82488e+06
4400000 3.90756e+06
4450000 3.99052e+06
4500000 4.07499e+06
4550000 4.16016e+06
4600000 4.24357e+06
4650000 4.32889e+06
4700000 4.41293e+06
4750000 4.49483e+06
4800000 4.58087e+06
4850000 4.66806e+06
4900000 4.75557e+06
4950000 4.84397e+06
5000000 4.93623e+06
5050000 5.02454e+06
5100000 5.11319e+06
5150000 5.20341e+06
5200000 5.29245e+06
5250000 5.38684e+06
5300000 5.47977e+06
5350000 5.57483e+06
5400000 5.67173e+06
5450000 5.7687e+06
5500000 5.86724e+06
5550000 5.96474e+06
5600000 6.06476e+06
5650000 6.16354e+06
5700000 6.2616e+06
5750000 6.36107e+06
5800000 6.45956e+06
5850000 6.55761e+06
5900000 6.65871e+06
5950000 6.75975e+06
6000000 6.86143e+06
6050000 6.96587e+06
6100000 7.07034e+06
6150000 7.17372e+06
6200000 7.28026e+06
6250000 7.3886e+06
6300000 7.49549e+06
6350000 7.60434e+06
6400000 7.71487e+06
6450000 7.82569e+06
6500000 7.93922e+06
6550000 8.05441e+06
6600000 8.17032e+06
6650000 8.28916e+06
6700000 8.40852e+06
6750000 8.52866e+06
6800000 8.64886e+06
6850000 8.77053e+06
6900000 8.89505e+06
6950000 9.02131e+06
7000000 9.14768e+06
7050000 9.27598e+06
7100000 9.40856e+06
7150000 9.5413e+06
7200000 9.67319e+06
7250000 9.80181e+06
7300000 9.92876e+06
7350000 1.00552e+07
7400000 1.01827e+07
7450000 1.03083e+07
7500000 1.04331e+07
7550000 1.05618e+07
7600000 1.06919e+07
7650000 1.082e+07
7700000 1.09499e+07
7750000 1.10771e+07
7800000 1.12083e+07
7850000 1.13397e+07
7900000 1.14745e+07
7950000 1.16099e+07
8000000 1.17473e+07
8050000 1.18881e+07
8100000 1.20289e+07
8150000 1.21725e+07
8200000 1.2317e+07
8250000 1.24626e+07
8300000 1.26096e+07
8350000 1.27554e+07
8400000 1.29045e+07
8450000 1.30535e+07
8500000 1.3202e+07
8550000 1.33524e+07
8600000 1.34998e+07
8650000 1.3647e+07
8700000 1.37905e+07
8750000 1.39383e+07
8800000 1.40877e+07
8850000 1.42351e+07
8900000 1.43847e+07
8950000 1.45363e+07
9000000 1.46921e+07
9050000 1.48465e+07
9100000 1.50026e+07
9150000 1.51614e+07
9200000 1.53206e+07
9250000 1.54803e+07
9300000 1.5638e+07
9350000 1.5794e+07
9400000 1.59565e+07
9450000 1.61196e+07
9500000 1.62842e+07
9550000 1.64463e+07
9600000 1.66128e+07
9650000 1.6777e+07
9700000 1.6943e+07
9750000 1.71046e+07
9800000 1.72683e+07
9850000 1.74336e+07
9900000 1.76007e+07
9950000 1.77688e+07
10000000 1.79367e+07
10050000 1.81053e+07
10100000 1.82734e+07
10150000 1.84412e+07
10200000 1.86058e+07
10250000 1.87734e+07
10300000 1.89425e+07
10350000 1.91088e+07
10400000 1.92741e+07
10450000 1.94416e+07
10500000 1.96127e+07
10550000 1.97857e+07
10600000 1.99589e+07
10650000 2.01301e+07
10700000 2.0304e+07
10750000 2.04776e+07
10800000 2.06574e+07
10850000 2.08354e+07
10900000 2.10143e+07
10950000 2.11909e+07
11000000 2.13668e+07
11050000 2.15454e+07
11100000 2.17241e+07
11150000 2.19048e+07
11200000 2.20893e+07
11250000 2.22747e+07
11300000 2.24664e+07
11350000 2.26572e+07
11400000 2.28454e+07
11450000 2.30393e+07
11500000 2.32329e+07
11550000 2.34214e+07
11600000 2.36153e+07
11650000 2.38112e+07
11700000 2.40076e+07
11750000 2.42056e+07
11800000 2.43975e+07
11850000 2.45972e+07
11900000 2.47919e+07
11950000 2.49944e+07
12000000 2.51957e+07
12050000 2.53959e+07
12100000 2.56051e+07
12150000 2.58061e+07
12200000 2.60124e+07
12250000 2.62114e+07
12300000 2.64165e+07
12350000 2.6617e+07
12400000 2.68189e+07
12450000 2.70222e+07
12500000 2.7224e+07
12550000 2.74292e+07
12600000 2.76334e+07
12650000 2.78393e+07
12700000 2.80421e+07
12750000 2.82458e+07
12800000 2.84523e+07
12850000 2.86637e+07
12900000 2.88781e+07
12950000 2.90837e+07
13000000 2.92963e+07
13050000 2.95095e+07
13100000 2.97186e+07
13150000 2.99239e+07
13200000 3.01318e+07
13250000 3.03432e+07
13300000 3.05555e+07
13350000 3.07726e+07
13400000 3.09806e+07
13450000 3.11907e+07
13500000 3.13925e+07
13550000 3.15964e+07
13600000 3.18085e+07
13650000 3.2021e+07
13700000 3.22352e+07
13750000 3.24465e+07
13800000 3.266e+07
13850000 3.28645e+07
13900000 3.30681e+07
13950000 3.32842e+07
14000000 3.34908e+07
14050000 3.36967e+07
14100000 3.39034e+07
14150000 3.41118e+07
14200000 3.43212e+07
14250000 3.45313e+07
14300000 3.47409e+07
14350000 3.49468e+07
14400000 3.51494e+07
14450000 3.53587e+07
14500000 3.55692e+07
14550000 3.57773e+07
14600000 3.59914e+07
14650000 3.62101e+07
14700000 3.64387e+07
14750000 3.66668e+07
14800000 3.68961e+07
14850000 3.71235e+07
14900000 3.73502e+07
14950000 3.75782e+07
15000000 3.78055e+07
15050000 3.80367e+07
15100000 3.82613e+07
15150000 3.84987e+07
15200000 3.87347e+07
15250000 3.89776e+07
15300000 3.92188e+07
15350000 3.94652e+07
15400000 3.97184e+07
15450000 3.99702e+07
15500000 4.02143e+07
15550000 4.04576e+07
15600000 4.07048e+07
15650000 4.09434e+07
15700000 4.1178e+07
15750000 4.14093e+07
15800000 4.16435e+07
15850000 4.18791e+07
15900000 4.21149e+07
15950000 4.23485e+07
16000000 4.25754e+07
16050000 4.2812e+07
16100000 4.30473e+07
16150000 4.32835e+07
16200000 4.35191e+07
16250000 4.37581e+07
16300000 4.39994e+07
16350000 4.42424e+07
16400000 4.44886e+07
16450000 4.47326e+07
16500000 4.49834e+07
16550000 4.52344e+07
16600000 4.54863e+07
16650000 4.57423e+07
16700000 4.59846e+07
16750000 4.62284e+07
16800000 4.6473e+07
16850000 4.67216e+07
16900000 4.6973e+07
16950000 4.72201e+07
17000000 4.74766e+07
17050000 4.77235e+07
17100000 4.79764e+07
17150000 4.82217e+07
17200000 4.8469e+07
17250000 4.87129e+07
17300000 4.89583e+07
17350000 4.92062e+07
17400000 4.94565e+07
17450000 4.97075e+07
17500000 4.99591e+07
17550000 5.02081e+07
17600000 5.04622e+07
17650000 5.07091e+07
17700000 5.09642e+07
17750000 5.12203e+07
17800000 5.14794e+07
17850000 5.17348e+07
17900000 5.19902e+07
17950000 5.22557e+07
18000000 5.25091e+07
18050000 5.27665e+07
18100000 5.30228e+07
18150000 5.32823e+07
18200000 5.35393e+07
18250000 5.37985e+07
18300000 5.40577e+07
18350000 5.43255e+07
18400000 5.45837e+07
18450000 5.48465e+07
18500000 5.51106e+07
18550000 5.53734e+07
18600000 5.56423e+07
18650000 5.59195e+07
18700000 5.61929e+07
18750000 5.64532e+07
18800000 5.67292e+07
18850000 5.70005e+07
18900000 5.72707e+07
18950000 5.75408e+07
19000000 5.78182e+07
19050000 5.80948e+07
19100000 5.83743e+07
19150000 5.8645e+07
19200000 5.89271e+07
19250000 5.92058e+07
19300000 5.94828e+07
19350000 5.9759e+07
19400000 6.00399e+07
19450000 6.03222e+07
19500000 6.06015e+07
19550000 6.08961e+07
19600000 6.11938e+07
19650000 6.14851e+07
19700000 6.17801e+07
19750000 6.20659e+07
19800000 6.23586e+07
19850000 6.26494e+07
19900000 6.29409e+07
19950000 6.32301e+07
20000000 6.35239e+07
20050000 6.38064e+07
20100000 6.40936e+07
20150000 6.43792e+07
20200000 6.46679e+07
20250000 6.49537e+07
20300000 6.52443e+07
20350000 6.55365e+07
20400000 6.58312e+07
20450000 6.61161e+07
20500000 6.6406e+07
20550000 6.66965e+07
20600000 6.69905e+07
20650000 6.72962e+07
20700000 6.76046e+07
20750000 6.79107e+07
20800000 6.82254e+07
20850000 6.85418e+07
20900000 6.8862e+07
20950000 6.91688e+07
21000000 6.94828e+07
21050000 6.98076e+07
21100000 7.01376e+07
21150000 7.04658e+07
21200000 7.07985e+07
21250000 7.11343e+07
21300000 7.14656e+07
21350000 7.1794e+07
21400000 7.21089e+07
21450000 7.24195e+07
21500000 7.27299e+07
21550000 7.30409e+07
21600000 7.33525e+07
21650000 7.366e+07
21700000 7.39713e+07
21750000 7.42788e+07
21800000 7.45878e+07
21850000 7.49041e+07
21900000 7.52309e+07
21950000 7.55551e+07
22000000 7.58734e+07
22050000 7.61966e+07
22100000 7.65286e+07
22150000 7.68588e+07
22200000 7.71802e+07
22250000 7.7505e+07
22300000 7.78357e+07
22350000 7.81522e+07
22400000 7.84732e+07
22450000 7.8795e+07
22500000 7.91187e+07
22550000 7.94493e+07
22600000 7.97739e+07
22650000 8.00973e+07
22700000 8.04276e+07
22750000 8.07541e+07
22800000 8.10732e+07
22850000 8.13871e+07
22900000 8.17138e+07
22950000 8.20439e+07
23000000 8.23751e+07
23050000 8.27086e+07
23100000 8.30371e+07
23150000 8.33646e+07
23200000 8.37012e+07
23250000 8.40391e+07
23300000 8.43771e+07
23350000 8.47244e+07
23400000 8.50729e+07
23450000 8.5431e+07
23500000 8.57838e+07
23550000 8.61408e+07
23600000 8.65044e+07
23650000 8.6866e+07
23700000 8.72312e+07
23750000 8.75997e+07
23800000 8.79482e+07
23850000 8.83087e+07
23900000 8.86593e+07
23950000 8.90152e+07
24000000 8.93685e+07
24050000 8.97249e+07
24100000 9.00813e+07
24150000 9.04335e+07
24200000 9.07941e+07
24250000 9.11517e+07
24300000 9.14941e+07
24350000 9.18454e+07
24400000 9.21958e+07
24450000 9.25461e+07
24500000 9.2901e+07
24550000 9.32541e+07
24600000 9.36209e+07
24650000 9.39899e+07
24700000 9.43406e+07
24750000 9.46933e+07
24800000 9.50451e+07
24850000 9.53928e+07
24900000 9.57472e+07
24950000 9.60955e+07
25000000 9.64511e+07
25050000 9.68197e+07
25100000 9.71855e+07
25150000 9.75564e+07
25200000 9.79359e+07
25250000 9.83057e+07
25300000 9.86792e+07
25350000 9.90515e+07
25400000 9.94265e+07
25450000 9.98058e+07
25500000 1.00185e+08
25550000 1.00569e+08
25600000 1.00961e+08
25650000 1.01365e+08
25700000 1.01761e+08
25750000 1.02161e+08
25800000 1.02564e+08
25850000 1.02963e+08
25900000 1.03367e+08
25950000 1.03767e+08
26000000 1.04163e+08
26050000 1.04557e+08
26100000 1.04949e+08
26150000 1.05348e+08
26200000 1.05729e+08
26250000 1.06105e+08
26300000 1.06481e+08
26350000 1.06864e+08
26400000 1.07262e+08
26450000 1.07648e+08
26500000 1.08029e+08
26550000 1.08419e+08
26600000 1.08808e+08
26650000 1.09187e+08
26700000 1.09557e+08
26750000 1.09927e+08
26800000 1.1029e+08
26850000 1.10651e+08
26900000 1.11021e+08
26950000 1.1139e+08
27000000 1.11762e+08
27050000 1.12136e+08
27100000 1.12502e+08
27150000 1.12871e+08
27200000 1.13245e+08
27250000 1.13601e+08
27300000 1.13955e+08
27350000 1.14314e+08
27400000 1.14676e+08
27450000 1.15032e+08
27500000 1.15401e+08
27550000 1.1577e+08
27600000 1.16143e+08
27650000 1.16534e+08
27700000 1.16922e+08
27750000 1.17319e+08
27800000 1.17708e+08
27850000 1.18084e+08
27900000 1.18464e+08
27950000 1.18839e+08
28000000 1.19222e+08
28050000 1.19613e+08
28100000 1.19991e+08
28150000 1.20373e+08
28200000 1.20762e+08
28250000 1.21143e+08
28300000 1.21515e+08
28350000 1.21885e+08
28400000 1.22256e+08
28450000 1.22628e+08
28500000 1.22999e+08
28550000 1.23368e+08
28600000 1.23748e+08
28650000 1.24151e+08
28700000 1.24542e+08
28750000 1.24951e+08
28800000 1.2537e+08
28850000 1.25793e+08
28900000 1.26216e+08
28950000 1.26652e+08
29000000 1.27081e+08
29050000 1.27506e+08
29100000 1.2794e+08
29150000 1.28382e+08
29200000 1.28818e+08
29250000 1.29244e+08
29300000 1.29672e+08
29350000 1.30088e+08
29400000 1.30522e+08
29450000 1.30945e+08
29500000 1.31366e+08
29550000 1.31789e+08
29600000 1.32218e+08
29650000 1.32638e+08
29700000 1.33067e+08
29750000 1.33479e+08
29800000 1.33873e+08
29850000 1.34276e+08
29900000 1.34683e+08
29950000 1.35083e+08
30000000 1.35488e+08
30050000 1.35898e+08
30100000 1.36298e+08
30150000 1.36719e+08
30200000 1.37119e+08
30250000 1.37527e+08
30300000 1.37932e+08
30350000 1.38334e+08
30400000 1.38735e+08
30450000 1.39134e+08
30500000 1.39525e+08
30550000 1.39922e+08
30600000 1.4031e+08
30650000 1.40716e+08
30700000 1.41122e+08
30750000 1.41528e+08
30800000 1.41941e+08
30850000 1.42344e+08
30900000 1.42738e+08
30950000 1.43137e+08
31000000 1.43538e+08
31050000 1.43965e+08
31100000 1.44387e+08
31150000 1.44809e+08
31200000 1.45216e+08
31250000 1.45635e+08
31300000 1.46041e+08
31350000 1.46448e+08
31400000 1.46863e+08
31450000 1.47277e+08
31500000 1.47703e+08
31550000 1.48134e+08
31600000 1.48564e+08
31650000 1.48995e+08
31700000 1.49435e+08
31750000 1.4987e+08
31800000 1.5031e+08
31850000 1.50747e+08
31900000 1.51191e+08
31950000 1.51627e+08
32000000 1.5209e+08
32050000 1.52541e+08
32100000 1.53016e+08
32150000 1.53477e+08
32200000 1.5394e+08
32250000 1.54414e+08
32300000 1.54899e+08
32350000 1.55383e+08
32400000 1.55872e+08
32450000 1.56338e+08
32500000 1.56802e+08
32550000 1.57268e+08
32600000 1.57753e+08
32650000 1.58238e+08
32700000 1.58729e+08
32750000 1.59208e+08
32800000 1.59704e+08
32850000 1.60202e+08
32900000 1.60705e+08
32950000 1.61219e+08
33000000 1.61729e+08
33050000 1.6222e+08
33100000 1.62714e+08
33150000 1.63208e+08
33200000 1.63701e+08
33250000 1.642e+08
33300000 1.64699e+08
33350000 1.6518e+08
33400000 1.65648e+08
33450000 1.66118e+08
33500000 1.6659e+08
33550000 1.67058e+08
33600000 1.6754e+08
33650000 1.68015e+08
33700000 1.68487e+08
33750000 1.68967e+08
33800000 1.69452e+08
33850000 1.69931e+08
33900000 1.70417e+08
33950000 1.70885e+08
34000000 1.7135e+08
34050000 1.71804e+08
34100000 1.7225e+08
34150000 1.72702e+08
34200000 1.7315e+08
34250000 1.73601e+08
34300000 1.74074e+08
34350000 1.74547e+08
34400000 1.75031e+08
34450000 1.75518e+08
34500000 1.76e+08
34550000 1.76486e+08
34600000 1.76985e+08
34650000 1.77473e+08
34700000 1.77962e+08
34750000 1.78465e+08
34800000 1.78971e+08
34850000 1.79461e+08
34900000 1.79961e+08
34950000 1.80464e+08
35000000 1.80968e+08
35050000 1.81474e+08
35100000 1.81992e+08
35150000 1.82511e+08
35200000 1.83017e+08
35250000 1.83532e+08
35300000 1.84056e+08
35350000 1.84568e+08
35400000 1.85088e+08
35450000 1.85606e+08
35500000 1.86123e+08
35550000 1.8664e+08
35600000 1.87168e+08
35650000 1.87693e+08
35700000 1.88213e+08
35750000 1.88735e+08
35800000 1.89251e+08
35850000 1.89773e+08
35900000 1.90301e+08
35950000 1.90842e+08
36000000 1.91376e+08
36050000 1.91917e+08
36100000 1.92461e+08
36150000 1.93015e+08
36200000 1.93587e+08
36250000 1.94151e+08
36300000 1.94719e+08
36350000 1.95264e+08
36400000 1.9582e+08
36450000 1.96368e+08
36500000 1.96919e+08
36550000 1.97474e+08
36600000 1.98026e+08
36650000 1.98571e+08
36700000 1.99107e+08
36750000 1.9964e+08
36800000 2.00177e+08
36850000 2.00719e+08
36900000 2.01261e+08
36950000 2.01797e+08
37000000 2.02329e+08
37050000 2.02874e+08
37100000 2.03418e+08
37150000 2.03969e+08
37200000 2.04497e+08
37250000 2.05018e+08
37300000 2.05552e+08
37350000 2.06103e+08
37400000 2.06626e+08
37450000 2.07147e+08
37500000 2.07684e+08
37550000 2.08221e+08
37600000 2.08746e+08
37650000 2.09282e+08
37700000 2.09815e+08
37750000 2.10335e+08
37800000 2.10862e+08
37850000 2.11392e+08
37900000 2.11916e+08
37950000 2.12431e+08
38000000 2.12949e+08
38050000 2.13484e+08
38100000 2.14025e+08
38150000 2.14572e+08
38200000 2.15117e+08
38250000 2.15652e+08
38300000 2.16213e+08
38350000 2.16789e+08
38400000 2.17363e+08
38450000 2.17931e+08
38500000 2.18498e+08
38550000 2.19067e+08
38600000 2.19634e+08
38650000 2.20214e+08
38700000 2.20793e+08
38750000 2.21367e+08
38800000 2.21949e+08
38850000 2.22524e+08
38900000 2.23106e+08
38950000 2.23685e+08
39000000 2.24259e+08
39050000 2.24838e+08
39100000 2.25411e+08
39150000 2.25984e+08
39200000 2.26567e+08
39250000 2.27156e+08
39300000 2.27732e+08
39350000 2.28325e+08
39400000 2.28902e+08
39450000 2.29473e+08
39500000 2.30049e+08
39550000 2.30614e+08
39600000 2.31188e+08
39650000 2.3174e+08
39700000 2.32278e+08
39750000 2.32801e+08
39800000 2.33329e+08
39850000 2.33855e+08
39900000 2.34403e+08
39950000 2.34944e+08
40000000 2.35492e+08
40050000 2.36027e+08
40100000 2.36576e+08
40150000 2.37112e+08
40200000 2.37663e+08
40250000 2.38215e+08
40300000 2.38757e+08
40350000 2.39306e+08
40400000 2.39863e+08
40450000 2.40405e+08
40500000 2.40985e+08
40550000 2.41552e+08
40600000 2.421e+08
40650000 2.4264e+08
40700000 2.43168e+08
40750000 2.43706e+08
40800000 2.44242e+08
40850000 2.44807e+08
40900000 2.4537e+08
40950000 2.45932e+08
41000000 2.46479e+08
41050000 2.47026e+08
41100000 2.47563e+08
41150000 2.48103e+08
41200000 2.48613e+08
41250000 2.4912e+08
41300000 2.49637e+08
41350000 2.50147e+08
41400000 2.50661e+08
41450000 2.5117e+08
41500000 2.51693e+08
41550000 2.52206e+08
41600000 2.52689e+08
41650000 2.53194e+08
41700000 2.53684e+08
41750000 2.54195e+08
41800000 2.54693e+08
41850000 2.55178e+08
41900000 2.55651e+08
41950000 2.56123e+08
42000000 2.56601e+08
42050000 2.57077e+08
42100000 2.57551e+08
42150000 2.58024e+08
42200000 2.58527e+08
42250000 2.5906e+08
42300000 2.5959e+08
42350000 2.60113e+08
42400000 2.60639e+08
42450000 2.6114e+08
42500000 2.61643e+08
42550000 2.62149e+08
42600000 2.62664e+08
42650000 2.63191e+08
42700000 2.63722e+08
42750000 2.64253e+08
42800000 2.64764e+08
42850000 2.65254e+08
42900000 2.65747e+08
42950000 2.66255e+08
43000000 2.66758e+08
43050000 2.6726e+08
43100000 2.67767e+08
43150000 2.68263e+08
43200000 2.68762e+08
43250000 2.6927e+08
43300000 2.69765e+08
43350000 2.70244e+08
43400000 2.70716e+08
43450000 2.71184e+08
43500000 2.71669e+08
43550000 2.72138e+08
43600000 2.72616e+08
43650000 2.73102e+08
43700000 2.73585e+08
43750000 2.74057e+08
43800000 2.74527e+08
43850000 2.74996e+08
43900000 2.75472e+08
43950000 2.75951e+08
44000000 2.76436e+08
44050000 2.7692e+08
44100000 2.77414e+08
44150000 2.77916e+08
44200000 2.78412e+08
44250000 2.78898e+08
44300000 2.79393e+08
44350000 2.79877e+08
44400000 2.80372e+08
44450000 2.80872e+08
44500000 2.81361e+08
44550000 2.81852e+08
44600000 2.82352e+08
44650000 2.82847e+08
44700000 2.83339e+08
44750000 2.83836e+08
44800000 2.84326e+08
44850000 2.84822e+08
44900000 2.85312e+08
44950000 2.85821e+08
45000000 2.86333e+08
45050000 2.86884e+08
45100000 2.8744e+08
45150000 2.87989e+08
45200000 2.88555e+08
45250000 2.89133e+08
45300000 2.89701e+08
45350000 2.90294e+08
45400000 2.9088e+08
45450000 2.91477e+08
45500000 2.92061e+08
45550000 2.92643e+08
45600000 2.93249e+08
45650000 2.9385e+08
45700000 2.94453e+08
45750000 2.9505e+08
45800000 2.95648e+08
45850000 2.96254e+08
45900000 2.96875e+08
45950000 2.97483e+08
46000000 2.98101e+08
46050000 2.98695e+08
46100000 2.99315e+08
46150000 2.99938e+08
46200000 3.00561e+08
46250000 3.01177e+08
46300000 3.01789e+08
46350000 3.0241e+08
46400000 3.03021e+08
46450000 3.03637e+08
46500000 3.04275e+08
46550000 3.04906e+08
46600000 3.05539e+08
46650000 3.0617e+08
46700000 3.06804e+08
46750000 3.07435e+08
46800000 3.08081e+08
46850000 3.08728e+08
46900000 3.09391e+08
46950000 3.10057e+08
47000000 3.10751e+08
47050000 3.11448e+08
47100000 3.12152e+08
47150000 3.12854e+08
47200000 3.13566e+08
47250000 3.14309e+08
47300000 3.1504e+08
47350000 3.15793e+08
47400000 3.16545e+08
47450000 3.17288e+08
47500000 3.18031e+08
47550000 3.18766e+08
47600000 3.19506e+08
47650000 3.20247e+08
47700000 3.2102e+08
47750000 3.21779e+08
47800000 3.22555e+08
47850000 3.23315e+08
47900000 3.24091e+08
47950000 3.24867e+08
48000000 3.2561e+08
48050000 3.26352e+08
48100000 3.27092e+08
48150000 3.27819e+08
48200000 3.28545e+08
48250000 3.29285e+08
48300000 3.30027e+08
48350000 3.30763e+08
48400000 3.31461e+08
48450000 3.32161e+08
48500000 3.32848e+08
48550000 3.33542e+08
48600000 3.34248e+08
48650000 3.34949e+08
48700000 3.35634e+08
48750000 3.36309e+08
48800000 3.37018e+08
48850000 3.37718e+08
48900000 3.38429e+08
48950000 3.39138e+08
49000000 3.3984e+08
49050000 3.40546e+08
49100000 3.41252e+08
49150000 3.41963e+08
49200000 3.42662e+08
49250000 3.43379e+08
49300000 3.44109e+08
49350000 3.44838e+08
49400000 3.45567e+08
49450000 3.46291e+08
49500000 3.47027e+08
49550000 3.47762e+08
49600000 3.48513e+08
49650000 3.49257e+08
49700000 3.50038e+08
49750000 3.50798e+08
49800000 3.51567e+08
49850000 3.52333e+08
49900000 3.5308e+08
49950000 3.53832e+08
