0 0
50000 494.54
100000 2174.22
150000 4875.08
200000 8396.38
250000 13080.3
300000 18696.8
350000 25156.9
400000 32917.3
450000 41249.2
500000 50391.1
550000 60484.3
600000 71452.6
650000 83135.9
700000 96089.8
750000 109212
800000 123588
850000 138524
900000 154623
950000 171017
1000000 188954
1050000 208745
1100000 229803
1150000 252412
1200000 274492
1250000 297489
1300000 319415
1350000 342127
1400000 367680
1450000 395005
1500000 423769
1550000 451311
1600000 478609
1650000 506242
1700000 536564
1750000 568262
1800000 601791
1850000 637455
1900000 671856
1950000 709092
2000000 746781
2050000 786132
2100000 825589
2150000 865619
2200000 906066
2250000 947430
2300000 990769
2350000 1.03294e+06
2400000 1.074e+06
2450000 1.11622e+06
2500000 1.16083e+06
2550000 1.20249e+06
2600000 1.24596e+06
2650000 1.29321e+06
2700000 1.34087e+06
2750000 1.38825e+06
2800000 1.43651e+06
2850000 1.48562e+06
2900000 1.53476e+06
2950000 1.58362e+06
3000000 1.63382e+06
3050000 1.68425e+06
3100000 1.73378e+06
3150000 1.78698e+06
3200000 1.83933e+06
3250000 1.89477e+06
3300000 1.95268e+06
3350000 2.00625e+06
3400000 2.06309e+06
3450000 2.11708e+06
3500000 2.17005e+06
3550000 2.22059e+06
3600000 2.27385e+06
3650000 2.32777e+06
3700000 2.38201e+06
3750000 2.4368e+06
3800000 2.49533e+06
3850000 2.55559e+06
3900000 2.61669e+06
3950000 2.67938e+06
4000000 2.74039e+06
4050000 2.80029e+06
4100000 2.86335e+06
4150000 2.92888e+06
4200000 2.99277e+06
4250000 3.05631e+06
4300000 3.12161e+06
4350000 3.18434e+06
4400000 3.24509e+06
4450000 3.30839e+06
4500000 3.3705e+06
4550000 3.43229e+06
4600000 3.49422e+06
4650000 3.5554e+06
4700000 3.61754e+06
4750000 3.68822e+06
4800000 3.76219e+06
4850000 3.83792e+06
4900000 3.91717e+06
4950000 3.99873e+06
5000000 4.08069e+06
5050000 4.16304e+06
5100000 4.24658e+06
5150000 4.33337e+06
5200000 4.42585e+06
5250000 4.51843e+06
5300000 4.61339e+06
5350000 4.70696e+06
5400000 4.79091e+06
5450000 4.87514e+06
5500000 4.95747e+06
5550000 5.03733e+06
5600000 5.11692e+06
5650000 5.19489e+06
5700000 5.26896e+06
5750000 5.34092e+06
5800000 5.41391e+06
5850000 5.4991e+06
5900000 5.5798e+06
5950000 5.65635e+06
6000000 5.7303e+06
6050000 5.80597e+06
6100000 5.88416e+06
6150000 5.96954e+06
6200000 6.05734e+06
6250000 6.14495e+06
6300000 6.23427e+06
6350000 6.32637e+06
6400000 6.4179e+06
6450000 6.51203e+06
6500000 6.61069e+06
6550000 6.70796e+06
6600000 6.80784e+06
6650000 6.90584e+06
6700000 7.01631e+06
6750000 7.12411e+06
6800000 7.23267e+06
6850000 7.33945e+06
6900000 7.45268e+06
6950000 7.56693e+06
7000000 7.68074e+06
7050000 7.79923e+06
7100000 7.91658e+06
7150000 8.03184e+06
7200000 8.15415e+06
7250000 8.28352e+06
7300000 8.41506e+06
7350000 8.54981e+06
7400000 8.68047e+06
7450000 8.81527e+06
7500000 8.9439e+06
7550000 9.07286e+06
7600000 9.19339e+06
7650000 9.31606e+06
7700000 9.43944e+06
7750000 9.5635e+06
7800000 9.67821e+06
7850000 9.79012e+06
7900000 9.90178e+06
7950000 1.00199e+07
8000000 1.01342e+07
8050000 1.02556e+07
8100000 1.03799e+07
8150000 1.05009e+07
8200000 1.06222e+07
8250000 1.07438e+07
8300000 1.08636e+07
8350000 1.09872e+07
8400000 1.11169e+07
8450000 1.12457e+07
8500000 1.1373e+07
8550000 1.15003e+07
8600000 1.16323e+07
8650000 1.1764e+07
8700000 1.189e+07
8750000 1.20219e+07
8800000 1.21561e+07
8850000 1.22847e+07
8900000 1.24166e+07
8950000 1.25406e+07
9000000 1.26585e+07
9050000 1.27772e+07
9100000 1.28917e+07
9150000 1.30037e+07
9200000 1.313e+07
9250000 1.3261e+07
9300000 1.33941e+07
9350000 1.35251e+07
9400000 1.3654e+07
9450000 1.37936e+07
9500000 1.39316e+07
9550000 1.40654e+07
9600000 1.42063e+07
9650000 1.43482e+07
9700000 1.45034e+07
9750000 1.46519e+07
9800000 1.47984e+07
9850000 1.49372e+07
9900000 1.50839e+07
9950000 1.52344e+07
10000000 1.53818e+07
10050000 1.55223e+07
10100000 1.56584e+07
10150000 1.57972e+07
10200000 1.59368e+07
10250000 1.60669e+07
10300000 1.62044e+07
10350000 1.63495e+07
10400000 1.65006e+07
10450000 1.66572e+07
10500000 1.68161e+07
10550000 1.69627e+07
10600000 1.71127e+07
10650000 1.72638e+07
10700000 1.74132e+07
10750000 1.75586e+07
10800000 1.77154e+07
10850000 1.78648e+07
10900000 1.80194e+07
10950000 1.81749e+07
11000000 1.83288e+07
11050000 1.84798e+07
11100000 1.86206e+07
11150000 1.87681e+07
11200000 1.89207e+07
11250000 1.90766e+07
11300000 1.92419e+07
11350000 1.94067e+07
11400000 1.95803e+07
11450000 1.97645e+07
11500000 1.9936e+07
11550000 2.01059e+07
11600000 2.02786e+07
11650000 2.04534e+07
11700000 2.06252e+07
11750000 2.07883e+07
11800000 2.09544e+07
11850000 2.11155e+07
11900000 2.12752e+07
11950000 2.1423e+07
12000000 2.15683e+07
12050000 2.17228e+07
12100000 2.18656e+07
12150000 2.20156e+07
12200000 2.21689e+07
12250000 2.23397e+07
12300000 2.25109e+07
12350000 2.26941e+07
12400000 2.28775e+07
12450000 2.30614e+07
12500000 2.32433e+07
12550000 2.34247e+07
12600000 2.36018e+07
12650000 2.37823e+07
12700000 2.3963e+07
12750000 2.41456e+07
12800000 2.433e+07
12850000 2.45225e+07
12900000 2.47359e+07
12950000 2.49373e+07
13000000 2.51452e+07
13050000 2.53632e+07
13100000 2.55728e+07
13150000 2.57828e+07
13200000 2.59972e+07
13250000 2.62145e+07
13300000 2.64191e+07
13350000 2.66314e+07
13400000 2.68429e+07
13450000 2.70574e+07
13500000 2.7271e+07
13550000 2.74832e+07
13600000 2.77025e+07
13650000 2.79235e+07
13700000 2.81359e+07
13750000 2.83498e+07
13800000 2.8573e+07
13850000 2.87983e+07
13900000 2.90254e+07
13950000 2.92455e+07
14000000 2.94676e+07
14050000 2.97005e+07
14100000 2.99194e+07
14150000 3.01363e+07
14200000 3.03438e+07
14250000 3.05558e+07
14300000 3.0771e+07
14350000 3.10124e+07
14400000 3.12506e+07
14450000 3.14766e+07
14500000 3.17003e+07
14550000 3.19088e+07
14600000 3.21055e+07
14650000 3.23127e+07
14700000 3.25102e+07
14750000 3.26858e+07
14800000 3.28666e+07
14850000 3.30588e+07
14900000 3.32618e+07
14950000 3.34651e+07
15000000 3.36739e+07
15050000 3.38785e+07
15100000 3.40862e+07
15150000 3.43044e+07
15200000 3.45258e+07
15250000 3.4741e+07
15300000 3.49464e+07
15350000 3.51549e+07
15400000 3.5358e+07
15450000 3.55659e+07
15500000 3.57769e+07
15550000 3.59809e+07
15600000 3.61969e+07
15650000 3.64081e+07
15700000 3.66272e+07
15750000 3.68336e+07
15800000 3.70462e+07
15850000 3.7251e+07
15900000 3.74587e+07
15950000 3.76505e+07
16000000 3.78573e+07
16050000 3.80784e+07
16100000 3.8302e+07
16150000 3.85327e+07
16200000 3.87705e+07
16250000 3.90161e+07
16300000 3.92622e+07
16350000 3.94819e+07
16400000 3.97178e+07
16450000 3.99619e+07
16500000 4.01791e+07
16550000 4.03895e+07
16600000 4.06092e+07
16650000 4.08243e+07
16700000 4.10202e+07
16750000 4.12268e+07
16800000 4.14267e+07
16850000 4.16253e+07
16900000 4.18272e+07
16950000 4.20401e+07
17000000 4.22603e+07
17050000 4.24881e+07
17100000 4.2728e+07
17150000 4.29822e+07
17200000 4.32534e+07
17250000 4.35273e+07
17300000 4.3802e+07
17350000 4.40698e+07
17400000 4.43389e+07
17450000 4.46022e+07
17500000 4.48581e+07
17550000 4.51306e+07
17600000 4.53969e+07
17650000 4.56566e+07
17700000 4.5915e+07
17750000 4.61698e+07
17800000 4.64491e+07
17850000 4.67458e+07
17900000 4.70399e+07
17950000 4.73224e+07
18000000 4.76038e+07
18050000 4.78757e+07
18100000 4.8147e+07
18150000 4.84147e+07
18200000 4.86828e+07
18250000 4.89372e+07
18300000 4.91745e+07
18350000 4.94254e+07
18400000 4.9686e+07
18450000 4.9947e+07
18500000 5.01973e+07
18550000 5.04476e+07
18600000 5.07136e+07
18650000 5.09549e+07
18700000 5.12103e+07
18750000 5.14772e+07
18800000 5.17526e+07
18850000 5.20151e+07
18900000 5.22874e+07
18950000 5.25517e+07
19000000 5.28053e+07
19050000 5.30561e+07
19100000 5.33007e+07
19150000 5.35376e+07
19200000 5.37845e+07
19250000 5.4051e+07
19300000 5.43154e+07
19350000 5.4594e+07
19400000 5.48753e+07
19450000 5.51549e+07
19500000 5.54285e+07
19550000 5.57114e+07
19600000 5.59881e+07
19650000 5.62694e+07
19700000 5.65531e+07
19750000 5.68567e+07
19800000 5.71523e+07
19850000 5.74059e+07
19900000 5.76668e+07
19950000 5.79271e+07
20000000 5.82011e+07
20050000 5.84752e+07
20100000 5.87536e+07
20150000 5.90252e+07
20200000 5.92978e+07
20250000 5.95836e+07
20300000 5.98648e+07
20350000 6.01326e+07
20400000 6.04194e+07
20450000 6.07055e+07
20500000 6.09798e+07
20550000 6.12629e+07
20600000 6.15595e+07
20650000 6.18701e+07
20700000 6.21831e+07
20750000 6.24814e+07
20800000 6.27898e+07
20850000 6.30868e+07
20900000 6.33856e+07
20950000 6.36792e+07
21000000 6.3977e+07
21050000 6.42885e+07
21100000 6.45914e+07
21150000 6.49112e+07
21200000 6.52207e+07
21250000 6.55301e+07
21300000 6.58321e+07
21350000 6.61095e+07
21400000 6.6382e+07
21450000 6.66645e+07
21500000 6.69325e+07
21550000 6.71901e+07
21600000 6.74769e+07
21650000 6.77606e+07
21700000 6.80247e+07
21750000 6.82954e+07
21800000 6.85865e+07
21850000 6.88643e+07
21900000 6.91584e+07
21950000 6.94634e+07
22000000 6.97778e+07
22050000 7.01022e+07
22100000 7.0415e+07
22150000 7.07307e+07
22200000 7.10221e+07
22250000 7.13048e+07
22300000 7.15881e+07
22350000 7.1874e+07
22400000 7.21703e+07
22450000 7.24637e+07
22500000 7.27448e+07
22550000 7.30376e+07
22600000 7.33358e+07
22650000 7.36429e+07
22700000 7.39561e+07
22750000 7.42678e+07
22800000 7.45754e+07
22850000 7.4896e+07
22900000 7.52189e+07
22950000 7.55498e+07
23000000 7.58752e+07
23050000 7.61939e+07
23100000 7.64925e+07
23150000 7.6783e+07
23200000 7.70754e+07
23250000 7.73408e+07
23300000 7.76365e+07
23350000 7.79568e+07
23400000 7.82893e+07
23450000 7.86169e+07
23500000 7.89496e+07
23550000 7.92664e+07
23600000 7.95787e+07
23650000 7.9898e+07
23700000 8.02314e+07
23750000 8.05653e+07
23800000 8.09018e+07
23850000 8.12409e+07
23900000 8.15713e+07
23950000 8.19162e+07
24000000 8.225e+07
24050000 8.25939e+07
24100000 8.29185e+07
24150000 8.32313e+07
24200000 8.35489e+07
24250000 8.39017e+07
24300000 8.42509e+07
24350000 8.45898e+07
24400000 8.49235e+07
24450000 8.5245e+07
24500000 8.55673e+07
24550000 8.58778e+07
24600000 8.62049e+07
24650000 8.65455e+07
24700000 8.68838e+07
24750000 8.7227e+07
24800000 8.7554e+07
24850000 8.78786e+07
24900000 8.81916e+07
24950000 8.85066e+07
25000000 8.88289e+07
25050000 8.91546e+07
25100000 8.94643e+07
25150000 8.97926e+07
25200000 9.01126e+07
25250000 9.04497e+07
25300000 9.0796e+07
25350000 9.11556e+07
25400000 9.15204e+07
25450000 9.18762e+07
25500000 9.22265e+07
25550000 9.25439e+07
25600000 9.28383e+07
25650000 9.31522e+07
25700000 9.34815e+07
25750000 9.38176e+07
25800000 9.4159e+07
25850000 9.4516e+07
25900000 9.48814e+07
25950000 9.52475e+07
26000000 9.56116e+07
26050000 9.59891e+07
26100000 9.63596e+07
26150000 9.67208e+07
26200000 9.70813e+07
26250000 9.74293e+07
26300000 9.7746e+07
26350000 9.80763e+07
26400000 9.84053e+07
26450000 9.87311e+07
26500000 9.90487e+07
26550000 9.93681e+07
26600000 9.96832e+07
26650000 1.00003e+08
26700000 1.00367e+08
26750000 1.00742e+08
26800000 1.01126e+08
26850000 1.01521e+08
26900000 1.01934e+08
26950000 1.0232e+08
27000000 1.02715e+08
27050000 1.03128e+08
27100000 1.0355e+08
27150000 1.03993e+08
27200000 1.04452e+08
27250000 1.04891e+08
27300000 1.05338e+08
27350000 1.05757e+08
27400000 1.06182e+08
27450000 1.06605e+08
27500000 1.07041e+08
27550000 1.07437e+08
27600000 1.07842e+08
27650000 1.08253e+08
27700000 1.08699e+08
27750000 1.09163e+08
27800000 1.09618e+08
27850000 1.10099e+08
27900000 1.10583e+08
27950000 1.11055e+08
28000000 1.11537e+08
28050000 1.12014e+08
28100000 1.12472e+08
28150000 1.12887e+08
28200000 1.13272e+08
28250000 1.13653e+08
28300000 1.14052e+08
28350000 1.14474e+08
28400000 1.1487e+08
28450000 1.15254e+08
28500000 1.15657e+08
28550000 1.16074e+08
28600000 1.16466e+08
28650000 1.16857e+08
28700000 1.17233e+08
28750000 1.17603e+08
28800000 1.17965e+08
28850000 1.1832e+08
28900000 1.18711e+08
28950000 1.19081e+08
29000000 1.19446e+08
29050000 1.19822e+08
29100000 1.20201e+08
29150000 1.206e+08
29200000 1.21017e+08
29250000 1.21447e+08
29300000 1.2188e+08
29350000 1.22338e+08
29400000 1.22788e+08
29450000 1.23196e+08
29500000 1.23614e+08
29550000 1.24025e+08
29600000 1.24437e+08
29650000 1.24861e+08
29700000 1.25319e+08
29750000 1.25765e+08
29800000 1.26209e+08
29850000 1.2666e+08
29900000 1.27096e+08
29950000 1.2756e+08
30000000 1.28023e+08
30050000 1.28473e+08
30100000 1.28982e+08
30150000 1.29459e+08
30200000 1.29933e+08
30250000 1.30419e+08
30300000 1.3088e+08
30350000 1.31336e+08
30400000 1.31832e+08
30450000 1.32324e+08
30500000 1.32807e+08
30550000 1.3327e+08
30600000 1.33743e+08
30650000 1.34231e+08
30700000 1.34719e+08
30750000 1.35201e+08
30800000 1.35661e+08
30850000 1.36126e+08
30900000 1.36586e+08
30950000 1.3707e+08
31000000 1.37562e+08
31050000 1.38042e+08
31100000 1.38525e+08
31150000 1.38998e+08
31200000 1.39489e+08
31250000 1.39967e+08
31300000 1.40451e+08
31350000 1.40927e+08
31400000 1.41394e+08
31450000 1.41842e+08
31500000 1.4227e+08
31550000 1.42679e+08
31600000 1.43111e+08
31650000 1.43517e+08
31700000 1.43944e+08
31750000 1.44377e+08
31800000 1.44804e+08
31850000 1.45211e+08
31900000 1.45628e+08
31950000 1.46059e+08
32000000 1.46496e+08
32050000 1.46943e+08
32100000 1.47404e+08
32150000 1.47888e+08
32200000 1.48371e+08
32250000 1.48856e+08
32300000 1.49315e+08
32350000 1.49778e+08
32400000 1.50262e+08
32450000 1.50752e+08
32500000 1.51231e+08
32550000 1.51717e+08
32600000 1.522e+08
32650000 1.52674e+08
32700000 1.53164e+08
32750000 1.53659e+08
32800000 1.54177e+08
32850000 1.54673e+08
32900000 1.55158e+08
32950000 1.5565e+08
33000000 1.56171e+08
33050000 1.56682e+08
33100000 1.57196e+08
33150000 1.5773e+08
33200000 1.58264e+08
33250000 1.58804e+08
33300000 1.59338e+08
33350000 1.5984e+08
33400000 1.6034e+08
33450000 1.60821e+08
33500000 1.61264e+08
33550000 1.61711e+08
33600000 1.62173e+08
33650000 1.62665e+08
33700000 1.63181e+08
33750000 1.63678e+08
33800000 1.64168e+08
33850000 1.6465e+08
33900000 1.65186e+08
33950000 1.6571e+08
34000000 1.66236e+08
34050000 1.6674e+08
34100000 1.67197e+08
34150000 1.67652e+08
34200000 1.68108e+08
34250000 1.68561e+08
34300000 1.68982e+08
34350000 1.69411e+08
34400000 1.69813e+08
34450000 1.702e+08
34500000 1.7061e+08
34550000 1.71024e+08
34600000 1.71469e+08
34650000 1.71932e+08
34700000 1.72432e+08
34750000 1.72964e+08
34800000 1.7352e+08
34850000 1.74033e+08
34900000 1.74529e+08
34950000 1.7503e+08
35000000 1.75508e+08
35050000 1.76011e+08
35100000 1.76586e+08
35150000 1.77196e+08
35200000 1.77787e+08
35250000 1.78338e+08
35300000 1.78878e+08
35350000 1.79412e+08
35400000 1.79966e+08
35450000 1.80521e+08
35500000 1.81044e+08
35550000 1.8155e+08
35600000 1.82057e+08
35650000 1.82558e+08
35700000 1.83034e+08
35750000 1.83483e+08
35800000 1.83934e+08
35850000 1.84397e+08
35900000 1.8491e+08
35950000 1.85416e+08
36000000 1.85949e+08
36050000 1.86463e+08
36100000 1.87021e+08
36150000 1.87568e+08
36200000 1.88106e+08
36250000 1.8866e+08
36300000 1.89206e+08
36350000 1.89764e+08
36400000 1.90301e+08
36450000 1.90819e+08
36500000 1.91328e+08
36550000 1.91842e+08
36600000 1.9238e+08
36650000 1.9293e+08
36700000 1.93489e+08
36750000 1.94058e+08
36800000 1.94634e+08
36850000 1.95223e+08
36900000 1.95803e+08
36950000 1.96356e+08
37000000 1.96907e+08
37050000 1.9745e+08
37100000 1.9801e+08
37150000 1.98572e+08
37200000 1.99135e+08
37250000 1.99705e+08
37300000 2.00295e+08
37350000 2.00879e+08
37400000 2.01472e+08
37450000 2.02061e+08
37500000 2.02646e+08
37550000 2.03212e+08
37600000 2.03834e+08
37650000 2.0443e+08
37700000 2.05065e+08
37750000 2.05671e+08
37800000 2.0628e+08
37850000 2.06885e+08
37900000 2.07475e+08
37950000 2.08063e+08
38000000 2.08633e+08
38050000 2.09229e+08
38100000 2.09837e+08
38150000 2.10417e+08
38200000 2.10993e+08
38250000 2.11561e+08
38300000 2.1211e+08
38350000 2.12648e+08
38400000 2.13156e+08
38450000 2.13649e+08
38500000 2.14114e+08
38550000 2.14569e+08
38600000 2.15002e+08
38650000 2.1546e+08
38700000 2.15921e+08
38750000 2.16409e+08
38800000 2.16916e+08
38850000 2.17414e+08
38900000 2.17905e+08
38950000 2.1841e+08
39000000 2.18954e+08
39050000 2.19457e+08
39100000 2.19978e+08
39150000 2.20507e+08
39200000 2.21014e+08
39250000 2.21522e+08
39300000 2.22037e+08
39350000 2.22562e+08
39400000 2.23078e+08
39450000 2.23569e+08
39500000 2.24059e+08
39550000 2.2458e+08
39600000 2.25109e+08
39650000 2.25608e+08
39700000 2.26074e+08
39750000 2.26548e+08
39800000 2.27002e+08
39850000 2.27441e+08
39900000 2.27934e+08
39950000 2.28432e+08
40000000 2.2893e+08
40050000 2.29449e+08
40100000 2.29958e+08
40150000 2.30455e+08
40200000 2.30984e+08
40250000 2.31514e+08
40300000 2.32015e+08
40350000 2.32508e+08
40400000 2.32976e+08
40450000 2.33456e+08
40500000 2.33943e+08
40550000 2.34426e+08
40600000 2.34933e+08
40650000 2.3542e+08
40700000 2.35932e+08
40750000 2.36485e+08
40800000 2.37067e+08
40850000 2.37661e+08
40900000 2.38277e+08
40950000 2.38888e+08
41000000 2.3952e+08
41050000 2.40198e+08
41100000 2.409e+08
41150000 2.41599e+08
41200000 2.42337e+08
41250000 2.4305e+08
41300000 2.43775e+08
41350000 2.44512e+08
41400000 2.45226e+08
41450000 2.4594e+08
41500000 2.46653e+08
41550000 2.47373e+08
41600000 2.48071e+08
41650000 2.48804e+08
41700000 2.49536e+08
41750000 2.50296e+08
41800000 2.51066e+08
41850000 2.51802e+08
41900000 2.52534e+08
41950000 2.53274e+08
42000000 2.54024e+08
42050000 2.5473e+08
42100000 2.55422e+08
42150000 2.5612e+08
42200000 2.56829e+08
42250000 2.57533e+08
42300000 2.58239e+08
42350000 2.58881e+08
42400000 2.59545e+08
42450000 2.60177e+08
42500000 2.6084e+08
42550000 2.61471e+08
42600000 2.62117e+08
42650000 2.62696e+08
42700000 2.6329e+08
42750000 2.63876e+08
42800000 2.64445e+08
42850000 2.6501e+08
42900000 2.65569e+08
42950000 2.66115e+08
43000000 2.66661e+08
43050000 2.67227e+08
43100000 2.67811e+08
43150000 2.68404e+08
43200000 2.68969e+08
43250000 2.69538e+08
43300000 2.70129e+08
43350000 2.70716e+08
43400000 2.71316e+08
43450000 2.71864e+08
43500000 2.72438e+08
43550000 2.73081e+08
43600000 2.73715e+08
43650000 2.74349e+08
43700000 2.7498e+08
43750000 2.75611e+08
43800000 2.76271e+08
43850000 2.76971e+08
43900000 2.77607e+08
43950000 2.7826e+08
44000000 2.78917e+08
44050000 2.79573e+08
44100000 2.8019e+08
44150000 2.80776e+08
44200000 2.81343e+08
44250000 2.81987e+08
44300000 2.82621e+08
44350000 2.83257e+08
44400000 2.8391e+08
44450000 2.84561e+08
44500000 2.85211e+08
44550000 2.85848e+08
44600000 2.8648e+08
44650000 2.87075e+08
44700000 2.87689e+08
44750000 2.88338e+08
44800000 2.89014e+08
44850000 2.89649e+08
44900000 2.90294e+08
44950000 2.90913e+08
45000000 2.91548e+08
45050000 2.92179e+08
45100000 2.92843e+08
45150000 2.93522e+08
45200000 2.94187e+08
45250000 2.94831e+08
45300000 2.95444e+08
45350000 2.9606e+08
45400000 2.96673e+08
45450000 2.97295e+08
45500000 2.97917e+08
45550000 2.98554e+08
45600000 2.9921e+08
45650000 2.99864e+08
45700000 3.00484e+08
45750000 3.01108e+08
45800000 3.01727e+08
45850000 3.02349e+08
45900000 3.02996e+08
45950000 3.03648e+08
46000000 3.0428e+08
46050000 3.04901e+08
46100000 3.05605e+08
46150000 3.06367e+08
46200000 3.07111e+08
46250000 3.07826e+08
46300000 3.08514e+08
46350000 3.09224e+08
46400000 3.09877e+08
46450000 3.1057e+08
46500000 3.11263e+08
46550000 3.11927e+08
46600000 3.12593e+08
46650000 3.13228e+08
46700000 3.13849e+08
46750000 3.14473e+08
46800000 3.15127e+08
46850000 3.15753e+08
46900000 3.16419e+08
46950000 3.17129e+08
47000000 3.17862e+08
47050000 3.18641e+08
47100000 3.19367e+08
47150000 3.20095e+08
47200000 3.20792e+08
47250000 3.21508e+08
47300000 3.22308e+08
47350000 3.23085e+08
47400000 3.23925e+08
47450000 3.24789e+08
47500000 3.25641e+08
47550000 3.26517e+08
47600000 3.27398e+08
47650000 3.28247e+08
47700000 3.29096e+08
47750000 3.29924e+08
47800000 3.30728e+08
47850000 3.31544e+08
47900000 3.32338e+08
47950000 3.33189e+08
48000000 3.33972e+08
48050000 3.34741e+08
48100000 3.35507e+08
48150000 3.36296e+08
48200000 3.37087e+08
48250000 3.37835e+08
48300000 3.38612e+08
48350000 3.39389e+08
48400000 3.40177e+08
48450000 3.40969e+08
48500000 3.41777e+08
48550000 3.42569e+08
48600000 3.43348e+08
48650000 3.44101e+08
48700000 3.4481e+08
48750000 3.45522e+08
48800000 3.46248e+08
48850000 3.46965e+08
48900000 3.47663e+08
48950000 3.48385e+08
49000000 3.49175e+08
49050000 3.49978e+08
49100000 3.50768e+08
49150000 3.51542e+08
49200000 3.52353e+08
49250000 3.53185e+08
49300000 3.53983e+08
49350000 3.5475e+08
49400000 3.5551e+08
49450000 3.56244e+08
49500000 3.56977e+08
49550000 3.57703e+08
49600000 3.58371e+08
49650000 3.59009e+08
49700000 3.59659e+08
49750000 3.60314e+08
49800000 3.60981e+08
49850000 3.61649e+08
49900000 3.62332e+08
49950000 3.62997e+08
