0 0
50000 295.16
100000 1031.04
150000 2101.08
200000 3304.22
250000 4378.98
300000 5203.84
350000 6191.12
400000 7457.38
450000 8642.38
500000 9838.32
550000 10971.4
600000 11729.3
650000 12787.6
700000 13680.9
750000 14924.1
800000 16207.1
850000 17413.5
900000 18668.1
950000 19666.8
1000000 20827.1
1050000 22103.9
1100000 23137.4
1150000 24383.6
1200000 25285.6
1250000 26811.4
1300000 28591.1
1350000 30424.4
1400000 32113.5
1450000 33606
1500000 35220.8
1550000 36825.4
1600000 38292.2
1650000 40052.5
1700000 42084.9
1750000 44356
1800000 47418.3
1850000 50756.3
1900000 54618.1
1950000 58669.6
2000000 61533.1
2050000 64571.4
2100000 67953.2
2150000 70961.9
2200000 73640.8
2250000 76885.4
2300000 81059.2
2350000 85595.1
2400000 89980
2450000 92205
2500000 94417
2550000 97421.7
2600000 100488
2650000 102702
2700000 105069
2750000 108035
2800000 110878
2850000 113129
2900000 115719
2950000 117843
3000000 120658
3050000 123324
3100000 126353
3150000 130034
3200000 132284
3250000 134147
3300000 137041
3350000 140856
3400000 145292
3450000 148925
3500000 151459
3550000 152690
3600000 154481
3650000 156961
3700000 159087
3750000 161914
3800000 165551
3850000 168897
3900000 171735
3950000 174815
4000000 178237
4050000 182169
4100000 188559
4150000 195025
4200000 199518
4250000 204066
4300000 207101
4350000 209717
4400000 213327
4450000 218255
4500000 224095
4550000 229828
4600000 233116
4650000 236149
4700000 240230
4750000 244346
4800000 247909
4850000 252295
4900000 257422
4950000 264340
5000000 271179
5050000 276912
5100000 281841
5150000 288011
5200000 294088
5250000 299758
5300000 304801
5350000 311954
5400000 320387
5450000 327283
5500000 334641
5550000 341426
5600000 346448
5650000 349999
5700000 353323
5750000 358363
5800000 364676
5850000 371719
5900000 378216
5950000 383519
6000000 388877
6050000 398001
6100000 406076
6150000 413804
6200000 422404
6250000 432339
6300000 444652
6350000 455933
6400000 465888
6450000 475322
6500000 482706
6550000 491020
6600000 501252
6650000 509088
6700000 516548
6750000 522151
6800000 529491
6850000 535954
6900000 542396
6950000 547534
7000000 553179
7050000 560778
7100000 570524
7150000 580389
7200000 587251
7250000 593167
7300000 599485
7350000 605630
7400000 610558
7450000 618029
7500000 628703
7550000 638142
7600000 648109
7650000 659821
7700000 669359
7750000 677589
7800000 684803
7850000 692360
7900000 697341
7950000 703309
8000000 713354
8050000 724979
8100000 735050
8150000 743429
8200000 752736
8250000 759743
8300000 765809
8350000 776559
8400000 790232
8450000 801039
8500000 812237
8550000 823816
8600000 833172
8650000 841589
8700000 850983
8750000 860979
8800000 871222
8850000 882826
8900000 893730
8950000 901157
9000000 910795
9050000 920288
9100000 931030
9150000 944237
9200000 957183
9250000 969040
9300000 983215
9350000 998488
9400000 1.01646e+06
9450000 1.02725e+06
9500000 1.03991e+06
9550000 1.05201e+06
9600000 1.06345e+06
9650000 1.07362e+06
9700000 1.08667e+06
9750000 1.09788e+06
9800000 1.10751e+06
9850000 1.11762e+06
9900000 1.12684e+06
9950000 1.13464e+06
10000000 1.14301e+06
10050000 1.14924e+06
10100000 1.15426e+06
10150000 1.16317e+06
10200000 1.1729e+06
10250000 1.18375e+06
10300000 1.19819e+06
10350000 1.20848e+06
10400000 1.21704e+06
10450000 1.22644e+06
10500000 1.23993e+06
10550000 1.25786e+06
10600000 1.27081e+06
10650000 1.28527e+06
10700000 1.30167e+06
10750000 1.3168e+06
10800000 1.32846e+06
10850000 1.34063e+06
10900000 1.35076e+06
10950000 1.36205e+06
11000000 1.37384e+06
11050000 1.38827e+06
11100000 1.40353e+06
11150000 1.41625e+06
11200000 1.42856e+06
11250000 1.44228e+06
11300000 1.45455e+06
11350000 1.46778e+06
11400000 1.47699e+06
11450000 1.4848e+06
11500000 1.49386e+06
11550000 1.50766e+06
11600000 1.52606e+06
11650000 1.5453e+06
11700000 1.56882e+06
11750000 1.58736e+06
11800000 1.6054e+06
11850000 1.62317e+06
11900000 1.63861e+06
11950000 1.65456e+06
12000000 1.66809e+06
12050000 1.68023e+06
12100000 1.69356e+06
12150000 1.71103e+06
12200000 1.72829e+06
12250000 1.74771e+06
12300000 1.76315e+06
12350000 1.78197e+06
12400000 1.80144e+06
12450000 1.82116e+06
12500000 1.83686e+06
12550000 1.84497e+06
12600000 1.86158e+06
12650000 1.87247e+06
12700000 1.88428e+06
12750000 1.89601e+06
12800000 1.9068e+06
12850000 1.91542e+06
12900000 1.92724e+06
12950000 1.94451e+06
13000000 1.95965e+06
13050000 1.97708e+06
13100000 1.99276e+06
13150000 2.01268e+06
13200000 2.02827e+06
13250000 2.04231e+06
13300000 2.05354e+06
13350000 2.06759e+06
13400000 2.08431e+06
13450000 2.09937e+06
13500000 2.11603e+06
13550000 2.13507e+06
13600000 2.14948e+06
13650000 2.16867e+06
13700000 2.18979e+06
13750000 2.21171e+06
13800000 2.22831e+06
13850000 2.24164e+06
13900000 2.25188e+06
13950000 2.26514e+06
14000000 2.27894e+06
14050000 2.29281e+06
14100000 2.30809e+06
14150000 2.3229e+06
14200000 2.33504e+06
14250000 2.3447e+06
14300000 2.35503e+06
14350000 2.36774e+06
14400000 2.38237e+06
14450000 2.40224e+06
14500000 2.42209e+06
14550000 2.44582e+06
14600000 2.47299e+06
14650000 2.4958e+06
14700000 2.51418e+06
14750000 2.53644e+06
14800000 2.55472e+06
14850000 2.57263e+06
14900000 2.58851e+06
14950000 2.605e+06
15000000 2.62167e+06
15050000 2.63817e+06
15100000 2.66029e+06
15150000 2.67731e+06
15200000 2.69718e+06
15250000 2.72076e+06
15300000 2.74749e+06
15350000 2.77253e+06
15400000 2.79617e+06
15450000 2.82214e+06
15500000 2.8529e+06
15550000 2.87473e+06
15600000 2.89589e+06
15650000 2.91509e+06
15700000 2.93973e+06
15750000 2.96732e+06
15800000 2.99272e+06
15850000 3.00838e+06
15900000 3.01948e+06
15950000 3.03045e+06
16000000 3.04594e+06
16050000 3.06312e+06
16100000 3.08031e+06
16150000 3.09829e+06
16200000 3.11154e+06
16250000 3.12311e+06
16300000 3.13727e+06
16350000 3.15793e+06
16400000 3.18832e+06
16450000 3.21193e+06
16500000 3.23288e+06
16550000 3.26123e+06
16600000 3.28484e+06
16650000 3.30558e+06
16700000 3.32254e+06
16750000 3.34035e+06
16800000 3.35849e+06
16850000 3.37448e+06
16900000 3.39544e+06
16950000 3.4224e+06
17000000 3.4428e+06
17050000 3.46866e+06
17100000 3.49146e+06
17150000 3.50971e+06
17200000 3.52495e+06
17250000 3.53969e+06
17300000 3.55994e+06
17350000 3.58112e+06
17400000 3.59951e+06
17450000 3.61776e+06
17500000 3.634e+06
17550000 3.6517e+06
17600000 3.67057e+06
17650000 3.69193e+06
17700000 3.71735e+06
17750000 3.73804e+06
17800000 3.75403e+06
17850000 3.7704e+06
17900000 3.78906e+06
17950000 3.81073e+06
18000000 3.83557e+06
18050000 3.86222e+06
18100000 3.88902e+06
18150000 3.90927e+06
18200000 3.9303e+06
18250000 3.94911e+06
18300000 3.97122e+06
18350000 3.99481e+06
18400000 4.02426e+06
18450000 4.05093e+06
18500000 4.07381e+06
18550000 4.09647e+06
18600000 4.12876e+06
18650000 4.16164e+06
18700000 4.19554e+06
18750000 4.21955e+06
18800000 4.24122e+06
18850000 4.26276e+06
18900000 4.28006e+06
18950000 4.29619e+06
19000000 4.31781e+06
19050000 4.33296e+06
19100000 4.34964e+06
19150000 4.36355e+06
19200000 4.37287e+06
19250000 4.38151e+06
19300000 4.38904e+06
19350000 4.39893e+06
19400000 4.41871e+06
19450000 4.44524e+06
19500000 4.47158e+06
19550000 4.49763e+06
19600000 4.52647e+06
19650000 4.55815e+06
19700000 4.59376e+06
19750000 4.62457e+06
19800000 4.66875e+06
19850000 4.70735e+06
19900000 4.74032e+06
19950000 4.76446e+06
20000000 4.7911e+06
20050000 4.81199e+06
20100000 4.83536e+06
20150000 4.85931e+06
20200000 4.88304e+06
20250000 4.9041e+06
20300000 4.9286e+06
20350000 4.9629e+06
20400000 4.99713e+06
20450000 5.02237e+06
20500000 5.05528e+06
20550000 5.08398e+06
20600000 5.11111e+06
20650000 5.14281e+06
20700000 5.17713e+06
20750000 5.2047e+06
20800000 5.23219e+06
20850000 5.25657e+06
20900000 5.27846e+06
20950000 5.29906e+06
21000000 5.32048e+06
21050000 5.33989e+06
21100000 5.35971e+06
21150000 5.36804e+06
21200000 5.38473e+06
21250000 5.4104e+06
21300000 5.43346e+06
21350000 5.45354e+06
21400000 5.47443e+06
21450000 5.49476e+06
21500000 5.50974e+06
21550000 5.52156e+06
21600000 5.53217e+06
21650000 5.54639e+06
21700000 5.5634e+06
21750000 5.5769e+06
21800000 5.60029e+06
21850000 5.62372e+06
21900000 5.63609e+06
21950000 5.66464e+06
22000000 5.6896e+06
22050000 5.708e+06
22100000 5.7265e+06
22150000 5.74282e+06
22200000 5.7653e+06
22250000 5.78405e+06
22300000 5.80117e+06
22350000 5.82379e+06
22400000 5.84133e+06
22450000 5.86145e+06
22500000 5.8869e+06
22550000 5.90636e+06
22600000 5.92119e+06
22650000 5.9396e+06
22700000 5.96037e+06
22750000 5.98483e+06
22800000 6.0094e+06
22850000 6.03859e+06
22900000 6.05599e+06
22950000 6.08381e+06
23000000 6.11532e+06
23050000 6.14579e+06
23100000 6.17861e+06
23150000 6.20314e+06
23200000 6.226e+06
23250000 6.25097e+06
23300000 6.28331e+06
23350000 6.31827e+06
23400000 6.35045e+06
23450000 6.38979e+06
23500000 6.42701e+06
23550000 6.46046e+06
23600000 6.48822e+06
23650000 6.50736e+06
23700000 6.52978e+06
23750000 6.55548e+06
23800000 6.58885e+06
23850000 6.61811e+06
23900000 6.64603e+06
23950000 6.67424e+06
24000000 6.70063e+06
24050000 6.72061e+06
24100000 6.73964e+06
24150000 6.75991e+06
24200000 6.79043e+06
24250000 6.82851e+06
24300000 6.86027e+06
24350000 6.89291e+06
24400000 6.91199e+06
24450000 6.93059e+06
24500000 6.95306e+06
24550000 6.97772e+06
24600000 7.00309e+06
24650000 7.03009e+06
24700000 7.0568e+06
24750000 7.08498e+06
24800000 7.11812e+06
24850000 7.14965e+06
24900000 7.1774e+06
24950000 7.20727e+06
25000000 7.23074e+06
25050000 7.25705e+06
25100000 7.29221e+06
25150000 7.33353e+06
25200000 7.36457e+06
25250000 7.38884e+06
25300000 7.41923e+06
25350000 7.45314e+06
25400000 7.48482e+06
25450000 7.51288e+06
25500000 7.53741e+06
25550000 7.56532e+06
25600000 7.60419e+06
25650000 7.63197e+06
25700000 7.64974e+06
25750000 7.67196e+06
25800000 7.69595e+06
25850000 7.72376e+06
25900000 7.75139e+06
25950000 7.77184e+06
26000000 7.80375e+06
26050000 7.83813e+06
26100000 7.8745e+06
26150000 7.90699e+06
26200000 7.94063e+06
26250000 7.97003e+06
26300000 7.99485e+06
26350000 8.02808e+06
26400000 8.05014e+06
26450000 8.07464e+06
26500000 8.10258e+06
26550000 8.1397e+06
26600000 8.16141e+06
26650000 8.17496e+06
26700000 8.19373e+06
26750000 8.21645e+06
26800000 8.23739e+06
26850000 8.25889e+06
26900000 8.28059e+06
26950000 8.30426e+06
27000000 8.33898e+06
27050000 8.36173e+06
27100000 8.38302e+06
27150000 8.40896e+06
27200000 8.43247e+06
27250000 8.46295e+06
27300000 8.4912e+06
27350000 8.51025e+06
27400000 8.5326e+06
27450000 8.54451e+06
27500000 8.55906e+06
27550000 8.57463e+06
27600000 8.60724e+06
27650000 8.65115e+06
27700000 8.68761e+06
27750000 8.71831e+06
27800000 8.73974e+06
27850000 8.77211e+06
27900000 8.79948e+06
27950000 8.8336e+06
28000000 8.86322e+06
28050000 8.89361e+06
28100000 8.93001e+06
28150000 8.95621e+06
28200000 8.98018e+06
28250000 9.00151e+06
28300000 9.03224e+06
28350000 9.05817e+06
28400000 9.08116e+06
28450000 9.11193e+06
28500000 9.14545e+06
28550000 9.16754e+06
28600000 9.18447e+06
28650000 9.19887e+06
28700000 9.21088e+06
28750000 9.22448e+06
28800000 9.24246e+06
28850000 9.26403e+06
28900000 9.28171e+06
28950000 9.30653e+06
29000000 9.31881e+06
29050000 9.32661e+06
29100000 9.34161e+06
29150000 9.36358e+06
29200000 9.39292e+06
29250000 9.42577e+06
29300000 9.45545e+06
29350000 9.49511e+06
29400000 9.53538e+06
29450000 9.57355e+06
29500000 9.60497e+06
29550000 9.63215e+06
29600000 9.65849e+06
29650000 9.68941e+06
29700000 9.7181e+06
29750000 9.74247e+06
29800000 9.77175e+06
29850000 9.79521e+06
29900000 9.8038e+06
29950000 9.81846e+06
30000000 9.83127e+06
30050000 9.84805e+06
30100000 9.86581e+06
30150000 9.88565e+06
30200000 9.90462e+06
30250000 9.92558e+06
30300000 9.94647e+06
30350000 9.96026e+06
30400000 9.97365e+06
30450000 9.9884e+06
30500000 9.99816e+06
30550000 1.00132e+07
30600000 1.00322e+07
30650000 1.00491e+07
30700000 1.00682e+07
30750000 1.0086e+07
30800000 1.01046e+07
30850000 1.01284e+07
30900000 1.0166e+07
30950000 1.02029e+07
31000000 1.02497e+07
31050000 1.02909e+07
31100000 1.03324e+07
31150000 1.03752e+07
31200000 1.0415e+07
31250000 1.04456e+07
31300000 1.04791e+07
31350000 1.05003e+07
31400000 1.05153e+07
31450000 1.05414e+07
31500000 1.05865e+07
31550000 1.06351e+07
31600000 1.06783e+07
31650000 1.07032e+07
31700000 1.07216e+07
31750000 1.07518e+07
31800000 1.07909e+07
31850000 1.08229e+07
31900000 1.0864e+07
31950000 1.09127e+07
32000000 1.0962e+07
32050000 1.1012e+07
32100000 1.10604e+07
32150000 1.10944e+07
32200000 1.11283e+07
32250000 1.11628e+07
32300000 1.11955e+07
32350000 1.12347e+07
32400000 1.12734e+07
32450000 1.13087e+07
32500000 1.13514e+07
32550000 1.13971e+07
32600000 1.1428e+07
32650000 1.14562e+07
32700000 1.14855e+07
32750000 1.15116e+07
32800000 1.15531e+07
32850000 1.1606e+07
32900000 1.16606e+07
32950000 1.17048e+07
33000000 1.17286e+07
33050000 1.17661e+07
33100000 1.18058e+07
33150000 1.18473e+07
33200000 1.18747e+07
33250000 1.18948e+07
33300000 1.1919e+07
33350000 1.19539e+07
33400000 1.19867e+07
33450000 1.20113e+07
33500000 1.20361e+07
33550000 1.20554e+07
33600000 1.20891e+07
33650000 1.21145e+07
33700000 1.21399e+07
33750000 1.21722e+07
33800000 1.22029e+07
33850000 1.22423e+07
33900000 1.22837e+07
33950000 1.23106e+07
34000000 1.23404e+07
34050000 1.23858e+07
34100000 1.24161e+07
34150000 1.24524e+07
34200000 1.24836e+07
34250000 1.25146e+07
34300000 1.25378e+07
34350000 1.25585e+07
34400000 1.25829e+07
34450000 1.26111e+07
34500000 1.26379e+07
34550000 1.26641e+07
34600000 1.2694e+07
34650000 1.27082e+07
34700000 1.27253e+07
34750000 1.27384e+07
34800000 1.27569e+07
34850000 1.27782e+07
34900000 1.2804e+07
34950000 1.2833e+07
35000000 1.28706e+07
35050000 1.29229e+07
35100000 1.29759e+07
35150000 1.30418e+07
35200000 1.31116e+07
35250000 1.31805e+07
35300000 1.32559e+07
35350000 1.33111e+07
35400000 1.33719e+07
35450000 1.34155e+07
35500000 1.34548e+07
35550000 1.34944e+07
35600000 1.35376e+07
35650000 1.35823e+07
35700000 1.36258e+07
35750000 1.36805e+07
35800000 1.37296e+07
35850000 1.37759e+07
35900000 1.38114e+07
35950000 1.38549e+07
36000000 1.39025e+07
36050000 1.3941e+07
36100000 1.39822e+07
36150000 1.40183e+07
36200000 1.40559e+07
36250000 1.4113e+07
36300000 1.41755e+07
36350000 1.423e+07
36400000 1.42771e+07
36450000 1.4313e+07
36500000 1.43472e+07
36550000 1.43745e+07
36600000 1.44086e+07
36650000 1.44569e+07
36700000 1.45106e+07
36750000 1.45481e+07
36800000 1.45797e+07
36850000 1.46031e+07
36900000 1.46501e+07
36950000 1.46955e+07
37000000 1.47362e+07
37050000 1.47678e+07
37100000 1.47983e+07
37150000 1.48181e+07
37200000 1.48417e+07
37250000 1.48655e+07
37300000 1.48978e+07
37350000 1.49389e+07
37400000 1.49791e+07
37450000 1.5021e+07
37500000 1.50601e+07
37550000 1.50874e+07
37600000 1.51156e+07
37650000 1.51356e+07
37700000 1.51505e+07
37750000 1.51717e+07
37800000 1.51997e+07
37850000 1.52387e+07
37900000 1.52816e+07
37950000 1.53197e+07
38000000 1.53519e+07
38050000 1.53939e+07
38100000 1.54291e+07
38150000 1.54524e+07
38200000 1.54831e+07
38250000 1.55141e+07
38300000 1.55455e+07
38350000 1.55931e+07
38400000 1.56443e+07
38450000 1.56987e+07
38500000 1.57645e+07
38550000 1.58199e+07
38600000 1.58725e+07
38650000 1.59205e+07
38700000 1.59718e+07
38750000 1.60157e+07
38800000 1.60445e+07
38850000 1.60787e+07
38900000 1.61152e+07
38950000 1.61437e+07
39000000 1.61858e+07
39050000 1.62351e+07
39100000 1.62884e+07
39150000 1.63274e+07
39200000 1.63652e+07
39250000 1.63966e+07
39300000 1.64179e+07
39350000 1.64473e+07
39400000 1.64875e+07
39450000 1.65169e+07
39500000 1.65437e+07
39550000 1.65793e+07
39600000 1.66158e+07
39650000 1.66565e+07
39700000 1.66933e+07
39750000 1.67285e+07
39800000 1.67602e+07
39850000 1.68117e+07
39900000 1.68658e+07
39950000 1.69304e+07
40000000 1.69935e+07
40050000 1.70427e+07
40100000 1.70902e+07
40150000 1.71269e+07
40200000 1.71579e+07
40250000 1.72014e+07
40300000 1.72652e+07
40350000 1.73157e+07
40400000 1.73652e+07
40450000 1.7431e+07
40500000 1.74951e+07
40550000 1.75473e+07
40600000 1.76113e+07
40650000 1.76669e+07
40700000 1.76992e+07
40750000 1.77327e+07
40800000 1.77822e+07
40850000 1.78212e+07
40900000 1.78553e+07
40950000 1.7874e+07
41000000 1.78974e+07
41050000 1.79282e+07
41100000 1.79689e+07
41150000 1.80004e+07
41200000 1.80366e+07
41250000 1.80766e+07
41300000 1.81052e+07
41350000 1.81332e+07
41400000 1.81744e+07
41450000 1.82256e+07
41500000 1.82645e+07
41550000 1.83061e+07
41600000 1.83445e+07
41650000 1.83742e+07
41700000 1.84062e+07
41750000 1.84252e+07
41800000 1.84498e+07
41850000 1.84854e+07
41900000 1.85273e+07
41950000 1.85722e+07
42000000 1.86179e+07
42050000 1.86606e+07
42100000 1.87039e+07
42150000 1.87709e+07
42200000 1.8826e+07
42250000 1.88672e+07
42300000 1.89039e+07
42350000 1.89251e+07
42400000 1.89429e+07
42450000 1.89793e+07
42500000 1.90126e+07
42550000 1.90585e+07
42600000 1.91013e+07
42650000 1.91436e+07
42700000 1.91913e+07
42750000 1.92508e+07
42800000 1.93003e+07
42850000 1.93467e+07
42900000 1.9388e+07
42950000 1.94158e+07
43000000 1.94526e+07
43050000 1.94904e+07
43100000 1.95388e+07
43150000 1.95768e+07
43200000 1.96287e+07
43250000 1.96778e+07
43300000 1.97179e+07
43350000 1.97596e+07
43400000 1.97924e+07
43450000 1.9824e+07
43500000 1.98607e+07
43550000 1.98926e+07
43600000 1.99271e+07
43650000 1.99723e+07
43700000 2.00217e+07
43750000 2.00652e+07
43800000 2.01064e+07
43850000 2.01662e+07
43900000 2.02151e+07
43950000 2.02567e+07
44000000 2.03083e+07
44050000 2.0365e+07
44100000 2.04247e+07
44150000 2.04928e+07
44200000 2.05774e+07
44250000 2.06674e+07
44300000 2.07445e+07
44350000 2.07985e+07
44400000 2.08268e+07
44450000 2.08663e+07
44500000 2.09193e+07
44550000 2.09747e+07
44600000 2.10356e+07
44650000 2.1087e+07
44700000 2.11336e+07
44750000 2.11749e+07
44800000 2.12392e+07
44850000 2.13024e+07
44900000 2.13526e+07
44950000 2.13845e+07
45000000 2.14124e+07
45050000 2.14617e+07
45100000 2.15112e+07
45150000 2.15698e+07
45200000 2.162e+07
45250000 2.16745e+07
45300000 2.17298e+07
45350000 2.17876e+07
45400000 2.18364e+07
45450000 2.18701e+07
45500000 2.19038e+07
45550000 2.19427e+07
45600000 2.197e+07
45650000 2.19942e+07
45700000 2.20192e+07
45750000 2.20442e+07
45800000 2.20593e+07
45850000 2.20859e+07
45900000 2.21347e+07
45950000 2.21923e+07
46000000 2.22422e+07
46050000 2.23031e+07
46100000 2.23683e+07
46150000 2.24153e+07
46200000 2.24403e+07
46250000 2.24743e+07
46300000 2.25096e+07
46350000 2.25447e+07
46400000 2.2581e+07
46450000 2.26243e+07
46500000 2.26542e+07
46550000 2.26894e+07
46600000 2.2729e+07
46650000 2.27683e+07
46700000 2.281e+07
46750000 2.28567e+07
46800000 2.28941e+07
46850000 2.29324e+07
46900000 2.29885e+07
46950000 2.30647e+07
47000000 2.31379e+07
47050000 2.31995e+07
47100000 2.32514e+07
47150000 2.33079e+07
47200000 2.33456e+07
47250000 2.33768e+07
47300000 2.3413e+07
47350000 2.34511e+07
47400000 2.34942e+07
47450000 2.35461e+07
47500000 2.35867e+07
47550000 2.36218e+07
47600000 2.36626e+07
47650000 2.36901e+07
47700000 2.37413e+07
47750000 2.38152e+07
47800000 2.38768e+07
47850000 2.39264e+07
47900000 2.39662e+07
47950000 2.3998e+07
48000000 2.40337e+07
48050000 2.40739e+07
48100000 2.41183e+07
48150000 2.41543e+07
48200000 2.4202e+07
48250000 2.42313e+07
48300000 2.42686e+07
48350000 2.43184e+07
48400000 2.438e+07
48450000 2.44227e+07
48500000 2.44769e+07
48550000 2.45264e+07
48600000 2.45734e+07
48650000 2.46137e+07
48700000 2.46579e+07
48750000 2.46995e+07
48800000 2.4734e+07
48850000 2.47834e+07
48900000 2.48434e+07
48950000 2.48947e+07
49000000 2.49506e+07
49050000 2.49949e+07
49100000 2.50362e+07
49150000 2.50849e+07
49200000 2.51459e+07
49250000 2.5224e+07
49300000 2.53157e+07
49350000 2.54041e+07
49400000 2.54783e+07
49450000 2.55344e+07
49500000 2.55696e+07
49550000 2.5598e+07
49600000 2.56341e+07
49650000 2.56758e+07
49700000 2.57224e+07
49750000 2.57682e+07
49800000 2.58387e+07
49850000 2.59101e+07
49900000 2.5982e+07
49950000 2.60663e+07
