0 0
50000 19.06
100000 40.62
150000 61.08
200000 79.98
250000 99.7
300000 119.7
350000 139.38
400000 160.78
450000 181.3
500000 201.7
550000 221.98
600000 242.02
650000 261.54
700000 281.96
750000 301.46
800000 322.06
850000 342.5
900000 363.88
950000 384.44
1000000 405.74
1050000 428.22
1100000 451.54
1150000 474.9
1200000 496.86
1250000 518.96
1300000 539.16
1350000 559.04
1400000 580
1450000 601.66
1500000 624.1
1550000 644.7
1600000 664.7
1650000 684.2
1700000 704.82
1750000 725.68
1800000 747.12
1850000 769.24
1900000 790.22
1950000 812
2000000 833.36
2050000 854.82
2100000 876.18
2150000 897.24
2200000 917.88
2250000 938.74
2300000 960.38
2350000 981.2
2400000 1000.7
2450000 1020.68
2500000 1041.5
2550000 1060.7
2600000 1080.12
2650000 1101.12
2700000 1122.16
2750000 1142.58
2800000 1163.06
2850000 1183.26
2900000 1202.82
2950000 1222.02
3000000 1241.52
3050000 1260.52
3100000 1278.98
3150000 1298.88
3200000 1317.9
3250000 1337.9
3300000 1358.48
3350000 1377
3400000 1395.84
3450000 1413.44
3500000 1430.62
3550000 1446.66
3600000 1463.26
3650000 1480.06
3700000 1496.92
3750000 1513.78
3800000 1532.02
3850000 1550.92
3900000 1569.64
3950000 1588.5
4000000 1606.44
4050000 1623.76
4100000 1641.94
4150000 1660.66
4200000 1678.66
4250000 1696.32
4300000 1714.24
4350000 1731.32
4400000 1747.4
4450000 1764.12
4500000 1780.22
4550000 1795.96
4600000 1811.74
4650000 1827.18
4700000 1842.78
4750000 1860.24
4800000 1878.26
4850000 1896.76
4900000 1915.94
4950000 1935.68
5000000 1955.36
5050000 1974.92
5100000 1994.36
5150000 2014.58
5200000 2036
5250000 2057.3
5300000 2079.12
5350000 2100.28
5400000 2119.1
5450000 2137.76
5500000 2155.88
5550000 2173.26
5600000 2190.72
5650000 2207.54
5700000 2223.52
5750000 2239.1
5800000 2254.82
5850000 2272.52
5900000 2289.16
5950000 2304.82
6000000 2319.96
6050000 2335.74
6100000 2351.98
6150000 2369.48
6200000 2387.22
6250000 2404.76
6300000 2422.56
6350000 2440.94
6400000 2459.14
6450000 2477.64
6500000 2496.86
6550000 2515.78
6600000 2534.94
6650000 2553.8
6700000 2574.68
6750000 2594.9
6800000 2615
6850000 2635.04
6900000 2655.92
6950000 2676.74
7000000 2697.32
7050000 2718.34
7100000 2738.88
7150000 2759.14
7200000 2780.36
7250000 2802.74
7300000 2825.24
7350000 2848.28
7400000 2870.16
7450000 2892.58
7500000 2913.8
7550000 2934.94
7600000 2954.46
7650000 2973.96
7700000 2993.72
7750000 3013.72
7800000 3032.22
7850000 3049.86
7900000 3067.44
7950000 3086.1
8000000 3103.76
8050000 3122.5
8100000 3141.48
8150000 3160.26
8200000 3178.88
8250000 3197.52
8300000 3215.58
8350000 3234.46
8400000 3254.22
8450000 3273.6
8500000 3292.64
8550000 3311.64
8600000 3331.06
8650000 3350.36
8700000 3368.66
8750000 3387.66
8800000 3406.92
8850000 3425.4
8900000 3444.52
8950000 3462.34
9000000 3479.18
9050000 3495.88
9100000 3512.14
9150000 3527.84
9200000 3545.32
9250000 3563.28
9300000 3581.46
9350000 3599.52
9400000 3617.24
9450000 3636.46
9500000 3655.16
9550000 3673.12
9600000 3691.9
9650000 3710.64
9700000 3731
9750000 3750.6
9800000 3770.08
9850000 3788.34
9900000 3807.28
9950000 3826.38
10000000 3845.1
10050000 3862.86
10100000 3879.76
10150000 3897.28
10200000 3914.98
10250000 3931.22
10300000 3948.46
10350000 3966.38
10400000 3984.9
10450000 4004.02
10500000 4023.42
10550000 4041.14
10600000 4059.26
10650000 4077.48
10700000 4095.36
10750000 4112.66
10800000 4131.4
10850000 4149.52
10900000 4168.5
10950000 4187.46
11000000 4206.02
11050000 4224.1
11100000 4240.78
11150000 4258.14
11200000 4275.84
11250000 4293.96
11300000 4313.02
11350000 4331.94
11400000 4351.74
11450000 4372.68
11500000 4392
11550000 4411
11600000 4430.38
11650000 4449.86
11700000 4468.94
11750000 4486.84
11800000 4505.04
11850000 4522.7
11900000 4540.16
11950000 4556.34
12000000 4572.1
12050000 4588.86
12100000 4604.2
12150000 4620.12
12200000 4636.22
12250000 4654.16
12300000 4672.32
12350000 4691.7
12400000 4711.04
12450000 4730.4
12500000 4749.52
12550000 4768.56
12600000 4787.44
12650000 4806.38
12700000 4825.08
12750000 4843.88
12800000 4862.6
12850000 4882.02
12900000 4903.38
12950000 4923.44
13000000 4943.96
13050000 4965.32
13100000 4985.78
13150000 5006.28
13200000 5027.22
13250000 5048.26
13300000 5068.18
13350000 5088.72
13400000 5109.38
13450000 5130.26
13500000 5151.14
13550000 5171.62
13600000 5192.96
13650000 5214.34
13700000 5234.88
13750000 5255.32
13800000 5276.56
13850000 5297.9
13900000 5319.1
13950000 5339.6
14000000 5360.12
14050000 5381.64
14100000 5401.74
14150000 5421.42
14200000 5440.14
14250000 5459.08
14300000 5478.28
14350000 5499.78
14400000 5520.98
14450000 5540.84
14500000 5560.56
14550000 5579.08
14600000 5596.52
14650000 5614.88
14700000 5632.44
14750000 5648.08
14800000 5664.06
14850000 5680.9
14900000 5698.56
14950000 5716.12
15000000 5734.18
15050000 5751.7
15100000 5769.46
15150000 5787.98
15200000 5806.74
15250000 5824.66
15300000 5841.6
15350000 5858.64
15400000 5875.22
15450000 5892.24
15500000 5909.34
15550000 5925.76
15600000 5943.2
15650000 5960.28
15700000 5977.96
15750000 5994.6
15800000 6011.62
15850000 6027.86
15900000 6044.62
15950000 6060.16
16000000 6076.68
16050000 6094.16
16100000 6111.84
16150000 6130.22
16200000 6149.24
16250000 6168.84
16300000 6188.26
16350000 6205.48
16400000 6223.98
16450000 6243.08
16500000 6260.16
16550000 6276.68
16600000 6293.62
16650000 6310.12
16700000 6325.28
16750000 6341.26
16800000 6356.56
16850000 6371.6
16900000 6386.96
16950000 6403.08
17000000 6419.78
17050000 6436.88
17100000 6454.9
17150000 6474.06
17200000 6494.28
17250000 6514.68
17300000 6535.04
17350000 6554.8
17400000 6574.7
17450000 6594.3
17500000 6613.38
17550000 6633.64
17600000 6653.62
17650000 6673.06
17700000 6692.42
17750000 6711.32
17800000 6731.96
17850000 6753.78
17900000 6775.5
17950000 6796.12
18000000 6816.48
18050000 6836.14
18100000 6855.7
18150000 6874.98
18200000 6894.1
18250000 6912.26
18300000 6929.1
18350000 6946.94
18400000 6965.48
18450000 6983.82
18500000 7001.42
18550000 7018.98
18600000 7037.6
18650000 7054.76
18700000 7072.74
18750000 7091.52
18800000 7110.82
18850000 7129.12
18900000 7148.14
18950000 7166.88
19000000 7184.76
19050000 7202.54
19100000 7219.82
19150000 7236.7
19200000 7254.06
19250000 7272.64
19300000 7290.94
19350000 7310.02
19400000 7329.1
19450000 7348.06
19500000 7366.6
19550000 7385.8
19600000 7404.62
19650000 7423.68
19700000 7442.92
19750000 7463.46
19800000 7483.7
19850000 7501.08
19900000 7519.06
19950000 7536.72
20000000 7555.16
20050000 7573.6
20100000 7592.16
20150000 7610.3
20200000 7628.44
20250000 7647.4
20300000 7665.9
20350000 7683.68
20400000 7702.6
20450000 7721.46
20500000 7739.58
20550000 7758.1
20600000 7777.32
20650000 7797.36
20700000 7817.56
20750000 7836.78
20800000 7856.52
20850000 7875.48
20900000 7894.52
20950000 7913.28
21000000 7932.36
21050000 7952.2
21100000 7971.52
21150000 7991.88
21200000 8011.4
21250000 8030.94
21300000 8050.04
21350000 8067.48
21400000 8084.56
21450000 8102.16
21500000 8118.64
21550000 8134.4
21600000 8151.72
21650000 8168.84
21700000 8184.86
21750000 8201.18
21800000 8218.8
21850000 8235.68
21900000 8253.4
21950000 8271.8
22000000 8290.66
22050000 8310.16
22100000 8328.86
22150000 8347.72
22200000 8365.18
22250000 8382.14
22300000 8399.08
22350000 8415.88
22400000 8433.22
22450000 8450.52
22500000 8466.96
22550000 8484.1
22600000 8501.56
22650000 8519.5
22700000 8537.72
22750000 8555.86
22800000 8573.58
22850000 8591.96
22900000 8610.28
22950000 8628.86
23000000 8647.16
23050000 8665.32
23100000 8682.44
23150000 8698.98
23200000 8715.6
23250000 8730.8
23300000 8747.54
23350000 8765.66
23400000 8784.5
23450000 8803.12
23500000 8821.78
23550000 8839.38
23600000 8856.66
23650000 8874.4
23700000 8892.94
23750000 8911.56
23800000 8930.24
23850000 8949.08
23900000 8967.44
23950000 8986.46
24000000 9004.62
24050000 9023.28
24100000 9040.84
24150000 9057.72
24200000 9074.8
24250000 9093.7
24300000 9112.24
24350000 9130.3
24400000 9148.02
24450000 9164.9
24500000 9181.74
24550000 9198.08
24600000 9215.24
24650000 9233.14
24700000 9251.02
24750000 9269.1
24800000 9286.54
24850000 9303.92
24900000 9320.82
24950000 9337.7
25000000 9354.82
25050000 9372.1
25100000 9388.44
25150000 9405.74
25200000 9422.64
25250000 9440.32
25300000 9458.64
25350000 9477.6
25400000 9496.86
25450000 9515.62
25500000 9534.02
25550000 9550.76
25600000 9566.14
25650000 9582.36
25700000 9599.42
25750000 9616.8
25800000 9634.38
25850000 9652.72
25900000 9671.6
25950000 9690.52
26000000 9709.26
26050000 9728.68
26100000 9747.76
26150000 9766.24
26200000 9784.6
26250000 9802.24
26300000 9818.24
26350000 9834.9
26400000 9851.48
26450000 9867.88
26500000 9883.86
26550000 9899.84
26600000 9915.72
26650000 9931.74
26700000 9949.96
26750000 9968.54
26800000 9987.6
26850000 10007.2
26900000 10027.6
26950000 10046.8
27000000 10066.4
27050000 10086.6
27100000 10107.3
27150000 10129
27200000 10151.4
27250000 10172.8
27300000 10194.6
27350000 10214.9
27400000 10235.3
27450000 10255.6
27500000 10276.7
27550000 10295.8
27600000 10315.6
27650000 10335.7
27700000 10357.2
27750000 10379.5
27800000 10401.3
27850000 10424.4
27900000 10447.6
27950000 10470
28000000 10492.8
28050000 10515.7
28100000 10537.8
28150000 10557.6
28200000 10575.9
28250000 10594
28300000 10612.8
28350000 10632.6
28400000 10651.3
28450000 10669.5
28500000 10688.3
28550000 10707.8
28600000 10726.1
28650000 10744.2
28700000 10761.7
28750000 10778.9
28800000 10795.5
28850000 10811.8
28900000 10829.9
28950000 10847
29000000 10863.9
29050000 10881.3
29100000 10898.7
29150000 10916.9
29200000 10935.9
29250000 10955.4
29300000 10975.1
29350000 10995.9
29400000 11016.1
29450000 11034.2
29500000 11052.7
29550000 11070.9
29600000 11089.2
29650000 11108
29700000 11128.3
29750000 11148.1
29800000 11167.7
29850000 11187.6
29900000 11206.8
29950000 11227.3
30000000 11248
30050000 11268
30100000 11290.6
30150000 11311.6
30200000 11332.4
30250000 11353.6
30300000 11373.8
30350000 11393.7
30400000 11415.3
30450000 11436.8
30500000 11457.8
30550000 11477.9
30600000 11498.5
30650000 11519.6
30700000 11540.7
30750000 11561.6
30800000 11581.3
30850000 11601.2
30900000 11620.9
30950000 11641.6
31000000 11662.6
31050000 11682.9
31100000 11703.3
31150000 11723.3
31200000 11743.9
31250000 11764
31300000 11784.2
31350000 11804.1
31400000 11823.6
31450000 11842.3
31500000 11860
31550000 11877.1
31600000 11895.1
31650000 11912.1
31700000 11930
31750000 11947.9
31800000 11965.7
31850000 11982.6
31900000 11999.9
31950000 12017.9
32000000 12036
32050000 12054.6
32100000 12073.6
32150000 12093.7
32200000 12113.5
32250000 12133.3
32300000 12152
32350000 12170.8
32400000 12190.6
32450000 12210.5
32500000 12230.1
32550000 12249.9
32600000 12269.6
32650000 12289
32700000 12309.1
32750000 12329.1
32800000 12350
32850000 12370.1
32900000 12389.6
32950000 12409.4
33000000 12430.2
33050000 12450.7
33100000 12471.3
33150000 12492.6
33200000 12514
33250000 12535.5
33300000 12557
33350000 12577.1
33400000 12597
33450000 12616
33500000 12633.4
33550000 12650.9
33600000 12669
33650000 12688.1
33700000 12708.1
33750000 12727.3
33800000 12746.3
33850000 12764.9
33900000 12785.6
33950000 12805.8
34000000 12826.1
34050000 12845.3
34100000 12862.7
34150000 12880.1
34200000 12897.5
34250000 12914.8
34300000 12930.8
34350000 12947
34400000 12962.2
34450000 12977
34500000 12992.5
34550000 13008.3
34600000 13025.2
34650000 13042.8
34700000 13061.7
34750000 13081.9
34800000 13103.1
34850000 13122.4
34900000 13141
34950000 13159.9
35000000 13177.9
35050000 13196.8
35100000 13218.5
35150000 13241.3
35200000 13263.5
35250000 13284.1
35300000 13304.1
35350000 13323.9
35400000 13344.3
35450000 13364.7
35500000 13384
35550000 13402.6
35600000 13421.2
35650000 13439.6
35700000 13457.1
35750000 13473.5
35800000 13490.1
35850000 13507
35900000 13525.8
35950000 13544.4
36000000 13563.9
36050000 13582.6
36100000 13603
36150000 13623.1
36200000 13642.8
36250000 13663
36300000 13682.9
36350000 13703.1
36400000 13722.5
36450000 13741.3
36500000 13759.6
36550000 13778.1
36600000 13797.3
36650000 13817
36700000 13836.8
36750000 13857
36800000 13877.4
36850000 13898.3
36900000 13918.7
36950000 13938.3
37000000 13957.5
37050000 13976.6
37100000 13996.2
37150000 14015.8
37200000 14035.5
37250000 14055.6
37300000 14076.5
37350000 14097.1
37400000 14117.9
37450000 14138.6
37500000 14159.3
37550000 14179.2
37600000 14201
37650000 14221.8
37700000 14243.8
37750000 14264.9
37800000 14286
37850000 14307
37900000 14327.5
37950000 14347.8
38000000 14367.7
38050000 14388.4
38100000 14409.3
38150000 14429.2
38200000 14448.9
38250000 14468.3
38300000 14487.1
38350000 14505.5
38400000 14522.8
38450000 14539.7
38500000 14555.4
38550000 14571
38600000 14585.5
38650000 14600.9
38700000 14616.4
38750000 14632.8
38800000 14649.8
38850000 14666.5
38900000 14682.8
38950000 14699.5
39000000 14717.6
39050000 14734.3
39100000 14751.5
39150000 14769.1
39200000 14785.9
39250000 14802.7
39300000 14819.7
39350000 14837.1
39400000 14854.2
39450000 14870.4
39500000 14886.5
39550000 14903.7
39600000 14921.1
39650000 14937.6
39700000 14952.9
39750000 14968.6
39800000 14983.7
39850000 14998.4
39900000 15014.8
39950000 15031.4
40000000 15048.1
40050000 15065.3
40100000 15082.1
40150000 15098.5
40200000 15115.9
40250000 15133.3
40300000 15149.7
40350000 15166
40400000 15181.5
40450000 15197.5
40500000 15213.5
40550000 15229.3
40600000 15246
40650000 15261.9
40700000 15278.7
40750000 15297
40800000 15316.1
40850000 15335.6
40900000 15355.8
40950000 15375.6
41000000 15396
41050000 15417.8
41100000 15440.3
41150000 15462.7
41200000 15486.4
41250000 15509.2
41300000 15532.4
41350000 15555.9
41400000 15578.7
41450000 15601.4
41500000 15623.8
41550000 15646.6
41600000 15668.6
41650000 15691.7
41700000 15714.8
41750000 15738.8
41800000 15763.1
41850000 15786.4
41900000 15809.6
41950000 15833
42000000 15856.8
42050000 15879.1
42100000 15900.9
42150000 15922.8
42200000 15944.8
42250000 15966.5
42300000 15988.1
42350000 16007.7
42400000 16028
42450000 16047.3
42500000 16067.4
42550000 16086.7
42600000 16106.4
42650000 16124.1
42700000 16142.2
42750000 16160.2
42800000 16177.6
42850000 16194.9
42900000 16211.9
42950000 16228.3
43000000 16244.8
43050000 16262
43100000 16279.5
43150000 16297.3
43200000 16314.2
43250000 16331.5
43300000 16349.4
43350000 16367.3
43400000 16385.4
43450000 16401.9
43500000 16419.2
43550000 16438.4
43600000 16457.4
43650000 16476.3
43700000 16495
43750000 16513.8
43800000 16533.4
43850000 16554.3
43900000 16573.3
43950000 16592.7
44000000 16612.3
44050000 16631.9
44100000 16650.4
44150000 16668
44200000 16685
44250000 16704.3
44300000 16723.1
44350000 16741.8
44400000 16760.9
44450000 16780
44500000 16799
44550000 16817.6
44600000 16836
44650000 16853.2
44700000 16871
44750000 16889.8
44800000 16909.3
44850000 16927.6
44900000 16946.1
44950000 16963.9
45000000 16982.1
45050000 17000.2
45100000 17019.3
45150000 17038.8
45200000 17057.9
45250000 17076.5
45300000 17094.1
45350000 17112
45400000 17129.6
45450000 17147.5
45500000 17165.5
45550000 17183.8
45600000 17202.7
45650000 17221.5
45700000 17239.4
45750000 17257.3
45800000 17275.2
45850000 17293.2
45900000 17312
45950000 17330.9
46000000 17349.3
46050000 17367.6
46100000 17388.1
46150000 17410.2
46200000 17431.8
46250000 17452.7
46300000 17472.7
46350000 17493.3
46400000 17512.2
46450000 17532.1
46500000 17552
46550000 17571.1
46600000 17590.2
46650000 17608.3
46700000 17625.9
46750000 17643.6
46800000 17662.1
46850000 17679.8
46900000 17698.5
46950000 17718.7
47000000 17739.6
47050000 17761.6
47100000 17782.2
47150000 17802.8
47200000 17822.4
47250000 17842.6
47300000 17865.1
47350000 17886.9
47400000 17910.3
47450000 17934.4
47500000 17958.1
47550000 17982.5
47600000 18006.9
47650000 18030.3
47700000 18053.8
47750000 18076.6
47800000 18098.6
47850000 18121
47900000 18142.7
47950000 18166.2
48000000 18187.6
48050000 18208.7
48100000 18229.7
48150000 18251.2
48200000 18272.8
48250000 18293.1
48300000 18314.3
48350000 18335.3
48400000 18356.4
48450000 18377.6
48500000 18399.2
48550000 18420.4
48600000 18441.3
48650000 18461.5
48700000 18480.7
48750000 18500
48800000 18519.6
48850000 18538.9
48900000 18557.7
48950000 18577.1
49000000 18598.4
49050000 18620
49100000 18641.3
49150000 18662.2
49200000 18683.9
49250000 18706.3
49300000 18727.7
49350000 18748.2
49400000 18768.5
49450000 18788.3
49500000 18808
49550000 18827.4
49600000 18845.3
49650000 18862.4
49700000 18879.7
49750000 18897
49800000 18914.6
49850000 18932.1
49900000 18950
49950000 18967.4
