0 0
50000 11.64
100000 20.92
150000 29.44
200000 36.78
250000 43.06
300000 47.64
350000 52.64
400000 58.66
450000 63.82
500000 68.56
550000 73.24
600000 77.18
650000 82.08
700000 85.88
750000 90.9
800000 95.24
850000 99.44
900000 104.02
950000 107.84
1000000 111.46
1050000 114.42
1100000 117.28
1150000 120.1
1200000 121.84
1250000 125.94
1300000 130.98
1350000 135.78
1400000 139.86
1450000 144.22
1500000 148.8
1550000 152.64
1600000 156.16
1650000 160.28
1700000 165.42
1750000 170.02
1800000 176.38
1850000 184.62
1900000 194.74
1950000 204.52
2000000 211.28
2050000 217.6
2100000 223.68
2150000 228.16
2200000 232.76
2250000 238.74
2300000 245.74
2350000 252.76
2400000 258.78
2450000 262.46
2500000 265.74
2550000 270.18
2600000 274.96
2650000 278.54
2700000 282.02
2750000 286.14
2800000 290.08
2850000 293.78
2900000 297.34
2950000 300.84
3000000 305.8
3050000 309.6
3100000 313.04
3150000 317.78
3200000 320.52
3250000 323.26
3300000 326.72
3350000 331.04
3400000 336.32
3450000 341.12
3500000 344.02
3550000 345.5
3600000 347.86
3650000 351.08
3700000 354.3
3750000 358.94
3800000 364.58
3850000 369.28
3900000 372.44
3950000 376.36
4000000 380.68
4050000 384.46
4100000 390.62
4150000 396.9
4200000 401.4
4250000 406.38
4300000 410.02
4350000 413.42
4400000 417.44
4450000 422.46
4500000 429.04
4550000 435.78
4600000 440.2
4650000 444.46
4700000 449.62
4750000 454.5
4800000 458.6
4850000 463.04
4900000 469.08
4950000 476.38
5000000 483.16
5050000 489.2
5100000 494.2
5150000 499.54
5200000 504.96
5250000 510.06
5300000 514.94
5350000 521.48
5400000 528.78
5450000 534.38
5500000 540.2
5550000 545.84
5600000 549.9
5650000 552.54
5700000 555.16
5750000 559.52
5800000 565
5850000 570.86
5900000 576.12
5950000 580.56
6000000 584.84
6050000 591.76
6100000 597.7
6150000 603.56
6200000 610.16
6250000 617.64
6300000 626.38
6350000 634.38
6400000 642.2
6450000 649.36
6500000 655.38
6550000 661.56
6600000 668.26
6650000 673.5
6700000 679.46
6750000 684.12
6800000 689.32
6850000 693.72
6900000 698.18
6950000 702.16
7000000 706.08
7050000 711.54
7100000 717.34
7150000 723.24
7200000 727.66
7250000 731.9
7300000 736.52
7350000 741.24
7400000 744.08
7450000 748.54
7500000 754.48
7550000 759.9
7600000 765.36
7650000 772.1
7700000 777.48
7750000 782.04
7800000 785.92
7850000 790.08
7900000 793.04
7950000 796.34
8000000 802.28
8050000 808.76
8100000 814.26
8150000 818.48
8200000 822.9
8250000 826.74
8300000 830.28
8350000 835.98
8400000 843.48
8450000 849.52
8500000 856.06
8550000 862.44
8600000 867.38
8650000 872.14
8700000 877.28
8750000 882.46
8800000 887.48
8850000 893.98
8900000 900.24
8950000 904.46
9000000 909.48
9050000 914.3
9100000 919.5
9150000 925.74
9200000 931.88
9250000 937.44
9300000 943.92
9350000 950.52
9400000 957.98
9450000 962.48
9500000 968.6
9550000 974.18
9600000 979.14
9650000 983.5
9700000 989.4
9750000 994.64
9800000 999.26
9850000 1004.08
9900000 1008.24
9950000 1011.52
10000000 1015.02
10050000 1017.6
10100000 1019.78
10150000 1024
10200000 1028.74
10250000 1033.68
10300000 1039.5
10350000 1044
10400000 1048.48
10450000 1053.06
10500000 1059.42
10550000 1067.54
10600000 1073.36
10650000 1080.2
10700000 1087.94
10750000 1094.7
10800000 1100
10850000 1105.26
10900000 1109.62
10950000 1114.2
11000000 1118.82
11050000 1124.08
11100000 1130.22
11150000 1135.18
11200000 1140.56
11250000 1146.34
11300000 1151.24
11350000 1156.78
11400000 1160.44
11450000 1163.2
11500000 1167.36
11550000 1173.06
11600000 1180.3
11650000 1187.66
11700000 1196.78
11750000 1204.64
11800000 1212.02
11850000 1219.3
11900000 1225.58
11950000 1231.56
12000000 1236.56
12050000 1240.78
12100000 1245.04
12150000 1250.66
12200000 1256.22
12250000 1262.66
12300000 1268.16
12350000 1275.34
12400000 1283
12450000 1290.9
12500000 1297.12
12550000 1300.68
12600000 1307.68
12650000 1312.46
12700000 1317.68
12750000 1322.44
12800000 1327
12850000 1330.72
12900000 1335.46
12950000 1342.16
13000000 1347.88
13050000 1354.14
13100000 1359.96
13150000 1366.48
13200000 1371.86
13250000 1377.02
13300000 1380.78
13350000 1385.7
13400000 1391.68
13450000 1397.24
13500000 1403.08
13550000 1409.68
13600000 1414.68
13650000 1421.16
13700000 1428.26
13750000 1435.8
13800000 1441.24
13850000 1445.32
13900000 1448.46
13950000 1452.84
14000000 1457.28
14050000 1461.84
14100000 1466.86
14150000 1471.72
14200000 1475.28
14250000 1478.3
14300000 1481.74
14350000 1486.18
14400000 1490.52
14450000 1496.22
14500000 1501.8
14550000 1508.86
14600000 1517.1
14650000 1524.2
14700000 1529.26
14750000 1535.86
14800000 1541.1
14850000 1546.18
14900000 1550.84
14950000 1555.8
15000000 1560.72
15050000 1565.68
15100000 1571.9
15150000 1576.64
15200000 1582.2
15250000 1588.8
15300000 1596.58
15350000 1603.34
15400000 1609.84
15450000 1617.28
15500000 1626.36
15550000 1633.48
15600000 1640.26
15650000 1646.44
15700000 1654.3
15750000 1662.16
15800000 1669.78
15850000 1674.26
15900000 1676.96
15950000 1679.54
16000000 1683.5
16050000 1687.8
16100000 1692.2
16150000 1697.04
16200000 1700.32
16250000 1703.18
16300000 1706.74
16350000 1712.4
16400000 1721.04
16450000 1727.5
16500000 1733.16
16550000 1740.6
16600000 1747.74
16650000 1753.82
16700000 1758.6
16750000 1763.28
16800000 1767.8
16850000 1771.82
16900000 1777.38
16950000 1784.92
17000000 1790.24
17050000 1796.96
17100000 1802.88
17150000 1807.84
17200000 1812.1
17250000 1815.98
17300000 1821.28
17350000 1827.04
17400000 1832.36
17450000 1837.42
17500000 1842.2
17550000 1847.36
17600000 1852.72
17650000 1858.4
17700000 1865
17750000 1870.3
17800000 1874.42
17850000 1878.5
17900000 1883.22
17950000 1888.02
18000000 1893.4
18050000 1899.68
18100000 1906.32
18150000 1911.58
18200000 1916.54
18250000 1921.04
18300000 1926.78
18350000 1932.8
18400000 1939.98
18450000 1946.38
18500000 1951.88
18550000 1957.22
18600000 1964.96
18650000 1972.9
18700000 1980.92
18750000 1986.62
18800000 1991.92
18850000 1997.52
18900000 2001.94
18950000 2006
19000000 2011.9
19050000 2016.22
19100000 2020.66
19150000 2024.36
19200000 2026.74
19250000 2028.98
19300000 2030.84
19350000 2033.48
19400000 2038.52
19450000 2045.04
19500000 2051.38
19550000 2057.38
19600000 2063.92
19650000 2071.04
19700000 2079.12
19750000 2085.94
19800000 2095.68
19850000 2103.98
19900000 2111.58
19950000 2117.58
20000000 2124.24
20050000 2129.22
20100000 2134.52
20150000 2139.92
20200000 2145.32
20250000 2149.56
20300000 2154.46
20350000 2161.7
20400000 2169.02
20450000 2174.54
20500000 2181.58
20550000 2187.88
20600000 2194.2
20650000 2201.36
20700000 2209.1
20750000 2215.02
20800000 2221.54
20850000 2227.16
20900000 2232.06
20950000 2236.48
21000000 2241.06
21050000 2245.1
21100000 2249.34
21150000 2251.08
21200000 2254.22
21250000 2259.5
21300000 2264.54
21350000 2268.86
21400000 2273.5
21450000 2278.02
21500000 2281.24
21550000 2283.78
21600000 2286.16
21650000 2289.4
21700000 2293.14
21750000 2295.94
21800000 2301.08
21850000 2305.96
21900000 2308.82
21950000 2314.88
22000000 2320.58
22050000 2324.92
22100000 2329.26
22150000 2333
22200000 2337.72
22250000 2341.66
22300000 2345.3
22350000 2350.02
22400000 2353.42
22450000 2357.4
22500000 2362.66
22550000 2366.82
22600000 2369.88
22650000 2373.5
22700000 2377.34
22750000 2382.3
22800000 2387.44
22850000 2393.3
22900000 2396.74
22950000 2402.32
23000000 2408.58
23050000 2414.48
23100000 2420.9
23150000 2425.6
23200000 2430.04
23250000 2434.78
23300000 2440.72
23350000 2447.58
23400000 2453.62
23450000 2461.04
23500000 2468.3
23550000 2474.9
23600000 2480.36
23650000 2484.22
23700000 2488.5
23750000 2493.38
23800000 2499.38
23850000 2504.7
23900000 2509.94
23950000 2515.2
24000000 2519.84
24050000 2523.42
24100000 2527.08
24150000 2531
24200000 2536.84
24250000 2544.46
24300000 2550.4
24350000 2555.96
24400000 2559.42
24450000 2563.24
24500000 2568.18
24550000 2573.54
24600000 2578.62
24650000 2583.92
24700000 2589.12
24750000 2594.62
24800000 2601.04
24850000 2607.12
24900000 2612.1
24950000 2617.58
25000000 2621.92
25050000 2626.92
25100000 2632.92
25150000 2640.7
25200000 2646.68
25250000 2651.32
25300000 2656.58
25350000 2662.66
25400000 2668.04
25450000 2672.72
25500000 2676.78
25550000 2681.78
25600000 2688.76
25650000 2693.98
25700000 2697.84
25750000 2701.92
25800000 2706.8
25850000 2712.56
25900000 2718.08
25950000 2722.18
26000000 2728.84
26050000 2735.44
26100000 2742.18
26150000 2748.06
26200000 2754.32
26250000 2759.8
26300000 2763.98
26350000 2769.26
26400000 2772.78
26450000 2777.08
26500000 2782.32
26550000 2789.02
26600000 2792.84
26650000 2795.48
26700000 2799.24
26750000 2803.62
26800000 2807.42
26850000 2811.4
26900000 2815.4
26950000 2819.48
27000000 2825.44
27050000 2829.6
27100000 2833.3
27150000 2838
27200000 2842.2
27250000 2847.84
27300000 2852.68
27350000 2855.92
27400000 2859.72
27450000 2861.82
27500000 2864.12
27550000 2866.48
27600000 2872.1
27650000 2879.46
27700000 2885.58
27750000 2890.38
27800000 2893.8
27850000 2898.72
27900000 2903.14
27950000 2908.88
28000000 2913.84
28050000 2919.06
28100000 2925.56
28150000 2930.1
28200000 2934.58
28250000 2938.44
28300000 2943.68
28350000 2948.12
28400000 2952.2
28450000 2957.4
28500000 2962.94
28550000 2966.52
28600000 2969.12
28650000 2971.42
28700000 2973.36
28750000 2975.64
28800000 2978.6
28850000 2981.9
28900000 2984.58
28950000 2988.66
29000000 2990.6
29050000 2991.84
29100000 2994.56
29150000 2998.78
29200000 3003.78
29250000 3009.2
29300000 3014.1
29350000 3020.58
29400000 3027.1
29450000 3033.3
29500000 3038.46
29550000 3043
29600000 3047.6
29650000 3052.8
29700000 3057.5
29750000 3061.14
29800000 3065.54
29850000 3068.96
29900000 3070.18
29950000 3072.46
30000000 3074.32
30050000 3076.76
30100000 3079.66
30150000 3082.74
30200000 3085.7
30250000 3088.9
30300000 3091.94
30350000 3094.48
30400000 3097.02
30450000 3099.64
30500000 3101.52
30550000 3103.96
30600000 3106.92
30650000 3109.44
30700000 3112.18
30750000 3114.72
30800000 3117.44
30850000 3120.98
30900000 3126.78
30950000 3132.52
31000000 3139.72
31050000 3146.16
31100000 3152.4
31150000 3158.94
31200000 3164.94
31250000 3169.72
31300000 3174.76
31350000 3178.16
31400000 3180.54
31450000 3184.24
31500000 3190.68
31550000 3197.46
31600000 3203.6
31650000 3207.36
31700000 3210.06
31750000 3214.58
31800000 3220.5
31850000 3225.7
31900000 3232.04
31950000 3239.48
32000000 3246.84
32050000 3254.12
32100000 3261.32
32150000 3266.7
32200000 3272.28
32250000 3277.74
32300000 3282.48
32350000 3288.28
32400000 3294.08
32450000 3299.2
32500000 3305.44
32550000 3311.7
32600000 3316.38
32650000 3320.62
32700000 3325.06
32750000 3328.74
32800000 3334.42
32850000 3341.72
32900000 3349.06
32950000 3354.84
33000000 3358.04
33050000 3363.42
33100000 3369.22
33150000 3375.22
33200000 3379.3
33250000 3382.12
33300000 3385.6
33350000 3390.74
33400000 3395.56
33450000 3399.16
33500000 3402.88
33550000 3405.9
33600000 3411
33650000 3415
33700000 3418.82
33750000 3423.36
33800000 3427.72
33850000 3433.14
33900000 3438.6
33950000 3442.16
34000000 3446.14
34050000 3452.42
34100000 3457.1
34150000 3462.38
34200000 3467.02
34250000 3471.6
34300000 3474.86
34350000 3478.1
34400000 3481.48
34450000 3485.2
34500000 3488.7
34550000 3492.16
34600000 3496.44
34650000 3498.48
34700000 3500.96
34750000 3502.84
34800000 3505.4
34850000 3508.42
34900000 3511.92
34950000 3515.96
35000000 3521.24
35050000 3528.86
35100000 3536.58
35150000 3546.3
35200000 3556.5
35250000 3566.2
35300000 3576.38
35350000 3583.7
35400000 3591.84
35450000 3597.92
35500000 3603.66
35550000 3609.46
35600000 3615.94
35650000 3622.62
35700000 3629.02
35750000 3637
35800000 3643.84
35850000 3650.4
35900000 3655.5
35950000 3661.62
36000000 3668.12
36050000 3673.52
36100000 3679.22
36150000 3684.06
36200000 3689.4
36250000 3697.28
36300000 3705.54
36350000 3712.36
36400000 3718.36
36450000 3723.24
36500000 3727.92
36550000 3731.64
36600000 3736.16
36650000 3742.8
36700000 3750.24
36750000 3755.44
36800000 3759.5
36850000 3762.58
36900000 3768.52
36950000 3774.58
37000000 3780.28
37050000 3784.46
37100000 3788.64
37150000 3791.38
37200000 3794.66
37250000 3797.7
37300000 3801.82
37350000 3807.04
37400000 3812.14
37450000 3817.46
37500000 3822.28
37550000 3825.98
37600000 3830.04
37650000 3833.06
37700000 3835.16
37750000 3837.96
37800000 3841.56
37850000 3846.5
37900000 3851.72
37950000 3856.24
38000000 3860.3
38050000 3865.56
38100000 3869.9
38150000 3872.6
38200000 3876.28
38250000 3880.1
38300000 3883.9
38350000 3889.7
38400000 3895.98
38450000 3902.72
38500000 3910.76
38550000 3917.6
38600000 3924.1
38650000 3930.2
38700000 3936.86
38750000 3942.3
38800000 3945.72
38850000 3949.88
38900000 3954.08
38950000 3957.42
39000000 3962.46
39050000 3968.6
39100000 3975.34
39150000 3980.4
39200000 3985.32
39250000 3989.24
39300000 3991.92
39350000 3995.64
39400000 4000.6
39450000 4004.04
39500000 4007.36
39550000 4012.12
39600000 4016.64
39650000 4021.56
39700000 4026.34
39750000 4030.82
39800000 4035.02
39850000 4041.82
39900000 4049
39950000 4057.48
40000000 4065.48
40050000 4072.02
40100000 4078.18
40150000 4082.6
40200000 4086.6
40250000 4092
40300000 4099.64
40350000 4105.66
40400000 4111.22
40450000 4119.06
40500000 4126.56
40550000 4132.8
40600000 4140.28
40650000 4146.78
40700000 4150.7
40750000 4155.1
40800000 4161.6
40850000 4166.32
40900000 4170.82
40950000 4173.4
41000000 4176.46
41050000 4180.14
41100000 4184.92
41150000 4188.84
41200000 4193.26
41250000 4198.06
41300000 4201.46
41350000 4204.66
41400000 4209.3
41450000 4215.2
41500000 4219.9
41550000 4224.94
41600000 4229.76
41650000 4233.5
41700000 4237.32
41750000 4239.64
41800000 4242.52
41850000 4246.4
41900000 4250.9
41950000 4255.62
42000000 4260.66
42050000 4265.72
42100000 4271
42150000 4279.04
42200000 4285.74
42250000 4290.92
42300000 4295.7
42350000 4298.32
42400000 4300.5
42450000 4304.42
42500000 4308
42550000 4312.98
42600000 4317.8
42650000 4322.6
42700000 4328
42750000 4334.52
42800000 4339.96
42850000 4345.16
42900000 4349.64
42950000 4352.7
43000000 4356.92
43050000 4361.18
43100000 4366.42
43150000 4370.66
43200000 4376.68
43250000 4382.28
43300000 4386.68
43350000 4391.3
43400000 4394.98
43450000 4398.64
43500000 4402.94
43550000 4406.62
43600000 4410.36
43650000 4415.34
43700000 4420.88
43750000 4425.6
43800000 4430.16
43850000 4436.78
43900000 4442.16
43950000 4446.64
44000000 4452.24
44050000 4458.48
44100000 4465.18
44150000 4472.98
44200000 4482.42
44250000 4492.2
44300000 4501.1
44350000 4507.22
44400000 4510.22
44450000 4514.28
44500000 4520.2
44550000 4526.3
44600000 4532.88
44650000 4538.04
44700000 4542.82
44750000 4547.28
44800000 4554.16
44850000 4561.18
44900000 4566.66
44950000 4570.08
45000000 4573.08
45050000 4578.62
45100000 4584.04
45150000 4590.54
45200000 4596.04
45250000 4602.04
45300000 4608.32
45350000 4614.84
45400000 4620.44
45450000 4624.32
45500000 4628
45550000 4632.04
45600000 4634.8
45650000 4637.2
45700000 4639.84
45750000 4642.64
45800000 4644.18
45850000 4647
45900000 4652.02
45950000 4658.22
46000000 4663.5
46050000 4670.02
46100000 4676.98
46150000 4681.74
46200000 4684.14
46250000 4687.54
46300000 4691.28
46350000 4695.08
46400000 4698.92
46450000 4703.56
46500000 4706.94
46550000 4710.8
46600000 4715.1
46650000 4719.16
46700000 4723.58
46750000 4728.66
46800000 4732.68
46850000 4736.66
46900000 4742.28
46950000 4750.08
47000000 4757.36
47050000 4763.44
47100000 4768.8
47150000 4774.66
47200000 4778.54
47250000 4781.74
47300000 4785.24
47350000 4789.16
47400000 4793.76
47450000 4799.24
47500000 4803.16
47550000 4806.78
47600000 4810.98
47650000 4813.68
47700000 4819
47750000 4826.74
47800000 4833.26
47850000 4838.3
47900000 4842.2
47950000 4845.28
48000000 4848.64
48050000 4852.54
48100000 4857.02
48150000 4860.4
48200000 4864.94
48250000 4867.66
48300000 4871.44
48350000 4876.58
48400000 4882.96
48450000 4887.44
48500000 4893.34
48550000 4898.76
48600000 4903.62
48650000 4907.44
48700000 4911.54
48750000 4915.42
48800000 4918.68
48850000 4923.6
48900000 4929.7
48950000 4934.74
49000000 4940.66
49050000 4945.28
49100000 4949.5
49150000 4954.52
49200000 4960.68
49250000 4968.36
49300000 4977.24
49350000 4985.88
49400000 4993.14
49450000 4998.78
49500000 5002.42
49550000 5005.34
49600000 5008.92
49650000 5013.18
49700000 5017.86
49750000 5022.6
49800000 5029.7
49850000 5036.98
49900000 5044.24
49950000 5052.92
