0	103493.503	104716.459	0.062181596	0.06270342	1.012
6.6	205440.775	196677.106	0.123434176	0.117768757	0.957
13.2	227094.757	229700.59	0.136444453	0.137542969	1.011
19.8	268139.537	271764.836	0.161105228	0.16273072	1.014
26.4	306136.741	311555.056	0.183934939	0.186556801	1.018
33	365359.283	369909.873	0.219517387	0.221499223	1.012
39.6	434668.061	430570.715	0.261159908	0.257822474	0.991
46.2	523790.839	500763.79	0.314707198	0.299853554	0.956
52.8	538045.993	533496.082	0.323272066	0.319453402	0.992
59.4	264092.209	255514.213	0.158673487	0.15299997	0.968
66	162065.024	163613.812	0.097372893	0.097970708	1.01
72.6	320630.602	324646.947	0.192643229	0.194396126	1.013
79.2	409643.624	416342.194	0.246124574	0.249302544	1.016
85.8	526080.293	535846.59	0.316082762	0.320860869	1.019
92.4	514279.085	514790.815	0.308992288	0.30825283	1.001
99	578803.814	585987.549	0.347760428	0.350884894	1.012
105.6	609098.61	601889.79	0.365962332	0.360407035	0.988
112.2	644997.869	647559.299	0.387531543	0.38775359	1.004
118.8	703785.624	701736.803	0.422852759	0.420194668	0.997
125.4	686328.502	695035.04	0.412364065	0.416181703	1.013
132	743453.235	742422.354	0.446686095	0.444556867	0.999
138.6	747121.386	757338.289	0.448890016	0.453488416	1.014
145.2	798632.604	798632.314	0.479839299	0.478214964	1
151.8	904810.246	911979.362	0.543633596	0.546086316	1.008
158.4	912560.243	914099.047	0.548289996	0.547355567	1.002
165	920165.794	924265.175	0.552859609	0.553442967	1.004
171.6	941894.132	942409.612	0.565914561	0.564307718	1.001
178.2	963903.726	973177.169	0.5791385	0.582731098	1.01
184.8	995680.244	993628.419	0.59823066	0.594977151	0.998
191.4	962405.651	965474.996	0.578238417	0.578119095	1.003
198	1048787.583	1055485.962	0.630138935	0.632016978	1.006
204.6	1131929.047	1137563.071	0.680092495	0.681164128	1.005
211.2	1147369.552	1148396.805	0.689369553	0.687651285	1.001
217.8	1200387.883	1182459.108	0.721224349	0.708047534	0.985
224.4	1217702.972	1223847.812	0.731627706	0.732830775	1.005
231	1177822.403	1187086.714	0.70766642	0.710818509	1.008
237.6	1202287.061	1205671.755	0.722365425	0.72194709	1.003
244.2	1318075.425	1330380.655	0.791934094	0.796621833	1.009
250.8	1333213.004	1336798.312	0.801029146	0.800464677	1.003
257.4	1378052.458	1383176.124	0.82796986	0.828235358	1.004
264	1382010.737	1384573.474	0.830348097	0.829072081	1.002
270.6	1313780.826	1318398.511	0.789353787	0.789447016	1.004
277.2	1426063.956	1426064.113	0.85681642	0.853916361	1
283.8	1385952.207	1391633.568	0.832716235	0.833299612	1.004
290.4	1537394.323	1539970.533	0.923706608	0.92212266	1.002
297	1563493.428	1568100.928	0.939387631	0.938966927	1.003
303.6	1624292.346	1620703.323	0.975917207	0.970464841	0.998
310.2	1561039.351	1569230.815	0.937913158	0.939643494	1.005
316.8	1623082.663	1619998.688	0.975190398	0.970042911	0.998
323.4	1664375.148	1670027.861	1	1	1.003
330	1656156.447	1656669.571	0.99506199	0.992001157	1
336.6	1566968.502	1560821.402	0.941475546	0.934608002	0.996
343.2	1621105.147	1625722.341	0.974002255	0.973470191	1.003
349.8	1594030.79	1603241.882	0.957735275	0.960009063	1.006
356.4	1566457.036	1557694.582	0.941168244	0.932735686	0.994
363	1608128.448	1609663.919	0.966205516	0.96385453	1.001
369.6	1535496.99	1530342.403	0.922566641	0.916357409	0.997
376.2	1470064.174	1468003.396	0.883252899	0.879029285	0.999
382.8	1462905.829	1461881.936	0.878951978	0.875363801	0.999
389.4	1395325.66	1393793.301	0.83834805	0.834592843	0.999
396	1433073.6	1434622.951	0.861027997	0.859041328	1.001
402.6	1355465.51	1352377.307	0.814399032	0.809793261	0.998
409.2	1328348.38	1323741.136	0.798106353	0.792646139	0.997
415.8	1294072.079	1293048.141	0.777512258	0.774267407	0.999
422.4	1326025.159	1321913.457	0.796710502	0.791551739	0.997
429	1265873.858	1261265.281	0.760570031	0.755236071	0.996
435.6	1226986.224	1223892.952	0.737205326	0.732857805	0.997
442.2	1183604.042	1180534.343	0.71114018	0.706894999	0.997
448.8	1123093.164	1125654.282	0.674783666	0.674033235	1.002
455.4	1132315.044	1124082.609	0.680324412	0.673092129	0.993
462	1048630.518	1047094.739	0.630044566	0.626992377	0.999
468.6	1063979.453	1066023.884	0.639266607	0.638327006	1.002
475.2	941999.121	939948.542	0.565977642	0.562834048	0.998
481.8	974739.071	968592.386	0.585648657	0.579985765	0.994
488.4	963028.138	965105.124	0.578612424	0.577897619	1.002
495	959048.712	957499.858	0.576221481	0.573343643	0.998
501.6	862146.088	869355.414	0.517999857	0.52056342	1.008
508.2	872704.034	868085.333	0.524343346	0.519802905	0.995
514.8	808625.83	796816.531	0.48584349	0.477127687	0.985
521.4	860884.256	863940.238	0.517241715	0.517320853	1.004
528	762498.488	759929.854	0.458128979	0.455040225	0.997
534.6	716451.76	715942.884	0.430462904	0.428701162	0.999
541.2	676286.882	674759.773	0.406330798	0.404041028	0.998
547.8	734320.801	730735.926	0.44119909	0.437559123	0.995
554.4	644464.296	645636.231	0.387210958	0.386602072	1.002
561	586074.866	583002.695	0.352129066	0.349097586	0.995
567.6	572492.544	569942.971	0.343968452	0.341277523	0.996
574.2	524366.765	514124.507	0.315053229	0.30785385	0.98
580.8	502610.281	504655.512	0.301981366	0.302183888	1.004
587.4	509833.666	505901.001	0.306321364	0.302929677	0.992
594	470926.96	462213.648	0.282945201	0.276770022	0.981
600.6	445895.942	443325.857	0.267905912	0.265460156	0.994
607.2	399404.851	395794.958	0.239972852	0.236999015	0.991
613.8	391833.644	392346.069	0.235423873	0.234933846	1.001
620.4	351043.383	349010.39	0.210916021	0.208984771	0.994
627	288577.474	283451.208	0.173384873	0.169728431	0.982
633.6	274354.637	276935.638	0.164839422	0.165826957	1.009
640.2	264196.625	262655.574	0.158736223	0.157276163	0.994
646.8	218658.141	215585.519	0.131375514	0.129090971	0.986
653.4	215072.947	212000.033	0.129221436	0.12694401	0.986
660	190536.714	184390.49	0.114479427	0.110411625	0.968
666.6	190920.893	189018.992	0.114710252	0.113183137	0.99
673.2	163545.991	160992.928	0.098262697	0.096401343	0.984
679.8	146239.413	146751.568	0.087864454	0.087873724	1.004
686.4	133625.165	133625.165	0.080285484	0.080013734	1
693	127491.193	131075.426	0.076600034	0.07848697	1.028
699.6	126995.328	130603.938	0.076302105	0.078204646	1.028
