0.000	2409459.279	2330438.492	0.000	0.967
26.400	2623472.382	2674288.383	0.000	1.019
52.800	2641499.385	2593131.260	0.000	0.982
79.200	2545470.414	2545794.458	0.000	1.000
105.600	2654852.800	2537258.806	0.000	0.956
132.000	2504568.040	2514851.791	0.000	1.004
158.400	2378484.287	2366759.936	0.000	0.995
184.800	2389059.128	2396796.156	0.000	1.003
211.200	2358953.507	2391167.834	0.000	1.014
237.600	2304045.597	2416933.550	0.000	1.049
264.000	2390135.843	2390765.812	0.000	1.000
290.400	2410036.910	2387866.238	0.000	0.991
316.800	2356198.808	2392050.919	0.000	1.015
343.200	2352113.264	2413070.703	0.000	1.026
369.600	2375564.294	2352225.451	0.000	0.990
396.000	2438582.283	2327323.785	0.000	0.954
422.400	2369179.282	2355677.309	0.000	0.994
448.800	2372111.984	2345624.300	0.000	0.989
475.200	2347017.289	2354551.449	0.000	1.003
501.600	2386163.345	2396632.601	0.000	1.004
528.000	2339987.237	2384050.212	0.000	1.019
554.400	2398554.871	2400651.605	0.000	1.001
580.800	2404700.477	2368355.109	0.000	0.985
607.200	2370793.416	2356732.091	0.000	0.994
633.600	2352779.835	2419894.808	0.000	1.029
660.000	2386301.237	2368104.471	0.000	0.992
686.400	2303807.370	2439736.530	0.000	1.059
712.800	2392044.484	2399223.279	0.000	1.003
739.200	2354413.564	2327449.047	0.000	0.989
765.600	2260813.846	2376617.264	0.000	1.051
792.000	2299364.026	2340987.048	0.000	1.018
818.400	2344930.668	2388265.184	0.000	1.018
844.800	2367079.744	2369604.601	0.000	1.001
871.200	2296591.090	2323886.006	0.000	1.012
897.600	2357036.494	2306164.792	0.000	0.978
924.000	2314590.599	2386876.599	0.000	1.031
950.400	2345501.513	2461176.441	0.000	1.049
976.800	2353457.377	2283891.096	0.000	0.970
1003.200	2324423.660	2361373.966	0.000	1.016
1029.600	2343215.785	2350851.284	0.000	1.003
1056.000	2313844.699	2335937.982	0.000	1.010
1082.400	2252783.763	2299473.619	0.000	1.021
1108.800	2282813.541	2366280.876	0.000	1.037
1135.200	2359439.973	2334465.859	0.000	0.989
1161.600	2357586.560	2324763.551	0.000	0.986
1188.000	2321913.109	2347676.958	0.000	1.011
1214.400	2317348.868	2339810.280	0.000	1.010
1240.800	2251151.457	2373122.323	0.000	1.054
1267.200	2307441.802	2293056.240	0.000	0.994
1293.600	2292713.900	2246586.416	0.000	0.980
1320.000	2269629.801	2275923.086	0.000	1.003
1346.400	2235205.584	2293002.918	0.000	1.026
1372.800	2265877.201	2273288.549	0.000	1.003
1399.200	2213106.568	2266352.646	0.000	1.024
1425.600	2230104.621	2201543.611	0.000	0.987
1452.000	2227675.524	2226866.634	0.000	1.000
1478.400	2240557.125	2253306.570	0.000	1.006
1504.800	2257703.537	2215175.341	0.000	0.981
1531.200	2202817.201	2172542.834	0.000	0.986
1557.600	2258425.807	2275290.259	0.000	1.007
1584.000	2216615.444	2211356.400	0.000	0.998
1610.400	2287040.238	2200855.131	0.000	0.962
1636.800	2228721.052	2303273.561	0.000	1.033
1663.200	2266532.404	2256524.582	0.000	0.996
1689.600	2276593.883	2257288.774	0.000	0.992
1716.000	2215600.784	2191946.444	0.000	0.989
1742.400	2183733.042	2237208.271	0.000	1.024
1768.800	2251807.537	2177500.332	0.000	0.967
1795.200	2231841.484	2278091.832	0.000	1.021
1821.600	2174574.305	2239319.425	0.000	1.030
1848.000	2184954.237	2229923.870	0.000	1.021
1874.400	2140510.771	2290469.138	0.000	1.070
1900.800	2150588.880	2260657.832	0.000	1.051
1927.200	2157568.586	2303734.842	0.000	1.068
1953.600	2139634.278	2254307.634	0.000	1.054
1980.000	2159629.122	2257624.993	0.000	1.045
2006.400	2086019.487	2179266.690	0.000	1.045
2032.800	2041996.746	2214350.977	0.000	1.084
2059.200	2018358.725	2184016.565	0.000	1.082
2085.600	2068516.867	2146204.930	0.000	1.038
2112.000	2048747.847	2214259.360	0.000	1.081
2138.400	2030845.624	2170382.541	0.000	1.069
2164.800	1954181.244	2125540.500	0.000	1.088
2191.200	1948999.898	2142547.956	0.000	1.099
2217.600	1895917.305	2153251.828	0.000	1.136
2244.000	1977912.587	2160311.761	0.000	1.092
2270.400	1937946.067	2089663.625	0.000	1.078
2296.800	1880989.087	2083718.591	0.000	1.108
2323.200	1897372.598	2137984.749	0.000	1.127
2349.600	1865492.306	2126170.374	0.000	1.140
2376.000	1891612.416	2054132.228	0.000	1.086
2402.400	1858989.612	2141880.571	0.000	1.152
2428.800	1898975.813	2106393.522	0.000	1.109
2455.200	1829418.169	2119460.232	0.000	1.159
2481.600	1883722.376	2154653.758	0.000	1.144
2508.000	1899561.313	2213765.753	0.000	1.165
2534.400	1938922.125	2120431.567	0.000	1.094
2560.800	1915389.149	2144379.782	0.000	1.120
2587.200	1909359.773	2110527.350	0.000	1.105
2613.600	1871077.129	2142896.922	0.000	1.145
2640.000	1985461.685	2178316.374	0.000	1.097
2666.400	1982326.245	2118552.553	0.000	1.069
2692.800	1914539.941	2117642.197	0.000	1.106
2719.200	2028361.048	2107577.264	0.000	1.039
2745.600	1959232.030	2105869.287	0.000	1.075
2772.000	2060734.982	2128868.951	0.000	1.033
2798.400	1966794.603	2061726.480	0.000	1.048
2824.800	2020433.196	2080965.930	0.000	1.030
2851.200	2016524.244	2037875.320	0.000	1.011
2877.600	2050008.453	1998822.913	0.000	0.975
2904.000	2064426.431	1985070.594	0.000	0.962
2930.400	2087430.118	2036615.347	0.000	0.976
2956.800	2093997.769	2070451.061	0.000	0.989
2983.200	2076756.624	1997277.849	0.000	0.962
3009.600	2162023.193	1991240.519	0.000	0.921
3036.000	2171851.255	1984587.000	0.000	0.914
3062.400	2069593.994	1962467.298	0.000	0.948
3088.800	2160559.373	1978509.456	0.000	0.916
3115.200	2124804.770	1957862.043	0.000	0.921
3141.600	2111402.471	1967513.793	0.000	0.932
3168.000	2136014.711	1981582.130	0.000	0.928
3194.400	2183857.107	1934844.629	0.000	0.886
3220.800	2193318.400	1865144.550	0.000	0.850
3247.200	2195267.084	1888386.221	0.000	0.860
3273.600	2235762.746	1976937.770	0.000	0.884
3300.000	2283438.742	1940983.416	0.000	0.850
3326.400	2240996.910	1930634.289	0.000	0.862
3352.800	2297596.465	2011555.442	0.000	0.876
3379.200	2323759.363	2059280.478	0.000	0.886
3405.600	2301599.464	2072253.675	0.000	0.900
3432.000	2294150.596	2007178.139	0.000	0.875
3458.400	2379628.133	2066204.326	0.000	0.868
3484.800	2324950.249	2106342.193	0.000	0.906
3511.200	2271798.574	2101430.956	0.000	0.925
3537.600	2304847.063	2146239.482	0.000	0.931
3564.000	2248980.050	2161922.576	0.000	0.961
3590.400	2373858.080	2208346.157	0.000	0.930
3616.800	2367023.229	2157265.583	0.000	0.911
3643.200	2292743.210	2155490.114	0.000	0.940
3669.600	2262977.201	2182922.725	0.000	0.965
3696.000	2242925.430	2106583.240	0.000	0.939
3722.400	2261200.846	2142434.602	0.000	0.947
3748.800	2231938.514	2146746.748	0.000	0.962
3775.200	2281138.409	2171386.515	0.000	0.952
3801.600	2189675.308	2119049.718	0.000	0.968
3828.000	2219854.317	2200024.293	0.000	0.991
3854.400	2320092.868	2206274.319	0.000	0.951
3880.800	2258777.693	2242000.901	0.000	0.993
3907.200	2248504.889	2251902.086	0.000	1.002
3933.600	2266593.963	2215856.765	0.000	0.978
3960.000	2211188.219	2219468.747	0.000	1.004
3986.400	2231299.580	2249385.542	0.000	1.008
4012.800	2243816.092	2277205.514	0.000	1.015
4039.200	2268378.089	2285474.322	0.000	1.008
4065.600	2249659.462	2283275.402	0.000	1.015
4092.000	2256561.041	2217120.304	0.000	0.983
4118.400	2291529.008	2255134.393	0.000	0.984
4144.800	2157153.687	2292839.280	0.000	1.063
4171.200	2270616.932	2318797.909	0.000	1.021
4197.600	2251523.236	2312428.580	0.000	1.027
4224.000	2314617.261	2281632.676	0.000	0.986
4250.400	2279127.281	2269350.842	0.000	0.996
4276.800	2251688.632	2257395.150	0.000	1.003
4303.200	2251919.648	2264602.212	0.000	1.006
4329.600	2270010.356	2353011.184	0.000	1.037
4356.000	2292453.941	2268941.704	0.000	0.990
4382.400	2300962.396	2310751.838	0.000	1.004
4408.800	2291181.290	2301414.461	0.000	1.004
4435.200	2272253.813	2325671.398	0.000	1.024
4461.600	2272327.086	2304940.683	0.000	1.014
4488.000	2265670.388	2291754.066	0.000	1.012
4514.400	2286823.061	2300587.654	0.000	1.006
4540.800	2227971.109	2316926.591	0.000	1.040
4567.200	2239781.101	2305953.723	0.000	1.030
4593.600	2312631.062	2291095.669	0.000	0.991
4620.000	2218512.583	2273798.697	0.000	1.025
4646.400	2311233.457	2268552.745	0.000	0.982
4672.800	2245727.372	2289780.123	0.000	1.020
4699.200	2283979.736	2244995.899	0.000	0.983
4725.600	2350551.199	2318639.546	0.000	0.986
4752.000	2312960.451	2284223.606	0.000	0.988
4778.400	2334619.755	2400662.309	0.000	1.028
4804.800	2387164.148	2402376.694	0.000	1.006
4831.200	2377409.815	2336924.956	0.000	0.983
4857.600	2398737.123	2344119.534	0.000	0.977
4884.000	2381756.712	2399225.836	0.000	1.007
4910.400	2369576.401	2371759.711	0.000	1.001
4936.800	2354302.550	2348657.169	0.000	0.998
4963.200	2325538.923	2416102.435	0.000	1.039
4989.600	2360103.850	2326685.977	0.000	0.986
5016.000	2377702.631	2383804.894	0.000	1.003
5042.400	2447349.189	2439142.874	0.000	0.997
5068.800	2374871.257	2386277.964	0.000	1.005
5095.200	2360270.656	2414559.852	0.000	1.023
5121.600	2419506.173	2408400.829	0.000	0.995
5148.000	2437935.121	2466070.347	0.000	1.012
5174.400	2457225.071	2415260.510	0.000	0.983
5200.800	2412217.224	2374290.481	0.000	0.984
5227.200	2385635.056	2400022.723	0.000	1.006
5253.600	2388966.025	2393015.466	0.000	1.002
5280.000	2348702.927	2474129.273	0.000	1.053
5306.400	2395509.634	2408387.976	0.000	1.005
5332.800	2430882.538	2386808.080	0.000	0.982
5359.200	2397299.459	2426740.127	0.000	1.012
5385.600	2397643.025	2400605.225	0.000	1.001
5412.000	2438463.846	2409705.389	0.000	0.988
5438.400	2385273.252	2402578.716	0.000	1.007
5464.800	2341691.785	2352396.194	0.000	1.005
5491.200	2372102.857	2320816.732	0.000	0.978
5517.600	2414886.547	2349691.791	0.000	0.973
5544.000	2422385.653	2405377.794	0.000	0.993
5570.400	2386911.493	2381267.595	0.000	0.998
5596.800	2326536.043	2354703.447	0.000	1.012
5623.200	2293760.337	2344338.059	0.000	1.022
5649.600	2289642.126	2294698.282	0.000	1.002
5676.000	2311363.754	2291864.459	0.000	0.992
5702.400	2284159.241	2297048.396	0.000	1.006
5728.800	2341322.230	2279748.978	0.000	0.974
5755.200	2341349.456	2314830.674	0.000	0.989
5781.600	2358930.725	2327025.149	0.000	0.986
5808.000	2372194.323	2366065.725	0.000	0.997
5834.400	2386774.017	2310470.362	0.000	0.968
5860.800	2297457.473	2342028.421	0.000	1.019
5887.200	2343463.525	2386485.491	0.000	1.018
5913.600	2315077.717	2277745.165	0.000	0.984
5940.000	2330569.483	2341148.470	0.000	1.005
5966.400	2331064.600	2344396.713	0.000	1.006
5992.800	2374341.661	2286143.137	0.000	0.963
6019.200	2300708.730	2288564.337	0.000	0.995
6045.600	2319487.128	2358384.331	0.000	1.017
6072.000	2303513.092	2378844.876	0.000	1.033
6098.400	2308091.845	2351187.923	0.000	1.019
6124.800	2270872.737	2330204.724	0.000	1.026
6151.200	2306684.135	2291333.726	0.000	0.993
6177.600	2382712.050	2300642.347	0.000	0.966
6204.000	2342350.806	2253783.033	0.000	0.962
6230.400	2245956.602	2366419.553	0.000	1.054
6256.800	2282824.400	2289615.376	0.000	1.003
6283.200	2379556.946	2287895.407	0.000	0.961
6309.600	2282742.416	2323159.389	0.000	1.018
6336.000	2193300.844	2266546.615	0.000	1.033
6362.400	2268820.529	2230050.446	0.000	0.983
6388.800	2346640.373	2308221.755	0.000	0.984
6415.200	2274625.800	2355160.821	0.000	1.035
6441.600	2293164.297	2266047.805	0.000	0.988
6468.000	2287020.820	2338895.425	0.000	1.023
6494.400	2316302.472	2256877.331	0.000	0.974
6520.800	2432030.603	2401661.279	0.000	0.988
6547.200	2395955.929	2396980.342	0.000	1.000
6573.600	2364580.488	2336103.506	0.000	0.988
