0,000	64052995,408	64196570,219	0,000	1,002
13,200	70358007,873	72086854,527	0,000	1,025
26,400	64764662,703	64706259,070	0,000	0,999
39,600	65135601,204	64968579,816	0,000	0,997
52,800	64611109,398	64789269,717	0,000	1,003
66,000	64684281,486	64796508,981	0,000	1,002
79,200	64575960,067	64640263,079	0,000	1,001
92,400	64417891,433	64699207,341	0,000	1,004
105,600	64593684,539	64489738,143	0,000	0,998
118,800	64553812,347	65084086,278	0,000	1,008
132,000	64462212,883	64833952,440	0,000	1,006
145,200	64826027,089	65090259,597	0,000	1,004
158,400	64739515,633	65096553,506	0,000	1,006
171,600	64413961,719	64504741,614	0,000	1,001
184,800	64715742,081	65237253,472	0,000	1,008
198,000	64869562,605	65392133,942	0,000	1,008
211,200	64488250,195	65154727,413	0,000	1,010
224,400	64590389,986	65030054,487	0,000	1,007
237,600	64547665,393	64653117,544	0,000	1,002
250,800	64649354,061	64607589,835	0,000	0,999
264,000	64552731,746	64714281,207	0,000	1,003
277,200	64757182,680	64927468,944	0,000	1,003
290,400	64485937,346	65037583,572	0,000	1,009
303,600	64864403,790	65149963,980	0,000	1,004
316,800	64551317,105	64900108,120	0,000	1,005
330,000	64638325,547	65407895,981	0,000	1,012
343,200	64762812,085	65081045,306	0,000	1,005
356,400	64617796,112	65042368,095	0,000	1,007
369,600	64353121,061	64801477,773	0,000	1,007
382,800	64851126,041	64468340,229	0,000	0,994
396,000	64648190,620	64814446,838	0,000	1,003
409,200	64716725,397	64759841,730	0,000	1,001
422,400	64927306,696	64994329,754	0,000	1,001
435,600	64745320,087	64775030,761	0,000	1,000
448,800	64423627,922	65254331,127	0,000	1,013
462,000	64762865,842	65185634,632	0,000	1,007
475,200	64782664,465	64890882,431	0,000	1,002
488,400	64269901,253	65198110,568	0,000	1,014
501,600	64484134,534	64814809,430	0,000	1,005
514,800	64555580,726	64904126,587	0,000	1,005
528,000	64220659,765	64786399,212	0,000	1,009
541,200	64361173,552	64713083,023	0,000	1,005
554,400	64349474,738	64716686,534	0,000	1,006
567,600	64501360,796	64544636,936	0,000	1,001
580,800	64530156,107	65333774,236	0,000	1,012
594,000	64881121,871	64538842,921	0,000	0,995
607,200	64024026,829	65214852,533	0,000	1,019
620,400	64789568,258	64924321,278	0,000	1,002
633,600	64521850,080	64463139,098	0,000	0,999
646,800	64494474,474	64973236,656	0,000	1,007
660,000	64938332,631	64839962,984	0,000	0,998
673,200	64776793,098	64809921,419	0,000	1,001
686,400	64459501,910	64781673,771	0,000	1,005
699,600	64322263,275	64812202,230	0,000	1,008
712,800	64526915,079	65223962,415	0,000	1,011
726,000	64625003,532	64785105,106	0,000	1,002
739,200	64933424,917	65014483,204	0,000	1,001
752,400	64803387,224	64717794,084	0,000	0,999
765,600	64553939,841	64495319,956	0,000	0,999
778,800	64640955,515	65132476,496	0,000	1,008
792,000	64532017,810	65472150,728	0,000	1,015
805,200	64652534,504	64830012,377	0,000	1,003
818,400	64418509,191	65110867,964	0,000	1,011
831,600	64960066,858	64829577,549	0,000	0,998
844,800	64532905,271	64937353,962	0,000	1,006
858,000	64862499,020	64905083,526	0,000	1,001
871,200	65006368,278	65105242,945	0,000	1,002
884,400	64559122,086	64868154,799	0,000	1,005
897,600	64858865,757	64938799,537	0,000	1,001
910,800	64810071,159	64678797,428	0,000	0,998
924,000	64577056,491	64854283,959	0,000	1,004
937,200	64783406,120	64828132,129	0,000	1,001
950,400	64816687,682	65255245,248	0,000	1,007
963,600	64398146,278	65515239,786	0,000	1,017
976,800	64871617,529	65034316,769	0,000	1,003
990,000	64633843,079	65040622,629	0,000	1,006
1003,200	64577050,087	65068607,775	0,000	1,008
1016,400	64657007,597	65155879,936	0,000	1,008
1029,600	64855762,944	64979577,556	0,000	1,002
1042,800	63980873,501	64557436,342	0,000	1,009
1056,000	64632819,405	64871714,814	0,000	1,004
1069,200	64899112,683	65150966,958	0,000	1,004
1082,400	64256353,622	64943162,364	0,000	1,011
1095,600	65065625,998	65086399,773	0,000	1,000
1108,800	64959312,287	65128723,666	0,000	1,003
1122,000	64696666,472	64980170,893	0,000	1,004
1135,200	64676130,793	64802083,333	0,000	1,002
1148,400	64720408,021	65072699,358	0,000	1,005
1161,600	64500953,359	64824186,734	0,000	1,005
1174,800	64655753,558	65018361,499	0,000	1,006
1188,000	64724484,637	65220601,161	0,000	1,008
1201,200	64451215,158	65128246,727	0,000	1,011
1214,400	64669335,827	64594820,299	0,000	0,999
1227,600	64900793,913	65456227,138	0,000	1,009
1240,800	64615650,471	65295752,019	0,000	1,011
1254,000	64622030,410	65345711,575	0,000	1,011
1267,200	64416490,889	65107195,889	0,000	1,011
1280,400	64822417,133	65135586,194	0,000	1,005
1293,600	65087450,945	65191166,368	0,000	1,002
1306,800	64909223,204	65291168,221	0,000	1,006
1320,000	64552320,770	65057498,676	0,000	1,008
1333,200	64704639,243	65014180,253	0,000	1,005
1346,400	64295835,720	64925526,555	0,000	1,010
1359,600	64971470,833	65873081,165	0,000	1,014
1372,800	65029392,960	65735876,915	0,000	1,011
1386,000	65260838,534	65463732,726	0,000	1,003
1399,200	64946899,847	65562539,054	0,000	1,009
1412,400	65322455,023	65675007,482	0,000	1,005
1425,600	64894383,651	65406770,568	0,000	1,008
1438,800	64730058,460	65643214,171	0,000	1,014
1452,000	65272088,053	65480470,014	0,000	1,003
1465,200	64855174,331	65313082,096	0,000	1,007
1478,400	64943048,747	65154063,122	0,000	1,003
1491,600	64936034,448	65078794,895	0,000	1,002
1504,800	64724320,052	65359967,285	0,000	1,010
1518,000	64880421,001	65259796,654	0,000	1,006
1531,200	64982413,455	65373089,193	0,000	1,006
1544,400	64509108,921	65378205,655	0,000	1,013
1557,600	64482031,170	65150040,107	0,000	1,010
1570,800	64361077,741	64967679,800	0,000	1,009
1584,000	64765308,653	65235272,565	0,000	1,007
1597,200	64670182,521	64870292,863	0,000	1,003
1610,400	64438134,482	65351783,816	0,000	1,014
1623,600	64629427,831	65507229,556	0,000	1,014
1636,800	64645271,685	65249863,839	0,000	1,009
1650,000	64755310,195	65423204,021	0,000	1,010
1663,200	64837607,474	65421603,453	0,000	1,009
1676,400	64137588,958	65072245,219	0,000	1,015
1689,600	64670129,852	65143824,730	0,000	1,007
1702,800	64514428,695	65012776,276	0,000	1,008
1716,000	65105971,699	65285675,904	0,000	1,003
1729,200	64762072,813	65473411,599	0,000	1,011
1742,400	64771663,951	65314463,981	0,000	1,008
1755,600	64521425,952	65379263,483	0,000	1,013
1768,800	64561421,751	65283080,204	0,000	1,011
1782,000	64555603,422	64972709,158	0,000	1,006
1795,200	64892138,796	65362887,539	0,000	1,007
1808,400	65129431,994	65248123,307	0,000	1,002
1821,600	64934235,897	65355934,086	0,000	1,006
1834,800	64571775,655	65039769,017	0,000	1,007
1848,000	64566411,882	64978936,182	0,000	1,006
1861,200	64464091,586	65280563,613	0,000	1,013
1874,400	64710811,511	65313788,258	0,000	1,009
1887,600	64740594,634	65227493,703	0,000	1,008
1900,800	64487561,202	64965533,398	0,000	1,007
1914,000	64539783,576	65510137,783	0,000	1,015
1927,200	64317645,674	64853531,861	0,000	1,008
1940,400	64742654,626	65327705,598	0,000	1,009
1953,600	64919924,370	64783148,813	0,000	0,998
1966,800	64588031,015	65061918,133	0,000	1,007
1980,000	64891105,656	65403954,681	0,000	1,008
1993,200	64554594,730	65094522,325	0,000	1,008
2006,400	64430126,770	65235760,746	0,000	1,013
2019,600	64827774,920	64971351,491	0,000	1,002
2032,800	64493080,647	64954728,329	0,000	1,007
2046,000	64561459,691	64712713,255	0,000	1,002
2059,200	64950818,942	65534761,883	0,000	1,009
2072,400	64372902,966	64705217,312	0,000	1,005
2085,600	64374612,570	64569615,149	0,000	1,003
2098,800	64418945,888	64993408,602	0,000	1,009
2112,000	64453492,646	65952844,187	0,000	1,023
2125,200	64901059,691	65522278,005	0,000	1,010
2138,400	64625852,469	65325047,779	0,000	1,011
2151,600	64360717,906	65670889,571	0,000	1,020
2164,800	64992382,820	65499602,822	0,000	1,008
2178,000	64739361,455	65676125,016	0,000	1,014
2191,200	64651426,040	65140071,269	0,000	1,008
2204,400	65082682,827	65365010,999	0,000	1,004
2217,600	64644470,010	66027217,281	0,000	1,021
2230,800	64680361,302	65269108,521	0,000	1,009
2244,000	64586632,304	65285050,683	0,000	1,011
2257,200	64746781,398	65398235,300	0,000	1,010
2270,400	64390335,863	65242078,363	0,000	1,013
2283,600	64676090,937	65352793,807	0,000	1,010
2296,800	64558899,326	65158990,241	0,000	1,009
2310,000	64613977,430	65265588,774	0,000	1,010
2323,200	64621080,693	65209174,268	0,000	1,009
2336,400	64690326,062	65239008,541	0,000	1,008
2349,600	64609250,203	65164038,327	0,000	1,009
2362,800	64652134,117	65204250,668	0,000	1,009
2376,000	64915604,384	65262980,092	0,000	1,005
2389,200	64514817,293	65416576,291	0,000	1,014
2402,400	64680902,774	65490200,408	0,000	1,013
2415,600	64763192,436	65355755,524	0,000	1,009
2428,800	64484037,168	65624997,026	0,000	1,018
2442,000	64786356,952	65631083,325	0,000	1,013
2455,200	64521405,645	65030035,854	0,000	1,008
2468,400	64492872,738	65086686,985	0,000	1,009
2481,600	65103562,269	65452544,875	0,000	1,005
2494,800	65314438,641	65591619,327	0,000	1,004
2508,000	64395866,778	65445633,721	0,000	1,016
2521,200	64195710,019	65626832,330	0,000	1,022
2534,400	65022339,818	65294421,911	0,000	1,004
2547,600	64449089,882	65656049,118	0,000	1,019
2560,800	65037012,468	65279200,161	0,000	1,004
2574,000	64476596,575	65448126,122	0,000	1,015
2587,200	64626432,664	65157080,895	0,000	1,008
2600,400	64694911,723	64928736,088	0,000	1,004
2613,600	64493355,612	64960525,194	0,000	1,007
2626,800	64617199,284	65218419,190	0,000	1,009
