2750,000	370831952,723	370918120,720	1,001	1,000
2751,000	412935506,882	413298569,011	1,001	1,001
2752,000	375408646,768	375236619,050	1,001	1,000
2753,000	361494020,152	361366157,624	1,001	1,000
2754,000	371245307,422	371788793,330	1,001	1,001
2755,000	368620636,277	369485242,826	1,001	1,002
2756,000	369401326,224	370113563,199	1,001	1,002
2757,000	372033864,633	371669125,710	1,001	0,999
2758,000	373754060,891	371149760,171	1,001	0,993
2759,000	371834098,535	372434164,896	1,001	1,002
2760,000	372423612,525	373553610,137	1,001	1,003
2761,000	373893193,912	375197900,769	1,001	1,003
2762,000	372179767,768	372696166,914	1,001	1,001
2763,000	371705083,467	371870094,521	1,001	1,000
2764,000	372432938,741	372994937,832	1,001	1,002
2765,000	374619783,771	374330370,112	1,001	0,999
2766,000	375432358,109	372162527,711	1,001	0,991
2767,000	372904872,877	373011382,820	1,001	1,000
2768,000	373135273,819	373548041,625	1,001	1,001
2769,000	372506212,042	372464452,304	1,001	1,000
2770,000	373346881,357	372324660,233	1,001	0,997
2771,000	371808474,181	372226011,862	1,001	1,001
2772,000	371782486,646	372876578,744	1,001	1,003
2773,000	372951173,096	372372981,525	1,001	0,998
2774,000	372434078,777	372286852,051	1,001	1,000
2775,000	373820629,984	372300877,620	1,001	0,996
2776,000	371978193,603	372382158,685	1,001	1,001
2777,000	370793909,994	372110625,606	1,001	1,004
2778,000	371394308,157	371902268,343	1,001	1,001
2779,000	369950412,053	370894185,760	1,001	1,003
2780,000	372063182,796	369461615,266	1,001	0,993
2781,000	370500198,917	369739630,861	1,001	0,998
2782,000	371160170,879	370593603,448	1,001	0,998
2783,000	372057495,300	371571645,709	1,001	0,999
2784,000	371582832,970	371320246,991	1,001	0,999
2785,000	372247641,981	369990272,826	1,001	0,994
2786,000	372685188,580	372521915,101	1,001	1,000
2787,000	374484170,217	372010287,723	1,001	0,993
2788,000	371162077,342	372022265,921	1,001	1,002
2789,000	371743487,242	371667761,208	1,001	1,000
2790,000	371883848,183	371273460,421	1,001	0,998
2791,000	371338340,592	370940923,366	1,001	0,999
2792,000	373919270,820	371159437,799	1,001	0,993
2793,000	370812828,320	372995089,413	1,001	1,006
2794,000	372066919,738	372406452,103	1,001	1,001
2795,000	373680486,631	372368199,573	1,001	0,996
2796,000	372742946,432	372473122,788	1,001	0,999
2797,000	371781172,475	370831562,843	1,001	0,997
2798,000	372375098,509	372212654,967	1,001	1,000
2799,000	372100595,682	372629754,300	1,001	1,001
2800,000	372146413,671	371709698,253	1,001	0,999
2801,000	370839710,213	371357805,382	1,001	1,001
2802,000	373501652,618	373007401,214	1,001	0,999
2803,000	371850049,415	372521821,362	1,001	1,002
2804,000	372627494,337	372701855,153	1,001	1,000
2805,000	371894153,946	372252800,272	1,001	1,001
2806,000	371254620,298	372985118,141	1,001	1,005
2807,000	371648260,952	372712298,455	1,000	1,003
2808,000	368569803,724	369856903,363	1,000	1,003
2809,000	369712804,608	370367236,600	1,000	1,002
2810,000	370546763,183	371654460,847	1,000	1,003
2811,000	369414862,348	371256262,090	1,000	1,005
2812,000	369859591,692	370535145,662	1,000	1,002
2813,000	372019173,436	369846315,910	1,000	0,994
2814,000	371179458,203	369590832,091	1,000	0,996
2815,000	370203223,395	371782105,349	1,000	1,004
2816,000	371371534,781	371395792,291	1,000	1,000
2817,000	370989543,663	370631287,892	1,000	0,999
2818,000	372229658,027	371045304,072	1,000	0,997
2819,000	372417274,134	371418918,529	1,000	0,997
2820,000	371049416,275	371722055,853	1,000	1,002
2821,000	371121690,146	371083428,461	0,999	1,000
2822,000	371141820,146	370123162,831	0,999	0,997
2823,000	371590199,189	371467067,977	0,999	1,000
2824,000	371017024,915	371088149,876	0,999	1,000
2825,000	371205795,637	370625986,221	0,999	0,998
2826,000	370484700,578	370207938,488	0,998	0,999
2827,000	370491667,995	370391368,682	0,998	1,000
2828,000	371540907,193	371147571,339	0,998	0,999
2829,000	371828471,524	371067229,816	0,997	0,998
2830,000	370796332,982	370278063,539	0,997	0,999
2831,000	370275668,092	371152098,665	0,996	1,002
2832,000	370608855,175	370829063,498	0,996	1,001
2833,000	372773672,448	370937560,116	0,995	0,995
2834,000	370403685,463	371591198,421	0,994	1,003
2835,000	371742644,761	368331244,130	0,993	0,991
2836,000	370659670,963	367820370,417	0,992	0,992
2837,000	369767824,814	366120918,712	0,990	0,990
2838,000	369283923,454	364012183,979	0,988	0,986
2839,000	370421758,611	362904799,097	0,985	0,980
2840,000	368975425,751	360160195,719	0,981	0,976
2841,000	367294390,175	356666000,516	0,976	0,971
2842,000	366026748,157	354144928,450	0,970	0,968
2843,000	366040163,717	352372898,944	0,963	0,963
2844,000	366427057,369	350165996,727	0,954	0,956
2845,000	365083924,421	347076291,040	0,947	0,951
2846,000	366744195,994	347134288,930	0,943	0,947
2847,000	366702679,086	347245190,541	0,944	0,947
2848,000	367791315,949	347896141,682	0,950	0,946
2849,000	365573009,714	349244086,977	0,958	0,955
2850,000	368710942,658	353711002,885	0,966	0,959
2851,000	369205237,827	357103033,471	0,973	0,967
2852,000	367942856,707	360126625,189	0,978	0,979
2853,000	368563995,156	364991203,837	0,982	0,990
2854,000	358633864,506	355344144,594	0,986	0,991
2855,000	362280478,094	358110460,500	0,988	0,988
2856,000	367369019,647	365242382,511	0,990	0,994
2857,000	370512588,456	369794143,380	0,992	0,998
2858,000	370319392,635	370039901,724	0,993	0,999
2859,000	373403886,558	369825085,824	0,994	0,990
2860,000	370684984,629	370934326,956	0,995	1,001
2861,000	371670466,838	370393390,861	0,995	0,997
2862,000	370262898,162	369586520,947	0,996	0,998
2863,000	372224792,622	371195498,306	0,996	0,997
2864,000	371652976,212	371480201,970	0,997	1,000
2865,000	370542483,841	369848430,276	0,997	0,998
2866,000	373543279,464	369776757,912	0,997	0,990
2867,000	370411303,968	370544614,571	0,997	1,000
2868,000	370531810,827	370371395,148	0,997	1,000
2869,000	369926775,309	371266452,729	0,997	1,004
2870,000	369862761,208	369081728,245	0,997	0,998
2871,000	369688905,545	369750804,332	0,997	1,000
2872,000	370062546,883	370007137,749	0,997	1,000
2873,000	371728562,890	370449619,647	0,997	0,997
2874,000	369718582,588	369596616,465	0,997	1,000
2875,000	370655632,403	369795472,784	0,997	0,998
2876,000	370393555,172	369911803,455	0,997	0,999
2877,000	369934687,483	369944109,129	0,997	1,000
2878,000	369583121,199	372112626,565	0,996	1,007
2879,000	368460286,644	368798405,411	0,996	1,001
2880,000	368992428,428	368705137,466	0,996	0,999
2881,000	368974545,750	369202699,150	0,995	1,001
2882,000	369090165,388	369579062,344	0,994	1,001
2883,000	369954762,201	367770373,709	0,993	0,994
2884,000	369863692,380	367718189,303	0,992	0,994
2885,000	370731809,084	367042187,992	0,991	0,990
2886,000	369665732,826	367293849,172	0,989	0,994
2887,000	371204647,795	366862843,973	0,987	0,988
2888,000	370501968,689	365345024,938	0,984	0,986
2889,000	371819834,005	365167059,300	0,980	0,982
2890,000	370192144,045	360990360,327	0,975	0,975
2891,000	368863524,798	354371900,068	0,969	0,961
2892,000	366085464,720	350194107,185	0,961	0,957
2893,000	365405602,781	348479946,828	0,952	0,954
2894,000	365624743,256	344842747,674	0,945	0,943
2895,000	364462576,404	344124538,167	0,941	0,944
2896,000	366633323,977	345282076,256	0,942	0,942
2897,000	366062261,485	349049151,250	0,949	0,954
2898,000	366795587,197	351428983,755	0,957	0,958
2899,000	367422290,854	355286580,382	0,965	0,967
2900,000	367674716,123	356584955,763	0,973	0,970
2901,000	368989028,141	359410887,627	0,978	0,974
2902,000	369393326,738	361073634,799	0,982	0,977
2903,000	370797033,236	364874728,380	0,986	0,984
2904,000	370647111,543	365511232,585	0,988	0,986
2905,000	372287734,561	368635843,719	0,990	0,990
2906,000	371330415,913	368785260,964	0,992	0,993
2907,000	370828449,170	368688744,903	0,993	0,994
2908,000	372516181,985	370053162,875	0,994	0,993
2909,000	373424486,517	371015623,299	0,995	0,994
2910,000	372530498,524	372718412,504	0,996	1,001
2911,000	371836745,196	371706777,820	0,997	1,000
2912,000	371996957,219	370907926,803	0,997	0,997
2913,000	370820201,265	371346304,726	0,998	1,001
2914,000	371906355,170	369846964,706	0,998	0,994
2915,000	370936232,333	371007542,958	0,998	1,000
2916,000	371287367,557	369847917,887	0,998	0,996
2917,000	372565274,835	371229375,112	0,999	0,996
2918,000	371194858,014	372109621,871	0,999	1,002
2919,000	371007694,858	372264325,769	0,999	1,003
2920,000	370548588,270	370439893,215	0,999	1,000
2921,000	370710204,410	370012478,710	0,999	0,998
2922,000	370134929,569	370900179,652	1,000	1,002
2923,000	372649838,721	371256425,195	1,000	0,996
2924,000	370791617,106	371212776,994	1,000	1,001
2925,000	370493542,698	370373499,580	1,000	1,000
2926,000	371704471,503	370629589,889	1,000	0,997
2927,000	371171100,884	372452975,499	1,000	1,003
2928,000	372312415,655	372918802,952	1,000	1,002
2929,000	373065384,540	372666484,591	1,000	0,999
2930,000	371707059,150	372403271,218	1,000	1,002
2931,000	370945362,130	371987638,580	1,000	1,003
2932,000	372549352,056	371082022,412	1,000	0,996
2933,000	371558879,718	370688996,958	1,000	0,998
2934,000	370262588,056	371317148,154	1,000	1,003
2935,000	371583395,816	371870257,351	1,001	1,001
2936,000	372285571,707	372457678,185	1,001	1,000
2937,000	370340937,852	371831398,445	1,001	1,004
2938,000	372969167,654	371918222,577	1,001	0,997
2939,000	371187866,050	372865581,395	1,001	1,005
2940,000	372127642,116	372971430,746	1,001	1,002
2941,000	372537422,294	371573706,951	1,001	0,997
2942,000	373931089,929	372558880,999	1,001	0,996
2943,000	372372724,892	372111631,660	1,001	0,999
2944,000	372265332,051	372974416,415	1,001	1,002
2945,000	370988916,834	373211701,188	1,001	1,006
2946,000	373102042,067	371854758,984	1,001	0,997
2947,000	371952134,290	372814509,274	1,001	1,002
2948,000	372157452,060	372664807,297	1,001	1,001
2949,000	371168867,942	372767842,805	1,001	1,004
