-0.080000 0.008420 1.335602 0.022923 4.380826
-0.060000 0.010250 1.521141 0.019224 3.996316
-0.040000 0.010312 1.612365 0.019269 3.745869
-0.020000 0.009103 1.664088 0.017470 3.436377
0.000000 0.009599 1.768621 0.017681 3.185816
0.020000 0.007974 1.794143 0.013941 2.830406
0.040000 0.007836 1.897972 0.012321 2.549302
0.060000 0.009401 2.090529 0.013625 2.360385
0.080000 0.009033 2.181441 0.011669 2.075267
0.100000 0.007566 2.230455 0.012740 1.906827
0.120000 0.007291 2.331529 0.010805 1.643422
0.140000 0.006938 2.444891 0.010344 1.429530
0.160000 0.006097 2.525189 0.009836 1.236380
0.180000 0.006841 2.721365 0.010016 1.082284
0.200000 0.005400 2.760290 0.008987 0.886229
0.220000 0.007312 3.059823 0.008125 0.704401
0.240000 0.004890 3.037261 0.009601 0.650190
0.260000 0.005507 3.251536 0.009355 0.517976
0.280000 0.005567 3.437207 0.009447 0.426683
0.300000 0.005645 3.613754 0.008290 0.267643
