-0.080000 0.010168 1.356532 0.022357 4.308658
-0.060000 0.012438 1.544443 0.022981 4.019366
-0.040000 0.012012 1.614999 0.020728 3.716958
-0.020000 0.010342 1.652759 0.018498 3.395912
0.000000 0.012395 1.804698 0.020418 3.173225
0.020000 0.009434 1.792334 0.016209 2.821049
0.040000 0.009454 1.897333 0.015995 2.584486
0.060000 0.011895 2.105073 0.015659 2.340558
0.080000 0.011894 2.205764 0.014429 2.074929
0.100000 0.010331 2.265252 0.016205 1.911852
0.120000 0.008806 2.299492 0.013880 1.643732
0.140000 0.009489 2.455707 0.013461 1.426110
0.160000 0.009359 2.570574 0.014029 1.260184
0.180000 0.011908 2.807766 0.014087 1.090950
0.200000 0.009061 2.816758 0.013293 0.906026
0.220000 0.010207 3.011068 0.011574 0.695681
0.240000 0.007682 3.017729 0.013418 0.615946
0.260000 0.009099 3.234653 0.012041 0.439974
0.280000 0.008074 3.341286 0.013553 0.385887
0.300000 0.009159 3.549943 0.011575 0.204462
