-16.200000 0.008736 48.862737 0.120484 324.760279
-15.400000 0.007209 62.263320 0.127373 288.655186
-14.600000 0.006127 78.229994 0.140736 258.533839
-13.800000 0.005618 99.005058 0.132733 222.268810
-13.000000 0.004603 116.889677 0.111419 184.650276
-12.200000 0.003597 135.865713 0.104071 153.853177
-11.400000 0.002666 155.524019 0.089203 121.731416
-10.600000 0.002309 182.786560 0.085177 97.002219
-9.800000 0.002123 216.686807 0.085649 76.338472
-9.000000 0.001813 247.697885 0.087509 59.201442
