0.993470 0.994171 0.999997 0.999997
0.999608 0.999749 0.999953 0.999983
0.999222 0.999355 0.999971 0.999976
0.999704 0.999876 0.999894 0.999971
0.999911 0.999996 0.999984 0.999984
0.999670 0.999813 0.999961 0.999998
0.999957 0.999999 0.999961 0.999998
0.999827 0.999973 0.999852 0.999862
0.999888 0.999968 0.999785 0.999831
0.999776 0.999828 0.999927 0.999938
0.999992 0.999992 0.999904 0.999917
0.999895 0.999942 0.999766 0.999906
0.999924 0.999963 0.998405 0.999066
0.999754 0.999861 0.998798 0.999085
0.999960 0.999995 0.998701 0.999432
0.999752 0.999970 0.989095 0.996479
0.999998 0.999998 0.984048 0.984048
0.999844 0.999882 0.990978 0.991124
0.999572 0.999611 0.997136 0.999504
0.999991 0.999993 0.955738 0.988864
