0.990949 0.990963 0.999968 0.999980
0.998111 0.999447 0.999870 0.999972
0.999116 0.999818 0.999968 0.999998
0.999552 0.999562 0.999749 0.999891
0.999784 0.999916 0.999980 0.999992
0.999880 0.999884 0.999921 0.999921
0.999868 0.999954 0.999901 0.999996
0.999811 0.999859 0.999487 0.999782
0.999769 0.999952 0.999706 0.999715
0.999846 0.999876 0.999980 0.999981
0.999969 0.999976 0.999621 0.999790
0.999980 0.999996 0.999768 0.999851
0.999637 0.999849 0.999868 0.999917
0.999886 0.999935 0.999304 0.999349
0.999963 0.999996 0.998063 0.999043
0.999937 0.999947 0.999820 0.999986
0.999912 0.999960 0.995978 0.997961
0.999974 0.999996 0.992215 0.997972
0.999803 0.999861 0.999889 0.999970
0.999657 0.999916 0.988294 0.994737
