2e+06 3237.83
2.003e+06 3243.56
2.006e+06 3251.46
2.009e+06 3259.71
2.012e+06 3267.46
2.015e+06 3273.66
2.018e+06 3277.19
2.021e+06 3279.1
2.024e+06 3280.27
2.027e+06 3280.78
2.03e+06 3280.45
2.033e+06 3279.46
2.036e+06 3278.16
2.039e+06 3276.9
2.042e+06 3276.01
2.045e+06 3275.15
2.048e+06 3274.14
2.051e+06 3272.71
2.054e+06 3270.77
2.057e+06 3268.37
2.06e+06 3265.66
2.063e+06 3262.69
2.066e+06 3259.52
2.069e+06 3256.29
2.072e+06 3253.06
2.075e+06 3249.91
2.078e+06 3246.76
2.081e+06 3243.61
2.084e+06 3240.61
2.087e+06 3237.84
2.09e+06 3235.25
2.093e+06 3232.86
2.096e+06 3230.82
2.099e+06 3229.14
2.102e+06 3227.79
2.105e+06 3226.66
2.108e+06 3225.76
2.111e+06 3225.02
2.114e+06 3224.28
2.117e+06 3223.52
2.12e+06 3222.9
2.123e+06 3222.35
2.126e+06 3221.71
2.129e+06 3220.95
2.132e+06 3220
2.135e+06 3218.93
2.138e+06 3217.72
2.141e+06 3216.46
2.144e+06 3215.18
2.147e+06 3213.83
2.15e+06 3212.48
2.153e+06 3211.14
2.156e+06 3209.78
2.159e+06 3208.29
2.162e+06 3206.67
2.165e+06 3204.93
2.168e+06 3203.12
2.171e+06 3201.23
2.174e+06 3199.3
2.177e+06 3197.44
2.18e+06 3195.57
2.183e+06 3193.67
2.186e+06 3191.77
2.189e+06 3189.91
2.192e+06 3188.16
2.195e+06 3186.62
2.198e+06 3185.26
2.201e+06 3184.08
2.204e+06 3183.08
2.207e+06 3182.27
2.21e+06 3181.64
2.213e+06 3181.17
2.216e+06 3180.85
2.219e+06 3180.66
2.222e+06 3180.67
2.225e+06 3180.92
2.228e+06 3181.33
2.231e+06 3181.86
2.234e+06 3182.45
2.237e+06 3183.05
2.24e+06 3183.6
2.243e+06 3184.09
2.246e+06 3184.56
2.249e+06 3185.03
2.252e+06 3185.5
2.255e+06 3185.95
2.258e+06 3186.33
2.261e+06 3186.64
2.264e+06 3186.82
2.267e+06 3186.9
2.27e+06 3186.85
2.273e+06 3186.73
2.276e+06 3186.6
2.279e+06 3186.39
2.282e+06 3186.09
2.285e+06 3185.74
2.288e+06 3185.4
2.291e+06 3185.11
2.294e+06 3184.9
2.297e+06 3184.79
2.3e+06 3184.76
2.303e+06 3184.83
2.306e+06 3185
2.309e+06 3185.31
2.312e+06 3185.7
2.315e+06 3186.09
2.318e+06 3186.48
2.321e+06 3186.86
2.324e+06 3187.21
2.327e+06 3187.45
2.33e+06 3187.51
2.333e+06 3187.41
2.336e+06 3187.16
2.339e+06 3186.76
2.342e+06 3186.25
2.345e+06 3185.63
2.348e+06 3184.91
2.351e+06 3184.13
2.354e+06 3183.31
2.357e+06 3182.47
2.36e+06 3181.59
2.363e+06 3180.69
2.366e+06 3179.79
2.369e+06 3178.91
2.372e+06 3178.06
2.375e+06 3177.26
2.378e+06 3176.54
2.381e+06 3175.92
2.384e+06 3175.44
2.387e+06 3175.11
2.39e+06 3174.97
2.393e+06 3175.01
2.396e+06 3175.2
2.399e+06 3175.51
2.402e+06 3175.89
2.405e+06 3176.34
2.408e+06 3176.83
2.411e+06 3177.37
2.414e+06 3177.93
2.417e+06 3178.48
2.42e+06 3179.01
2.423e+06 3179.51
2.426e+06 3180
2.429e+06 3180.51
2.432e+06 3181.08
2.435e+06 3181.7
2.438e+06 3182.37
2.441e+06 3183.04
2.444e+06 3183.69
2.447e+06 3184.35
2.45e+06 3185.02
2.453e+06 3185.73
2.456e+06 3186.5
2.459e+06 3187.35
2.462e+06 3188.21
2.465e+06 3189.05
2.468e+06 3189.85
2.471e+06 3190.62
2.474e+06 3191.35
2.477e+06 3192.06
2.48e+06 3192.73
2.483e+06 3193.34
2.486e+06 3193.92
2.489e+06 3194.47
2.492e+06 3195.01
2.495e+06 3195.53
2.498e+06 3196.03
2.501e+06 3196.52
2.504e+06 3196.96
2.507e+06 3197.35
2.51e+06 3197.69
2.513e+06 3197.95
2.516e+06 3198.11
2.519e+06 3198.18
2.522e+06 3198.18
2.525e+06 3198.14
2.528e+06 3198.05
2.531e+06 3197.92
2.534e+06 3197.76
2.537e+06 3197.5
2.54e+06 3197.17
2.543e+06 3196.77
2.546e+06 3196.34
2.549e+06 3195.91
2.552e+06 3195.51
2.555e+06 3195.14
2.558e+06 3194.77
2.561e+06 3194.37
2.564e+06 3193.91
2.567e+06 3193.35
2.57e+06 3192.72
2.573e+06 3192.03
2.576e+06 3191.31
2.579e+06 3190.55
2.582e+06 3189.78
2.585e+06 3189.04
2.588e+06 3188.36
2.591e+06 3187.75
2.594e+06 3187.19
2.597e+06 3186.64
2.6e+06 3186.13
2.603e+06 3185.64
2.606e+06 3185.17
2.609e+06 3184.72
2.612e+06 3184.27
2.615e+06 3183.85
2.618e+06 3183.44
2.621e+06 3183.01
2.624e+06 3182.57
2.627e+06 3182.11
2.63e+06 3181.65
2.633e+06 3181.19
2.636e+06 3180.77
2.639e+06 3180.4
2.642e+06 3180.11
2.645e+06 3179.87
2.648e+06 3179.66
2.651e+06 3179.48
2.654e+06 3179.31
2.657e+06 3179.17
2.66e+06 3179.04
2.663e+06 3178.92
2.666e+06 3178.82
2.669e+06 3178.73
2.672e+06 3178.62
2.675e+06 3178.5
2.678e+06 3178.37
2.681e+06 3178.21
2.684e+06 3178
2.687e+06 3177.76
2.69e+06 3177.5
2.693e+06 3177.25
2.696e+06 3177.03
2.699e+06 3176.83
2.702e+06 3176.65
2.705e+06 3176.49
2.708e+06 3176.35
2.711e+06 3176.24
2.714e+06 3176.13
2.717e+06 3176.02
2.72e+06 3175.93
2.723e+06 3175.87
2.726e+06 3175.84
2.729e+06 3175.84
2.732e+06 3175.91
2.735e+06 3176.03
2.738e+06 3176.21
2.741e+06 3176.48
2.744e+06 3176.84
2.747e+06 3177.29
2.75e+06 3177.81
2.753e+06 3178.37
2.756e+06 3178.95
2.759e+06 3179.51
2.762e+06 3180.06
2.765e+06 3180.6
2.768e+06 3181.11
2.771e+06 3181.58
2.774e+06 3182.01
2.777e+06 3182.4
2.78e+06 3182.74
2.783e+06 3183.05
2.786e+06 3183.34
2.789e+06 3183.63
2.792e+06 3183.89
2.795e+06 3184.12
2.798e+06 3184.32
2.801e+06 3184.5
2.804e+06 3184.65
2.807e+06 3184.8
2.81e+06 3184.92
2.813e+06 3185.04
2.816e+06 3185.14
2.819e+06 3185.24
2.822e+06 3185.31
2.825e+06 3185.37
2.828e+06 3185.41
2.831e+06 3185.44
2.834e+06 3185.45
2.837e+06 3185.43
2.84e+06 3185.36
2.843e+06 3185.24
2.846e+06 3185.1
2.849e+06 3184.94
2.852e+06 3184.78
2.855e+06 3184.63
2.858e+06 3184.5
2.861e+06 3184.36
2.864e+06 3184.2
2.867e+06 3184.01
2.87e+06 3183.82
2.873e+06 3183.61
2.876e+06 3183.4
2.879e+06 3183.19
2.882e+06 3183.01
2.885e+06 3182.84
2.888e+06 3182.7
2.891e+06 3182.56
2.894e+06 3182.4
2.897e+06 3182.23
2.9e+06 3182.04
2.903e+06 3181.85
2.906e+06 3181.66
2.909e+06 3181.49
2.912e+06 3181.35
2.915e+06 3181.21
2.918e+06 3181.05
2.921e+06 3180.87
2.924e+06 3180.7
2.927e+06 3180.52
2.93e+06 3180.32
2.933e+06 3180.11
2.936e+06 3179.87
2.939e+06 3179.62
2.942e+06 3179.36
2.945e+06 3179.08
2.948e+06 3178.83
2.951e+06 3178.6
2.954e+06 3178.38
2.957e+06 3178.16
2.96e+06 3177.96
2.963e+06 3177.77
2.966e+06 3177.6
2.969e+06 3177.42
2.972e+06 3177.23
2.975e+06 3177.03
2.978e+06 3176.83
2.981e+06 3176.63
2.984e+06 3176.44
2.987e+06 3176.26
2.99e+06 3176.12
2.993e+06 3176.02
2.996e+06 3175.97
2.999e+06 3175.98
3.002e+06 3176.04
3.005e+06 3176.13
3.008e+06 3176.23
3.011e+06 3176.35
3.014e+06 3176.46
3.017e+06 3176.55
3.02e+06 3176.63
3.023e+06 3176.72
3.026e+06 3176.84
3.029e+06 3176.98
3.032e+06 3177.16
3.035e+06 3177.37
3.038e+06 3177.56
3.041e+06 3177.73
3.044e+06 3177.88
3.047e+06 3178.04
3.05e+06 3178.19
3.053e+06 3178.36
3.056e+06 3178.54
3.059e+06 3178.73
3.062e+06 3178.96
3.065e+06 3179.22
3.068e+06 3179.5
3.071e+06 3179.8
3.074e+06 3180.13
3.077e+06 3180.47
3.08e+06 3180.83
3.083e+06 3181.2
3.086e+06 3181.59
3.089e+06 3181.99
3.092e+06 3182.39
3.095e+06 3182.76
3.098e+06 3183.11
3.101e+06 3183.45
3.104e+06 3183.77
3.107e+06 3184.08
3.11e+06 3184.36
3.113e+06 3184.63
3.116e+06 3184.91
3.119e+06 3185.19
3.122e+06 3185.47
3.125e+06 3185.74
3.128e+06 3185.99
3.131e+06 3186.22
3.134e+06 3186.42
3.137e+06 3186.59
3.14e+06 3186.74
3.143e+06 3186.85
3.146e+06 3186.94
3.149e+06 3187.01
3.152e+06 3187.07
3.155e+06 3187.12
3.158e+06 3187.17
3.161e+06 3187.23
3.164e+06 3187.28
3.167e+06 3187.34
3.17e+06 3187.39
3.173e+06 3187.44
3.176e+06 3187.52
3.179e+06 3187.61
3.182e+06 3187.72
3.185e+06 3187.83
3.188e+06 3187.94
3.191e+06 3188.05
3.194e+06 3188.13
3.197e+06 3188.2
3.2e+06 3188.27
3.203e+06 3188.34
3.206e+06 3188.41
3.209e+06 3188.45
3.212e+06 3188.46
3.215e+06 3188.45
3.218e+06 3188.41
3.221e+06 3188.35
3.224e+06 3188.28
3.227e+06 3188.18
3.23e+06 3188.08
3.233e+06 3187.96
3.236e+06 3187.85
3.239e+06 3187.73
3.242e+06 3187.61
3.245e+06 3187.47
3.248e+06 3187.33
3.251e+06 3187.19
3.254e+06 3187.06
3.257e+06 3186.93
3.26e+06 3186.82
3.263e+06 3186.71
3.266e+06 3186.6
3.269e+06 3186.49
3.272e+06 3186.38
3.275e+06 3186.26
3.278e+06 3186.14
3.281e+06 3186.01
3.284e+06 3185.85
3.287e+06 3185.69
3.29e+06 3185.51
3.293e+06 3185.32
3.296e+06 3185.12
3.299e+06 3184.9
3.302e+06 3184.67
3.305e+06 3184.43
3.308e+06 3184.18
3.311e+06 3183.92
3.314e+06 3183.65
3.317e+06 3183.4
3.32e+06 3183.17
3.323e+06 3182.96
3.326e+06 3182.78
3.329e+06 3182.62
3.332e+06 3182.48
3.335e+06 3182.35
3.338e+06 3182.22
3.341e+06 3182.1
3.344e+06 3181.99
3.347e+06 3181.88
3.35e+06 3181.79
3.353e+06 3181.71
3.356e+06 3181.63
3.359e+06 3181.55
3.362e+06 3181.47
3.365e+06 3181.39
3.368e+06 3181.32
3.371e+06 3181.25
3.374e+06 3181.18
3.377e+06 3181.11
3.38e+06 3181.06
3.383e+06 3181.02
3.386e+06 3180.99
3.389e+06 3180.95
3.392e+06 3180.9
3.395e+06 3180.84
3.398e+06 3180.76
3.401e+06 3180.68
3.404e+06 3180.61
3.407e+06 3180.54
3.41e+06 3180.5
3.413e+06 3180.45
3.416e+06 3180.4
3.419e+06 3180.35
3.422e+06 3180.29
3.425e+06 3180.22
3.428e+06 3180.13
3.431e+06 3180.03
3.434e+06 3179.93
3.437e+06 3179.83
3.44e+06 3179.72
3.443e+06 3179.6
3.446e+06 3179.47
3.449e+06 3179.33
3.452e+06 3179.17
3.455e+06 3179
3.458e+06 3178.82
3.461e+06 3178.62
3.464e+06 3178.41
3.467e+06 3178.18
3.47e+06 3177.93
3.473e+06 3177.66
3.476e+06 3177.38
3.479e+06 3177.11
3.482e+06 3176.84
3.485e+06 3176.56
3.488e+06 3176.29
3.491e+06 3176.03
3.494e+06 3175.76
3.497e+06 3175.49
3.5e+06 3175.22
3.503e+06 3174.95
3.506e+06 3174.69
3.509e+06 3174.43
3.512e+06 3174.18
3.515e+06 3173.92
3.518e+06 3173.67
3.521e+06 3173.41
3.524e+06 3173.16
3.527e+06 3172.93
3.53e+06 3172.72
3.533e+06 3172.51
3.536e+06 3172.3
3.539e+06 3172.09
3.542e+06 3171.88
3.545e+06 3171.66
3.548e+06 3171.42
3.551e+06 3171.17
3.554e+06 3170.9
3.557e+06 3170.64
3.56e+06 3170.37
3.563e+06 3170.1
3.566e+06 3169.83
3.569e+06 3169.56
3.572e+06 3169.3
3.575e+06 3169.05
3.578e+06 3168.81
3.581e+06 3168.6
3.584e+06 3168.39
3.587e+06 3168.19
3.59e+06 3168
3.593e+06 3167.82
3.596e+06 3167.66
3.599e+06 3167.5
3.602e+06 3167.34
3.605e+06 3167.21
3.608e+06 3167.09
3.611e+06 3166.97
3.614e+06 3166.85
3.617e+06 3166.73
3.62e+06 3166.62
3.623e+06 3166.51
3.626e+06 3166.41
3.629e+06 3166.32
3.632e+06 3166.23
3.635e+06 3166.14
3.638e+06 3166.05
3.641e+06 3165.97
3.644e+06 3165.88
3.647e+06 3165.81
3.65e+06 3165.75
3.653e+06 3165.68
3.656e+06 3165.6
3.659e+06 3165.52
3.662e+06 3165.44
3.665e+06 3165.36
3.668e+06 3165.28
3.671e+06 3165.21
3.674e+06 3165.14
3.677e+06 3165.09
3.68e+06 3165.02
3.683e+06 3164.94
3.686e+06 3164.85
3.689e+06 3164.74
3.692e+06 3164.61
3.695e+06 3164.46
3.698e+06 3164.29
3.701e+06 3164.12
3.704e+06 3163.94
3.707e+06 3163.76
3.71e+06 3163.57
3.713e+06 3163.36
3.716e+06 3163.16
3.719e+06 3162.95
3.722e+06 3162.76
3.725e+06 3162.58
3.728e+06 3162.41
3.731e+06 3162.24
3.734e+06 3162.06
3.737e+06 3161.87
3.74e+06 3161.67
3.743e+06 3161.47
3.746e+06 3161.27
3.749e+06 3161.08
3.752e+06 3160.91
3.755e+06 3160.74
3.758e+06 3160.57
3.761e+06 3160.42
3.764e+06 3160.26
3.767e+06 3160.11
3.77e+06 3159.97
3.773e+06 3159.84
3.776e+06 3159.71
3.779e+06 3159.6
3.782e+06 3159.48
3.785e+06 3159.36
3.788e+06 3159.24
3.791e+06 3159.13
3.794e+06 3159.03
3.797e+06 3158.94
3.8e+06 3158.86
3.803e+06 3158.79
3.806e+06 3158.73
3.809e+06 3158.7
3.812e+06 3158.68
3.815e+06 3158.67
3.818e+06 3158.67
3.821e+06 3158.69
3.824e+06 3158.71
3.827e+06 3158.75
3.83e+06 3158.8
3.833e+06 3158.87
3.836e+06 3158.97
3.839e+06 3159.08
3.842e+06 3159.22
3.845e+06 3159.38
3.848e+06 3159.55
3.851e+06 3159.76
3.854e+06 3159.99
3.857e+06 3160.24
3.86e+06 3160.51
3.863e+06 3160.8
3.866e+06 3161.09
3.869e+06 3161.4
3.872e+06 3161.7
3.875e+06 3162.02
3.878e+06 3162.35
3.881e+06 3162.68
3.884e+06 3163.01
3.887e+06 3163.34
3.89e+06 3163.67
3.893e+06 3164.01
3.896e+06 3164.35
3.899e+06 3164.69
3.902e+06 3165.03
3.905e+06 3165.37
3.908e+06 3165.72
3.911e+06 3166.07
3.914e+06 3166.43
3.917e+06 3166.79
3.92e+06 3167.15
3.923e+06 3167.51
3.926e+06 3167.87
3.929e+06 3168.23
3.932e+06 3168.58
3.935e+06 3168.93
3.938e+06 3169.27
3.941e+06 3169.59
3.944e+06 3169.9
3.947e+06 3170.19
3.95e+06 3170.47
3.953e+06 3170.73
3.956e+06 3170.98
3.959e+06 3171.21
3.962e+06 3171.43
3.965e+06 3171.65
3.968e+06 3171.85
3.971e+06 3172.03
3.974e+06 3172.19
3.977e+06 3172.34
3.98e+06 3172.48
3.983e+06 3172.61
3.986e+06 3172.72
3.989e+06 3172.8
3.992e+06 3172.86
3.995e+06 3172.89
3.998e+06 3172.9
4.001e+06 3172.9
4.004e+06 3172.89
4.007e+06 3172.89
4.01e+06 3172.89
4.013e+06 3172.89
4.016e+06 3172.88
4.019e+06 3172.88
4.022e+06 3172.88
4.025e+06 3172.87
4.028e+06 3172.85
4.031e+06 3172.85
4.034e+06 3172.85
4.037e+06 3172.86
4.04e+06 3172.85
4.043e+06 3172.83
4.046e+06 3172.8
4.049e+06 3172.76
4.052e+06 3172.71
4.055e+06 3172.65
4.058e+06 3172.59
4.061e+06 3172.52
4.064e+06 3172.46
4.067e+06 3172.39
4.07e+06 3172.31
4.073e+06 3172.23
4.076e+06 3172.14
4.079e+06 3172.04
4.082e+06 3171.95
4.085e+06 3171.85
4.088e+06 3171.74
4.091e+06 3171.62
4.094e+06 3171.5
4.097e+06 3171.38
4.1e+06 3171.26
4.103e+06 3171.15
4.106e+06 3171.04
4.109e+06 3170.94
4.112e+06 3170.84
4.115e+06 3170.73
4.118e+06 3170.63
4.121e+06 3170.52
4.124e+06 3170.42
4.127e+06 3170.31
4.13e+06 3170.19
4.133e+06 3170.08
4.136e+06 3169.96
4.139e+06 3169.84
4.142e+06 3169.73
4.145e+06 3169.63
4.148e+06 3169.53
4.151e+06 3169.44
4.154e+06 3169.35
4.157e+06 3169.28
4.16e+06 3169.22
4.163e+06 3169.16
4.166e+06 3169.1
4.169e+06 3169.04
4.172e+06 3168.97
4.175e+06 3168.9
4.178e+06 3168.82
4.181e+06 3168.73
4.184e+06 3168.63
4.187e+06 3168.54
4.19e+06 3168.45
4.193e+06 3168.37
4.196e+06 3168.31
4.199e+06 3168.26
4.202e+06 3168.21
4.205e+06 3168.16
4.208e+06 3168.11
4.211e+06 3168.06
4.214e+06 3168
4.217e+06 3167.94
4.22e+06 3167.87
4.223e+06 3167.8
4.226e+06 3167.73
4.229e+06 3167.66
4.232e+06 3167.57
4.235e+06 3167.46
4.238e+06 3167.34
4.241e+06 3167.21
4.244e+06 3167.06
4.247e+06 3166.91
4.25e+06 3166.75
4.253e+06 3166.57
4.256e+06 3166.39
4.259e+06 3166.21
4.262e+06 3166.02
4.265e+06 3165.83
4.268e+06 3165.63
4.271e+06 3165.43
4.274e+06 3165.22
4.277e+06 3165
4.28e+06 3164.79
4.283e+06 3164.57
4.286e+06 3164.35
4.289e+06 3164.12
4.292e+06 3163.89
4.295e+06 3163.67
4.298e+06 3163.46
4.301e+06 3163.25
4.304e+06 3163.04
4.307e+06 3162.83
4.31e+06 3162.61
4.313e+06 3162.39
4.316e+06 3162.17
4.319e+06 3161.95
4.322e+06 3161.72
4.325e+06 3161.5
4.328e+06 3161.28
4.331e+06 3161.05
4.334e+06 3160.82
4.337e+06 3160.59
4.34e+06 3160.36
4.343e+06 3160.14
4.346e+06 3159.92
4.349e+06 3159.71
4.352e+06 3159.5
4.355e+06 3159.3
4.358e+06 3159.1
4.361e+06 3158.89
4.364e+06 3158.67
4.367e+06 3158.45
4.37e+06 3158.22
4.373e+06 3158
4.376e+06 3157.77
4.379e+06 3157.54
4.382e+06 3157.31
4.385e+06 3157.07
4.388e+06 3156.84
4.391e+06 3156.6
4.394e+06 3156.37
4.397e+06 3156.15
4.4e+06 3155.93
4.403e+06 3155.72
4.406e+06 3155.52
4.409e+06 3155.33
4.412e+06 3155.16
4.415e+06 3154.99
4.418e+06 3154.82
4.421e+06 3154.67
4.424e+06 3154.52
4.427e+06 3154.38
4.43e+06 3154.23
4.433e+06 3154.08
4.436e+06 3153.94
4.439e+06 3153.8
4.442e+06 3153.67
4.445e+06 3153.54
4.448e+06 3153.41
4.451e+06 3153.28
4.454e+06 3153.15
4.457e+06 3153.01
4.46e+06 3152.87
4.463e+06 3152.74
4.466e+06 3152.6
4.469e+06 3152.46
4.472e+06 3152.33
4.475e+06 3152.19
4.478e+06 3152.03
4.481e+06 3151.86
4.484e+06 3151.68
4.487e+06 3151.49
4.49e+06 3151.27
4.493e+06 3151.05
4.496e+06 3150.82
4.499e+06 3150.59
4.502e+06 3150.34
4.505e+06 3150.08
4.508e+06 3149.82
4.511e+06 3149.54
4.514e+06 3149.26
4.517e+06 3148.98
4.52e+06 3148.69
4.523e+06 3148.41
4.526e+06 3148.12
4.529e+06 3147.84
4.532e+06 3147.57
4.535e+06 3147.3
4.538e+06 3147.03
4.541e+06 3146.75
4.544e+06 3146.47
4.547e+06 3146.18
4.55e+06 3145.89
4.553e+06 3145.59
4.556e+06 3145.27
4.559e+06 3144.95
4.562e+06 3144.61
4.565e+06 3144.27
4.568e+06 3143.92
4.571e+06 3143.56
4.574e+06 3143.22
4.577e+06 3142.87
4.58e+06 3142.53
4.583e+06 3142.2
4.586e+06 3141.88
4.589e+06 3141.56
4.592e+06 3141.25
4.595e+06 3140.96
4.598e+06 3140.66
4.601e+06 3140.37
4.604e+06 3140.07
4.607e+06 3139.77
4.61e+06 3139.48
4.613e+06 3139.18
4.616e+06 3138.89
4.619e+06 3138.59
4.622e+06 3138.31
4.625e+06 3138.03
4.628e+06 3137.77
4.631e+06 3137.52
4.634e+06 3137.28
4.637e+06 3137.06
4.64e+06 3136.84
4.643e+06 3136.63
4.646e+06 3136.41
4.649e+06 3136.2
4.652e+06 3135.99
4.655e+06 3135.76
4.658e+06 3135.54
4.661e+06 3135.32
4.664e+06 3135.11
4.667e+06 3134.91
4.67e+06 3134.72
4.673e+06 3134.54
4.676e+06 3134.37
4.679e+06 3134.2
4.682e+06 3134.03
4.685e+06 3133.87
4.688e+06 3133.72
4.691e+06 3133.57
4.694e+06 3133.42
4.697e+06 3133.28
4.7e+06 3133.14
4.703e+06 3133
4.706e+06 3132.85
4.709e+06 3132.71
4.712e+06 3132.57
4.715e+06 3132.42
4.718e+06 3132.27
4.721e+06 3132.12
4.724e+06 3131.96
4.727e+06 3131.8
4.73e+06 3131.64
4.733e+06 3131.49
4.736e+06 3131.34
4.739e+06 3131.19
4.742e+06 3131.05
4.745e+06 3130.91
4.748e+06 3130.77
4.751e+06 3130.62
4.754e+06 3130.47
4.757e+06 3130.32
4.76e+06 3130.16
4.763e+06 3130
4.766e+06 3129.82
4.769e+06 3129.64
4.772e+06 3129.45
4.775e+06 3129.25
4.778e+06 3129.05
4.781e+06 3128.84
4.784e+06 3128.63
4.787e+06 3128.42
4.79e+06 3128.2
4.793e+06 3127.99
4.796e+06 3127.79
4.799e+06 3127.59
4.802e+06 3127.4
4.805e+06 3127.21
4.808e+06 3127.03
4.811e+06 3126.85
4.814e+06 3126.67
4.817e+06 3126.5
4.82e+06 3126.33
4.823e+06 3126.16
4.826e+06 3125.99
4.829e+06 3125.83
4.832e+06 3125.67
4.835e+06 3125.51
4.838e+06 3125.35
4.841e+06 3125.18
4.844e+06 3125.02
4.847e+06 3124.86
4.85e+06 3124.7
4.853e+06 3124.55
4.856e+06 3124.41
4.859e+06 3124.28
4.862e+06 3124.16
4.865e+06 3124.04
4.868e+06 3123.93
4.871e+06 3123.82
4.874e+06 3123.7
4.877e+06 3123.58
4.88e+06 3123.46
4.883e+06 3123.35
4.886e+06 3123.24
4.889e+06 3123.12
4.892e+06 3123.01
4.895e+06 3122.89
4.898e+06 3122.77
4.901e+06 3122.66
4.904e+06 3122.54
4.907e+06 3122.42
4.91e+06 3122.3
4.913e+06 3122.17
4.916e+06 3122.04
4.919e+06 3121.9
4.922e+06 3121.77
4.925e+06 3121.63
4.928e+06 3121.49
4.931e+06 3121.35
4.934e+06 3121.22
4.937e+06 3121.08
4.94e+06 3120.94
4.943e+06 3120.8
4.946e+06 3120.65
4.949e+06 3120.52
4.952e+06 3120.39
4.955e+06 3120.26
4.958e+06 3120.14
4.961e+06 3120.04
4.964e+06 3119.95
4.967e+06 3119.88
4.97e+06 3119.82
4.973e+06 3119.76
4.976e+06 3119.71
4.979e+06 3119.66
4.982e+06 3119.62
4.985e+06 3119.58
4.988e+06 3119.53
4.991e+06 3119.49
4.994e+06 3119.46
4.997e+06 3119.44
