100000 2257.45
104900 2229.89
109800 2201.64
114700 2196.1
119600 2202.93
124500 2217.83
129400 2191.71
134300 2135.54
139200 2076.51
144100 2068.54
149000 2107.26
153900 2126.95
158800 2109.22
163700 2061.32
168600 2044.09
173500 2038.4
178400 2069.38
183300 2115.94
188200 2172.6
193100 2251.79
198000 2322.56
202900 2406.94
207800 2464.1
212700 2502.57
217600 2472.83
222500 2407.85
227400 2362.81
232300 2379.96
237200 2449
242100 2546.42
247000 2653.11
251900 2751.59
256800 2826.34
261700 2901.67
266600 2900.2
271500 2882.45
276400 2856.57
281300 2805.08
286200 2787.15
291100 2744.54
296000 2683.79
300900 2658.37
305800 2653.34
310700 2664.23
315600 2669.37
320500 2670.74
325400 2659.14
330300 2645.2
335200 2635.44
340100 2625.29
345000 2606.59
349900 2571.72
354800 2508.24
359700 2442.49
364600 2414.78
369500 2397.8
374400 2393.21
379300 2397.46
384200 2414.95
389100 2447.09
394000 2482.12
398900 2489.93
403800 2480.17
408700 2497.98
413600 2536.45
418500 2616.37
423400 2693.05
428300 2750.7
433200 2821.16
438100 2885.52
443000 2915.26
447900 2918.59
452800 2916.06
457700 2922.93
462600 2952.8
467500 2986.88
472400 3040.31
477300 3112.15
482200 3166.06
487100 3236.62
492000 3240.63
496900 3221.84
501800 3203.45
506700 3182.49
511600 3159.09
516500 3134
521400 3113.36
526300 3109.54
531200 3135.49
536100 3178.28
541000 3243.42
545900 3310.43
550800 3372.52
555700 3421.14
560600 3482.59
565500 3514.06
570400 3526.1
575300 3537.94
580200 3530.04
585100 3517.24
590000 3481.52
594900 3442.54
599800 3412.94
604700 3392.91
609600 3372.35
614500 3355.02
619400 3382.4
624300 3445.57
629200 3469.61
634100 3492.61
639000 3537.16
643900 3569.24
648800 3583.56
653700 3613.37
658600 3659.8
663500 3667.4
668400 3668.25
673300 3642.65
678200 3657.19
683100 3674.49
688000 3726.1
692900 3742.22
697800 3737.96
702700 3736
707600 3733.49
712500 3729.73
717400 3713.78
722300 3695.88
727200 3682.64
732100 3669.97
737000 3652.92
741900 3626.94
746800 3611.86
751700 3623.24
756600 3639.01
761500 3646.4
766400 3669.46
771300 3690.4
776200 3703.55
781100 3710.05
786000 3715.73
790900 3725.21
795800 3728.58
800700 3747.71
805600 3730.07
810500 3719.25
815400 3685.1
820300 3639.02
825200 3601.56
830100 3571.09
835000 3553.84
839900 3548.22
844800 3555.45
849700 3558.95
854600 3543.42
859500 3523.84
864400 3504.57
869300 3492.17
874200 3481.69
879100 3487.45
884000 3497.07
888900 3524.22
893800 3544.31
898700 3556.06
903600 3551.05
908500 3558.11
913400 3579.71
918300 3602.27
923200 3603.94
928100 3616.95
933000 3637.85
937900 3656.34
942800 3675.02
947700 3682.69
952600 3702.1
957500 3713.9
962400 3726.34
967300 3723.93
972200 3726.41
977100 3727.05
982000 3723.64
986900 3711.4
991800 3699.33
996700 3689.62
1.0016e+06 3680.6
1.0065e+06 3674.7
1.0114e+06 3670.84
1.0163e+06 3671.45
1.0212e+06 3668.42
1.0261e+06 3679.67
1.031e+06 3688.74
1.0359e+06 3698.28
1.0408e+06 3700.38
1.0457e+06 3710.03
1.0506e+06 3724.6
1.0555e+06 3727.78
1.0604e+06 3707.68
1.0653e+06 3674.58
1.0702e+06 3634.45
1.0751e+06 3579.87
1.08e+06 3517.56
1.0849e+06 3469.87
1.0898e+06 3432.49
1.0947e+06 3430.25
1.0996e+06 3438.03
1.1045e+06 3461.38
1.1094e+06 3493.03
1.1143e+06 3508.55
1.1192e+06 3516.17
1.1241e+06 3534.86
1.129e+06 3573.98
1.1339e+06 3595.22
1.1388e+06 3607.36
1.1437e+06 3610.66
1.1486e+06 3588.27
1.1535e+06 3543.85
1.1584e+06 3505.93
1.1633e+06 3480.53
1.1682e+06 3496.77
1.1731e+06 3503.24
1.178e+06 3501.36
1.1829e+06 3517.9
1.1878e+06 3548.32
1.1927e+06 3576.23
1.1976e+06 3593.17
1.2025e+06 3611
1.2074e+06 3639.19
1.2123e+06 3670.17
1.2172e+06 3684.38
1.2221e+06 3675.46
1.227e+06 3657.77
1.2319e+06 3654.03
1.2368e+06 3638.36
1.2417e+06 3616.43
1.2466e+06 3568.52
1.2515e+06 3528.71
1.2564e+06 3497.69
1.2613e+06 3486.16
1.2662e+06 3473.71
1.2711e+06 3454.68
1.276e+06 3444.04
1.2809e+06 3456.29
1.2858e+06 3475.05
1.2907e+06 3488.83
1.2956e+06 3508.26
1.3005e+06 3520.84
1.3054e+06 3525.66
1.3103e+06 3536.29
1.3152e+06 3538.82
1.3201e+06 3535.5
1.325e+06 3522.43
1.3299e+06 3491.04
1.3348e+06 3462.34
1.3397e+06 3440.01
1.3446e+06 3425.82
1.3495e+06 3425.84
1.3544e+06 3429.06
1.3593e+06 3437.19
1.3642e+06 3443
1.3691e+06 3462.69
1.374e+06 3478.47
1.3789e+06 3494.52
1.3838e+06 3529.04
1.3887e+06 3568.41
1.3936e+06 3563.54
1.3985e+06 3554.81
1.4034e+06 3550.09
1.4083e+06 3536.58
1.4132e+06 3540.26
1.4181e+06 3556.05
1.423e+06 3531.46
1.4279e+06 3515.93
1.4328e+06 3493.15
1.4377e+06 3469.16
1.4426e+06 3436.16
1.4475e+06 3437.01
1.4524e+06 3449.85
1.4573e+06 3461.66
1.4622e+06 3464.92
1.4671e+06 3470.31
1.472e+06 3475.55
1.4769e+06 3482.75
1.4818e+06 3472.25
1.4867e+06 3465.74
1.4916e+06 3449.93
1.4965e+06 3434.73
1.5014e+06 3410.44
1.5063e+06 3393.63
1.5112e+06 3371.79
1.5161e+06 3344.93
1.521e+06 3322.75
1.5259e+06 3304.01
1.5308e+06 3287.27
1.5357e+06 3263.38
1.5406e+06 3254.5
1.5455e+06 3272.57
1.5504e+06 3281.15
1.5553e+06 3280.82
1.5602e+06 3283.55
1.5651e+06 3286.84
1.57e+06 3289.09
1.5749e+06 3289.62
1.5798e+06 3297.64
1.5847e+06 3288.12
1.5896e+06 3266.53
1.5945e+06 3253.79
1.5994e+06 3249.02
1.6043e+06 3249.41
1.6092e+06 3231.95
1.6141e+06 3216
1.619e+06 3205.25
1.6239e+06 3196.08
1.6288e+06 3223.45
1.6337e+06 3249.13
1.6386e+06 3247.54
1.6435e+06 3237.18
1.6484e+06 3219.11
1.6533e+06 3192.63
1.6582e+06 3166.5
1.6631e+06 3148.15
1.668e+06 3147.78
1.6729e+06 3144.86
1.6778e+06 3143.7
1.6827e+06 3150.57
1.6876e+06 3150.93
1.6925e+06 3154.94
1.6974e+06 3161.48
1.7023e+06 3185.56
1.7072e+06 3192.54
1.7121e+06 3197.59
1.717e+06 3197.36
1.7219e+06 3205.45
1.7268e+06 3229.38
1.7317e+06 3247.9
1.7366e+06 3255.03
1.7415e+06 3257.6
1.7464e+06 3253.84
1.7513e+06 3253.76
1.7562e+06 3258.52
1.7611e+06 3257.74
1.766e+06 3241.41
1.7709e+06 3219.3
1.7758e+06 3192.67
1.7807e+06 3169.6
1.7856e+06 3152.9
1.7905e+06 3141.87
1.7954e+06 3140.73
1.8003e+06 3130.9
1.8052e+06 3120.85
1.8101e+06 3118.65
1.815e+06 3099.96
1.8199e+06 3085.81
1.8248e+06 3078.96
1.8297e+06 3070.08
1.8346e+06 3060.44
1.8395e+06 3049.78
1.8444e+06 3019.85
1.8493e+06 2989.44
1.8542e+06 2976.34
1.8591e+06 2976.47
1.864e+06 2979.28
1.8689e+06 2978.51
1.8738e+06 2984.28
1.8787e+06 2993.31
1.8836e+06 3001.47
1.8885e+06 3014.16
1.8934e+06 3017.17
1.8983e+06 3019.28
1.9032e+06 3018.93
1.9081e+06 3012.56
1.913e+06 3000.9
1.9179e+06 2987.7
1.9228e+06 2987.31
1.9277e+06 2985.21
1.9326e+06 2988.2
1.9375e+06 2993.99
1.9424e+06 2991.79
1.9473e+06 2986.49
1.9522e+06 2974.64
1.9571e+06 2981.23
1.962e+06 2975.47
1.9669e+06 2955.93
1.9718e+06 2926.74
1.9767e+06 2893.07
1.9816e+06 2872.71
1.9865e+06 2864.4
1.9914e+06 2868.99
1.9963e+06 2882.41
2.0012e+06 2895.6
2.0061e+06 2903.31
2.011e+06 2917.83
2.0159e+06 2933.89
2.0208e+06 2953.43
2.0257e+06 2953.22
2.0306e+06 2964.5
2.0355e+06 2974.24
2.0404e+06 2981.43
2.0453e+06 2989.13
2.0502e+06 2997.12
2.0551e+06 2992.23
2.06e+06 2987.12
2.0649e+06 2977.28
2.0698e+06 2958.31
2.0747e+06 2953.06
2.0796e+06 2953.31
2.0845e+06 2957.08
2.0894e+06 2967.42
2.0943e+06 2987.76
2.0992e+06 2988.69
2.1041e+06 2994.41
2.109e+06 3004.4
2.1139e+06 3013.49
2.1188e+06 3016.36
2.1237e+06 3021.61
2.1286e+06 3042.71
2.1335e+06 3064.22
2.1384e+06 3074.36
2.1433e+06 3075.9
2.1482e+06 3082.13
2.1531e+06 3072.91
2.158e+06 3067.11
2.1629e+06 3057.12
2.1678e+06 3045.33
2.1727e+06 3036.71
2.1776e+06 3029.9
2.1825e+06 3023.33
2.1874e+06 3010.26
2.1923e+06 3005.58
2.1972e+06 3002.51
2.2021e+06 2989.88
2.207e+06 2986
2.2119e+06 2990.21
2.2168e+06 2988.15
2.2217e+06 2987.87
2.2266e+06 2996.43
2.2315e+06 3000.92
2.2364e+06 3001.39
2.2413e+06 2992.87
2.2462e+06 2993.91
2.2511e+06 2996.37
2.256e+06 3002.61
2.2609e+06 3007.55
2.2658e+06 3000.86
2.2707e+06 2979.78
2.2756e+06 2962.97
2.2805e+06 2953.69
2.2854e+06 2955.21
2.2903e+06 2946.65
2.2952e+06 2937.41
2.3001e+06 2937.75
2.305e+06 2933.86
2.3099e+06 2942.28
2.3148e+06 2950.65
2.3197e+06 2950.28
2.3246e+06 2963.13
2.3295e+06 2971.72
2.3344e+06 2979.91
2.3393e+06 2979.97
2.3442e+06 2971.9
2.3491e+06 2971.61
2.354e+06 2971.44
2.3589e+06 2966.83
2.3638e+06 2969.07
2.3687e+06 2979.79
2.3736e+06 2989.42
2.3785e+06 2988.59
2.3834e+06 2988.35
2.3883e+06 2995.64
2.3932e+06 3006.32
2.3981e+06 3022.4
2.403e+06 3028.79
2.4079e+06 3027.76
2.4128e+06 3020.02
2.4177e+06 3012.34
2.4226e+06 2997.29
2.4275e+06 2984.74
2.4324e+06 2980.38
2.4373e+06 2973.34
2.4422e+06 2968.43
2.4471e+06 2963.17
2.452e+06 2958.09
2.4569e+06 2962.95
2.4618e+06 2961.49
2.4667e+06 2959.97
2.4716e+06 2962.57
2.4765e+06 2975.67
2.4814e+06 3001.28
2.4863e+06 3019.28
2.4912e+06 3020.25
2.4961e+06 3024.77
2.501e+06 3043.44
2.5059e+06 3053.12
2.5108e+06 3059.91
2.5157e+06 3076.65
2.5206e+06 3087.47
2.5255e+06 3094.29
2.5304e+06 3091
2.5353e+06 3087.31
2.5402e+06 3085.81
2.5451e+06 3096.15
2.55e+06 3105.68
2.5549e+06 3112.12
2.5598e+06 3113.78
2.5647e+06 3119.07
2.5696e+06 3109.42
2.5745e+06 3103.8
2.5794e+06 3105.41
2.5843e+06 3111.67
2.5892e+06 3119.65
2.5941e+06 3122.04
2.599e+06 3130.43
2.6039e+06 3137.89
2.6088e+06 3139.72
2.6137e+06 3133.71
2.6186e+06 3123.57
2.6235e+06 3111.58
2.6284e+06 3097.01
2.6333e+06 3098.45
2.6382e+06 3104.03
2.6431e+06 3102.06
2.648e+06 3098.59
2.6529e+06 3099.76
2.6578e+06 3097.06
2.6627e+06 3102.33
2.6676e+06 3112.36
2.6725e+06 3119.64
2.6774e+06 3138.59
2.6823e+06 3160.65
2.6872e+06 3183.18
2.6921e+06 3209.66
2.697e+06 3233.39
2.7019e+06 3246.15
2.7068e+06 3262.46
2.7117e+06 3271.62
2.7166e+06 3278.52
2.7215e+06 3290.31
2.7264e+06 3281.62
2.7313e+06 3263.97
2.7362e+06 3247.9
2.7411e+06 3224.68
2.746e+06 3216.87
2.7509e+06 3216.08
2.7558e+06 3218.52
2.7607e+06 3214.05
2.7656e+06 3216.28
2.7705e+06 3220.39
2.7754e+06 3231.45
2.7803e+06 3240.32
2.7852e+06 3235.88
2.7901e+06 3233.7
2.795e+06 3233.54
2.7999e+06 3239.51
2.8048e+06 3247.57
2.8097e+06 3251.65
2.8146e+06 3251.36
2.8195e+06 3252.69
2.8244e+06 3239.2
2.8293e+06 3224.67
2.8342e+06 3217.02
2.8391e+06 3206.97
2.844e+06 3191.21
2.8489e+06 3178.25
2.8538e+06 3160.1
2.8587e+06 3140.49
2.8636e+06 3128.16
2.8685e+06 3117.1
2.8734e+06 3109.02
2.8783e+06 3103.47
2.8832e+06 3088.49
2.8881e+06 3076.46
2.893e+06 3071.84
2.8979e+06 3067.28
2.9028e+06 3067.62
2.9077e+06 3059.73
2.9126e+06 3057.67
2.9175e+06 3055.03
2.9224e+06 3045.58
2.9273e+06 3037.41
2.9322e+06 3037.51
2.9371e+06 3036.06
2.942e+06 3024.55
2.9469e+06 3019.28
2.9518e+06 3016.67
2.9567e+06 3014.88
2.9616e+06 3009.97
2.9665e+06 3002.88
2.9714e+06 2999.44
2.9763e+06 2994.78
2.9812e+06 2982.94
2.9861e+06 2971.95
2.991e+06 2965.85
2.9959e+06 2966.1
3.0008e+06 2971.1
3.0057e+06 2969.72
3.0106e+06 2962.03
3.0155e+06 2957.92
3.0204e+06 2956.57
3.0253e+06 2956.57
3.0302e+06 2952.8
3.0351e+06 2939.16
3.04e+06 2922.77
3.0449e+06 2909.16
3.0498e+06 2896.17
3.0547e+06 2884.62
3.0596e+06 2882.83
3.0645e+06 2895.27
3.0694e+06 2907.28
3.0743e+06 2909.74
3.0792e+06 2901.12
3.0841e+06 2884.92
3.089e+06 2862.37
3.0939e+06 2849.55
3.0988e+06 2846.46
3.1037e+06 2854.26
3.1086e+06 2865.2
3.1135e+06 2878.98
3.1184e+06 2892.81
3.1233e+06 2904.23
3.1282e+06 2910.57
3.1331e+06 2915.19
3.138e+06 2920.23
3.1429e+06 2923.13
3.1478e+06 2937.65
3.1527e+06 2938.78
3.1576e+06 2937.36
3.1625e+06 2943.17
3.1674e+06 2955.91
3.1723e+06 2959.27
3.1772e+06 2953.87
3.1821e+06 2962.9
3.187e+06 2974.71
3.1919e+06 2991.42
3.1968e+06 3003.7
3.2017e+06 3016.87
3.2066e+06 3025.13
3.2115e+06 3023.82
3.2164e+06 3016.1
3.2213e+06 3004.4
3.2262e+06 2995.12
3.2311e+06 2993.19
3.236e+06 2994.68
3.2409e+06 2996.91
3.2458e+06 2992.45
3.2507e+06 2985.7
3.2556e+06 2970.5
3.2605e+06 2962.43
3.2654e+06 2965.13
3.2703e+06 2964.83
3.2752e+06 2965.43
3.2801e+06 2963.45
3.285e+06 2977.58
3.2899e+06 2994.47
3.2948e+06 3010.24
3.2997e+06 3017.46
3.3046e+06 3014.23
3.3095e+06 3011.92
3.3144e+06 3009.72
3.3193e+06 3005.08
3.3242e+06 3006.36
3.3291e+06 3008.14
3.334e+06 3008.15
3.3389e+06 3011.94
3.3438e+06 3019.58
3.3487e+06 3027.79
3.3536e+06 3035.28
3.3585e+06 3036.66
3.3634e+06 3037.82
3.3683e+06 3037.82
3.3732e+06 3019.09
3.3781e+06 3009.71
3.383e+06 3001.05
3.3879e+06 2997.69
3.3928e+06 2993.91
3.3977e+06 2996.2
3.4026e+06 3002.58
3.4075e+06 3005.7
3.4124e+06 3015.73
3.4173e+06 3034.36
3.4222e+06 3045.89
3.4271e+06 3054.35
3.432e+06 3058.77
3.4369e+06 3053.65
3.4418e+06 3045.6
3.4467e+06 3038.69
3.4516e+06 3039.03
3.4565e+06 3041.35
3.4614e+06 3044.8
3.4663e+06 3042.72
3.4712e+06 3034.93
3.4761e+06 3033.43
3.481e+06 3036.66
3.4859e+06 3021.91
3.4908e+06 3014.18
3.4957e+06 3006.98
3.5006e+06 2995.26
3.5055e+06 2972.07
3.5104e+06 2961.38
3.5153e+06 2950.59
3.5202e+06 2933.66
3.5251e+06 2916.28
3.53e+06 2901.92
3.5349e+06 2893.79
3.5398e+06 2891.91
3.5447e+06 2890.59
3.5496e+06 2897.22
3.5545e+06 2899.89
3.5594e+06 2897.14
3.5643e+06 2886.9
3.5692e+06 2882.86
3.5741e+06 2883.82
3.579e+06 2889.5
3.5839e+06 2898.99
3.5888e+06 2909.84
3.5937e+06 2918.85
3.5986e+06 2927.7
3.6035e+06 2941.46
3.6084e+06 2969
3.6133e+06 2990.78
3.6182e+06 3008.69
3.6231e+06 3021.14
3.628e+06 3036.42
3.6329e+06 3047.55
3.6378e+06 3055.74
3.6427e+06 3065.03
3.6476e+06 3063.24
3.6525e+06 3044.2
3.6574e+06 3033.47
3.6623e+06 3016.46
3.6672e+06 2999.35
3.6721e+06 2989.94
3.677e+06 2983.16
3.6819e+06 2976.97
3.6868e+06 2971.79
3.6917e+06 2971.06
3.6966e+06 2976.79
3.7015e+06 2986.63
3.7064e+06 3003.27
3.7113e+06 3022.29
3.7162e+06 3025.04
3.7211e+06 3035.01
3.726e+06 3039
3.7309e+06 3050.58
3.7358e+06 3067.85
3.7407e+06 3083.69
3.7456e+06 3095.9
3.7505e+06 3109.13
3.7554e+06 3110.55
3.7603e+06 3099.46
3.7652e+06 3085.57
3.7701e+06 3067.07
3.775e+06 3051.44
3.7799e+06 3042.81
3.7848e+06 3030.67
3.7897e+06 3015.78
3.7946e+06 3000.5
3.7995e+06 2985.04
3.8044e+06 2983.27
3.8093e+06 2990.54
3.8142e+06 3000.83
3.8191e+06 3014.29
3.824e+06 3027.17
3.8289e+06 3036.07
3.8338e+06 3035.4
3.8387e+06 3029.87
3.8436e+06 3026.56
3.8485e+06 3023.9
3.8534e+06 3022.47
3.8583e+06 3019.47
3.8632e+06 3020.63
3.8681e+06 3016.87
3.873e+06 3022.79
3.8779e+06 3031.61
3.8828e+06 3045.78
3.8877e+06 3059.36
3.8926e+06 3068.74
3.8975e+06 3074.86
3.9024e+06 3079.9
3.9073e+06 3086.41
3.9122e+06 3092.73
3.9171e+06 3087.38
3.922e+06 3087.2
3.9269e+06 3091.97
3.9318e+06 3098.56
3.9367e+06 3118.67
3.9416e+06 3142.57
3.9465e+06 3162.35
3.9514e+06 3172.17
3.9563e+06 3175.86
3.9612e+06 3176.92
3.9661e+06 3176.6
3.971e+06 3177.19
3.9759e+06 3178.95
3.9808e+06 3187.6
3.9857e+06 3196.01
3.9906e+06 3210.4
3.9955e+06 3218.5
4.0004e+06 3222.17
4.0053e+06 3221.54
4.0102e+06 3221.8
4.0151e+06 3229.35
4.02e+06 3227.13
4.0249e+06 3218.9
4.0298e+06 3218.91
4.0347e+06 3215.41
4.0396e+06 3211.4
4.0445e+06 3200
4.0494e+06 3185.16
4.0543e+06 3160.76
4.0592e+06 3152.45
4.0641e+06 3148.46
4.069e+06 3145.15
4.0739e+06 3151.95
4.0788e+06 3151.11
4.0837e+06 3153.07
4.0886e+06 3151.74
4.0935e+06 3142.1
4.0984e+06 3133.19
4.1033e+06 3128.89
4.1082e+06 3116.78
4.1131e+06 3091.61
4.118e+06 3073
4.1229e+06 3064.38
4.1278e+06 3046.78
4.1327e+06 3026.23
4.1376e+06 3010.32
4.1425e+06 3003.57
4.1474e+06 3003.46
4.1523e+06 2995.18
4.1572e+06 2990.79
4.1621e+06 2991.56
4.167e+06 2996.39
4.1719e+06 2998
4.1768e+06 3002.09
4.1817e+06 3010.05
4.1866e+06 3003.08
4.1915e+06 2997.61
4.1964e+06 2985.22
4.2013e+06 2987.43
4.2062e+06 2988.8
4.2111e+06 2980.86
4.216e+06 2970.53
4.2209e+06 2961.84
4.2258e+06 2950.11
4.2307e+06 2945.53
4.2356e+06 2941.24
4.2405e+06 2931.41
4.2454e+06 2927.46
4.2503e+06 2920.69
4.2552e+06 2916.64
4.2601e+06 2912.09
4.265e+06 2908.93
4.2699e+06 2899.3
4.2748e+06 2887.97
4.2797e+06 2876.34
4.2846e+06 2869.03
4.2895e+06 2872.79
4.2944e+06 2882.87
4.2993e+06 2889.66
4.3042e+06 2901.98
4.3091e+06 2915.52
4.314e+06 2915.02
4.3189e+06 2913.94
4.3238e+06 2906.9
4.3287e+06 2896.03
4.3336e+06 2891.9
4.3385e+06 2894.71
4.3434e+06 2907.07
4.3483e+06 2922.16
4.3532e+06 2934.07
4.3581e+06 2949.54
4.363e+06 2954.32
4.3679e+06 2946.7
4.3728e+06 2940.57
4.3777e+06 2941.82
4.3826e+06 2943.95
4.3875e+06 2952.33
4.3924e+06 2960.5
4.3973e+06 2966.42
4.4022e+06 2965.64
4.4071e+06 2961.84
4.412e+06 2965.08
4.4169e+06 2973.72
4.4218e+06 2984.46
4.4267e+06 2997.42
4.4316e+06 3004.43
4.4365e+06 3011.47
4.4414e+06 3019.76
4.4463e+06 3023.43
4.4512e+06 3021.4
4.4561e+06 3017.29
4.461e+06 3018.69
4.4659e+06 3031.01
4.4708e+06 3055.14
4.4757e+06 3084.78
4.4806e+06 3101.89
4.4855e+06 3115.85
4.4904e+06 3123.99
4.4953e+06 3143.63
4.5002e+06 3164.67
4.5051e+06 3180.54
4.51e+06 3189.31
4.5149e+06 3188.93
4.5198e+06 3195.41
4.5247e+06 3205
4.5296e+06 3212.88
4.5345e+06 3222.71
4.5394e+06 3237.15
4.5443e+06 3253.26
4.5492e+06 3263.26
4.5541e+06 3261.01
4.559e+06 3262.17
4.5639e+06 3269.79
4.5688e+06 3274.35
4.5737e+06 3274.9
4.5786e+06 3274.72
4.5835e+06 3273.15
4.5884e+06 3265.97
4.5933e+06 3261.22
4.5982e+06 3265.57
4.6031e+06 3274.68
4.608e+06 3283.94
4.6129e+06 3295.87
4.6178e+06 3299.7
4.6227e+06 3292.11
4.6276e+06 3294.1
4.6325e+06 3292.63
4.6374e+06 3293.66
4.6423e+06 3285.15
4.6472e+06 3287.19
4.6521e+06 3294.38
4.657e+06 3301.38
4.6619e+06 3325.58
4.6668e+06 3342.29
4.6717e+06 3355.94
4.6766e+06 3369.93
4.6815e+06 3376.57
4.6864e+06 3380.65
4.6913e+06 3381.04
4.6962e+06 3362.77
4.7011e+06 3349.89
4.706e+06 3335.35
4.7109e+06 3317.53
4.7158e+06 3302.96
4.7207e+06 3294.86
4.7256e+06 3292
4.7305e+06 3287.73
4.7354e+06 3278.08
4.7403e+06 3267.02
4.7452e+06 3257.96
4.7501e+06 3245.85
4.755e+06 3232.79
4.7599e+06 3227.25
4.7648e+06 3224.44
4.7697e+06 3230.85
4.7746e+06 3243.17
4.7795e+06 3243.64
4.7844e+06 3244.79
4.7893e+06 3243.67
4.7942e+06 3243.05
4.7991e+06 3247.07
4.804e+06 3260.65
4.8089e+06 3268.09
4.8138e+06 3280.31
4.8187e+06 3287.54
4.8236e+06 3299.57
4.8285e+06 3314.37
4.8334e+06 3327.39
4.8383e+06 3337.1
4.8432e+06 3345.36
4.8481e+06 3353.33
4.853e+06 3356.47
4.8579e+06 3369.71
4.8628e+06 3389.33
4.8677e+06 3400.18
4.8726e+06 3414.6
4.8775e+06 3417.89
4.8824e+06 3413.26
4.8873e+06 3411.34
4.8922e+06 3405.53
4.8971e+06 3402.21
4.902e+06 3397.11
4.9069e+06 3389.54
4.9118e+06 3375.69
4.9167e+06 3362.81
4.9216e+06 3358.17
4.9265e+06 3346.94
4.9314e+06 3339.31
4.9363e+06 3333.17
4.9412e+06 3330.19
4.9461e+06 3326.87
4.951e+06 3323.21
4.9559e+06 3318.85
4.9608e+06 3314.17
4.9657e+06 3312.08
4.9706e+06 3305.57
4.9755e+06 3293.58
4.9804e+06 3284.24
4.9853e+06 3283.43
4.9902e+06 3289.09
4.9951e+06 3291.35
