100000 2257.45
104900 2244.75
109800 2229.99
114700 2217.98
119600 2213.85
124500 2212.68
129400 2212.92
134300 2205.9
139200 2193.6
144100 2179.33
149000 2169.78
153900 2165.21
158800 2161.81
163700 2155.64
168600 2148.14
173500 2140.86
178400 2135.26
183300 2132.72
188200 2133.42
193100 2137.38
198000 2144.99
202900 2155.37
207800 2168.16
212700 2181.89
217600 2194.89
222500 2204.73
227400 2211.54
232300 2217.51
237200 2224.27
242100 2233.72
247000 2245.84
251900 2260.59
256800 2277.09
261700 2294.98
266600 2313.02
271500 2329.53
276400 2344.58
281300 2357.64
286200 2369.17
291100 2379.34
296000 2387.7
300900 2394.55
305800 2400.71
310700 2406.72
315600 2412.69
320500 2418.45
325400 2423.83
330300 2428.66
335200 2433.09
340100 2437.1
345000 2440.65
349900 2443.6
354800 2445.5
359700 2446.02
364600 2445.65
369500 2444.95
374400 2444
379300 2443.16
384200 2442.51
389100 2442.29
394000 2442.65
398900 2443.4
403800 2444.09
408700 2444.79
413600 2445.88
418500 2447.85
423400 2451.02
428300 2455.05
433200 2459.93
438100 2465.63
443000 2471.85
447900 2478.16
452800 2484.28
457700 2490.17
462600 2496.22
467500 2502.51
472400 2509.27
477300 2516.62
482200 2524.58
487100 2533.18
492000 2542.04
496900 2550.59
501800 2558.66
506700 2566.29
511600 2573.51
516500 2580.24
521400 2586.56
526300 2592.55
531200 2598.55
536100 2604.8
541000 2611.54
545900 2618.86
550800 2626.71
555700 2635
560600 2643.66
565500 2652.73
570400 2661.76
575300 2670.72
580200 2679.53
585100 2688.09
590000 2696.21
594900 2703.8
599800 2710.89
604700 2717.61
609600 2723.99
614500 2730.06
619400 2736.03
624300 2742.38
629200 2749.02
634100 2755.72
639000 2762.6
643900 2769.77
648800 2777
653700 2784.24
658600 2791.72
663500 2799.33
668400 2806.83
673300 2814.1
678200 2821.19
683100 2828.26
688000 2835.55
692900 2842.99
697800 2850.36
702700 2857.57
707600 2864.63
712500 2871.57
717400 2878.34
722300 2884.84
727200 2891.12
732100 2897.21
737000 2903.1
741900 2908.72
746800 2914.09
751700 2919.36
756600 2924.69
761500 2930.02
766400 2935.38
771300 2940.81
776200 2946.29
781100 2951.77
786000 2957.19
790900 2962.61
795800 2967.99
800700 2973.38
805600 2978.72
810500 2983.86
815400 2988.79
820300 2993.37
825200 2997.61
830100 3001.55
835000 3005.27
839900 3008.89
844800 3012.46
849700 3016.02
854600 3019.51
859500 3022.82
864400 3025.97
869300 3028.97
874200 3031.87
879100 3034.71
884000 3037.57
888900 3040.48
893800 3043.56
898700 3046.66
903600 3049.75
908500 3052.81
913400 3055.9
918300 3059.1
923200 3062.35
928100 3065.58
933000 3068.89
937900 3072.26
942800 3075.72
947700 3079.2
952600 3082.73
957500 3086.3
962400 3089.92
967300 3093.5
972200 3097.05
977100 3100.57
982000 3104.04
986900 3107.44
991800 3110.73
996700 3113.92
1.0016e+06 3117.02
1.0065e+06 3120.04
1.0114e+06 3123.02
1.0163e+06 3125.95
1.0212e+06 3128.85
1.0261e+06 3131.73
1.031e+06 3134.63
1.0359e+06 3137.57
1.0408e+06 3140.49
1.0457e+06 3143.41
1.0506e+06 3146.37
1.0555e+06 3149.35
1.0604e+06 3152.26
1.0653e+06 3155
1.0702e+06 3157.52
1.0751e+06 3159.8
1.08e+06 3161.74
1.0849e+06 3163.38
1.0898e+06 3164.79
1.0947e+06 3166.1
1.0996e+06 3167.41
1.1045e+06 3168.78
1.1094e+06 3170.28
1.1143e+06 3171.88
1.1192e+06 3173.51
1.1241e+06 3175.19
1.129e+06 3177
1.1339e+06 3178.94
1.1388e+06 3180.93
1.1437e+06 3182.95
1.1486e+06 3184.9
1.1535e+06 3186.68
1.1584e+06 3188.25
1.1633e+06 3189.63
1.1682e+06 3190.99
1.1731e+06 3192.41
1.178e+06 3193.81
1.1829e+06 3195.24
1.1878e+06 3196.76
1.1927e+06 3198.4
1.1976e+06 3200.12
1.2025e+06 3201.9
1.2074e+06 3203.78
1.2123e+06 3205.77
1.2172e+06 3207.84
1.2221e+06 3209.91
1.227e+06 3211.9
1.2319e+06 3213.82
1.2368e+06 3215.69
1.2417e+06 3217.46
1.2466e+06 3219.08
1.2515e+06 3220.48
1.2564e+06 3221.7
1.2613e+06 3222.84
1.2662e+06 3223.92
1.2711e+06 3224.93
1.276e+06 3225.86
1.2809e+06 3226.78
1.2858e+06 3227.77
1.2907e+06 3228.81
1.2956e+06 3229.91
1.3005e+06 3231.08
1.3054e+06 3232.27
1.3103e+06 3233.48
1.3152e+06 3234.7
1.3201e+06 3235.93
1.325e+06 3237.1
1.3299e+06 3238.18
1.3348e+06 3239.12
1.3397e+06 3239.96
1.3446e+06 3240.71
1.3495e+06 3241.44
1.3544e+06 3242.16
1.3593e+06 3242.91
1.3642e+06 3243.67
1.3691e+06 3244.47
1.374e+06 3245.35
1.3789e+06 3246.26
1.3838e+06 3247.27
1.3887e+06 3248.42
1.3936e+06 3249.63
1.3985e+06 3250.8
1.4034e+06 3251.94
1.4083e+06 3253.03
1.4132e+06 3254.09
1.4181e+06 3255.18
1.423e+06 3256.26
1.4279e+06 3257.25
1.4328e+06 3258.16
1.4377e+06 3258.98
1.4426e+06 3259.68
1.4475e+06 3260.32
1.4524e+06 3260.97
1.4573e+06 3261.68
1.4622e+06 3262.41
1.4671e+06 3263.14
1.472e+06 3263.89
1.4769e+06 3264.65
1.4818e+06 3265.41
1.4867e+06 3266.13
1.4916e+06 3266.81
1.4965e+06 3267.43
1.5014e+06 3267.97
1.5063e+06 3268.44
1.5112e+06 3268.84
1.5161e+06 3269.15
1.521e+06 3269.37
1.5259e+06 3269.52
1.5308e+06 3269.61
1.5357e+06 3269.63
1.5406e+06 3269.58
1.5455e+06 3269.56
1.5504e+06 3269.58
1.5553e+06 3269.61
1.5602e+06 3269.66
1.5651e+06 3269.71
1.57e+06 3269.77
1.5749e+06 3269.83
1.5798e+06 3269.91
1.5847e+06 3269.99
1.5896e+06 3270.01
1.5945e+06 3269.98
1.5994e+06 3269.92
1.6043e+06 3269.86
1.6092e+06 3269.76
1.6141e+06 3269.61
1.619e+06 3269.42
1.6239e+06 3269.2
1.6288e+06 3269
1.6337e+06 3268.9
1.6386e+06 3268.85
1.6435e+06 3268.76
1.6484e+06 3268.64
1.6533e+06 3268.44
1.6582e+06 3268.16
1.6631e+06 3267.81
1.668e+06 3267.43
1.6729e+06 3267.06
1.6778e+06 3266.67
1.6827e+06 3266.3
1.6876e+06 3265.94
1.6925e+06 3265.6
1.6974e+06 3265.26
1.7023e+06 3264.98
1.7072e+06 3264.76
1.7121e+06 3264.54
1.717e+06 3264.34
1.7219e+06 3264.14
1.7268e+06 3264.01
1.7317e+06 3263.93
1.7366e+06 3263.9
1.7415e+06 3263.88
1.7464e+06 3263.85
1.7513e+06 3263.82
1.7562e+06 3263.8
1.7611e+06 3263.78
1.766e+06 3263.75
1.7709e+06 3263.65
1.7758e+06 3263.48
1.7807e+06 3263.24
1.7856e+06 3262.95
1.7905e+06 3262.6
1.7954e+06 3262.25
1.8003e+06 3261.89
1.8052e+06 3261.49
1.8101e+06 3261.09
1.815e+06 3260.66
1.8199e+06 3260.17
1.8248e+06 3259.67
1.8297e+06 3259.14
1.8346e+06 3258.6
1.8395e+06 3258.03
1.8444e+06 3257.4
1.8493e+06 3256.69
1.8542e+06 3255.92
1.8591e+06 3255.14
1.864e+06 3254.37
1.8689e+06 3253.61
1.8738e+06 3252.86
1.8787e+06 3252.13
1.8836e+06 3251.43
1.8885e+06 3250.76
1.8934e+06 3250.12
1.8983e+06 3249.49
1.9032e+06 3248.86
1.9081e+06 3248.24
1.913e+06 3247.59
1.9179e+06 3246.9
1.9228e+06 3246.2
1.9277e+06 3245.51
1.9326e+06 3244.81
1.9375e+06 3244.14
1.9424e+06 3243.47
1.9473e+06 3242.8
1.9522e+06 3242.1
1.9571e+06 3241.4
1.962e+06 3240.71
1.9669e+06 3240
1.9718e+06 3239.21
1.9767e+06 3238.36
1.9816e+06 3237.43
1.9865e+06 3236.47
1.9914e+06 3235.51
1.9963e+06 3234.58
2.0012e+06 3233.69
2.0061e+06 3232.83
2.011e+06 3232
2.0159e+06 3231.22
2.0208e+06 3230.48
2.0257e+06 3229.78
2.0306e+06 3229.09
2.0355e+06 3228.44
2.0404e+06 3227.8
2.0453e+06 3227.19
2.0502e+06 3226.6
2.0551e+06 3226.02
2.06e+06 3225.43
2.0649e+06 3224.83
2.0698e+06 3224.19
2.0747e+06 3223.52
2.0796e+06 3222.85
2.0845e+06 3222.18
2.0894e+06 3221.54
2.0943e+06 3220.94
2.0992e+06 3220.37
2.1041e+06 3219.81
2.109e+06 3219.27
2.1139e+06 3218.76
2.1188e+06 3218.27
2.1237e+06 3217.78
2.1286e+06 3217.33
2.1335e+06 3216.94
2.1384e+06 3216.59
2.1433e+06 3216.25
2.1482e+06 3215.92
2.1531e+06 3215.59
2.158e+06 3215.24
2.1629e+06 3214.88
2.1678e+06 3214.49
2.1727e+06 3214.08
2.1776e+06 3213.65
2.1825e+06 3213.22
2.1874e+06 3212.76
2.1923e+06 3212.27
2.1972e+06 3211.79
2.2021e+06 3211.29
2.207e+06 3210.77
2.2119e+06 3210.25
2.2168e+06 3209.74
2.2217e+06 3209.23
2.2266e+06 3208.73
2.2315e+06 3208.24
2.2364e+06 3207.77
2.2413e+06 3207.29
2.2462e+06 3206.8
2.2511e+06 3206.32
2.256e+06 3205.85
2.2609e+06 3205.39
2.2658e+06 3204.94
2.2707e+06 3204.46
2.2756e+06 3203.93
2.2805e+06 3203.38
2.2854e+06 3202.82
2.2903e+06 3202.26
2.2952e+06 3201.67
2.3001e+06 3201.09
2.305e+06 3200.49
2.3099e+06 3199.91
2.3148e+06 3199.35
2.3197e+06 3198.8
2.3246e+06 3198.27
2.3295e+06 3197.76
2.3344e+06 3197.28
2.3393e+06 3196.8
2.3442e+06 3196.32
2.3491e+06 3195.83
2.354e+06 3195.34
2.3589e+06 3194.85
2.3638e+06 3194.36
2.3687e+06 3193.88
2.3736e+06 3193.43
2.3785e+06 3193
2.3834e+06 3192.56
2.3883e+06 3192.13
2.3932e+06 3191.72
2.3981e+06 3191.34
2.403e+06 3190.99
2.4079e+06 3190.65
2.4128e+06 3190.29
2.4177e+06 3189.93
2.4226e+06 3189.54
2.4275e+06 3189.11
2.4324e+06 3188.68
2.4373e+06 3188.24
2.4422e+06 3187.78
2.4471e+06 3187.32
2.452e+06 3186.85
2.4569e+06 3186.38
2.4618e+06 3185.91
2.4667e+06 3185.45
2.4716e+06 3184.98
2.4765e+06 3184.54
2.4814e+06 3184.13
2.4863e+06 3183.78
2.4912e+06 3183.44
2.4961e+06 3183.11
2.501e+06 3182.81
2.5059e+06 3182.53
2.5108e+06 3182.28
2.5157e+06 3182.05
2.5206e+06 3181.85
2.5255e+06 3181.66
2.5304e+06 3181.48
2.5353e+06 3181.3
2.5402e+06 3181.1
2.5451e+06 3180.92
2.55e+06 3180.76
2.5549e+06 3180.62
2.5598e+06 3180.49
2.5647e+06 3180.36
2.5696e+06 3180.23
2.5745e+06 3180.08
2.5794e+06 3179.93
2.5843e+06 3179.79
2.5892e+06 3179.67
2.5941e+06 3179.55
2.599e+06 3179.44
2.6039e+06 3179.36
2.6088e+06 3179.28
2.6137e+06 3179.2
2.6186e+06 3179.1
2.6235e+06 3178.98
2.6284e+06 3178.84
2.6333e+06 3178.68
2.6382e+06 3178.53
2.6431e+06 3178.39
2.648e+06 3178.23
2.6529e+06 3178.08
2.6578e+06 3177.93
2.6627e+06 3177.78
2.6676e+06 3177.65
2.6725e+06 3177.53
2.6774e+06 3177.43
2.6823e+06 3177.38
2.6872e+06 3177.37
2.6921e+06 3177.41
2.697e+06 3177.49
2.7019e+06 3177.61
2.7068e+06 3177.75
2.7117e+06 3177.92
2.7166e+06 3178.1
2.7215e+06 3178.3
2.7264e+06 3178.51
2.7313e+06 3178.68
2.7362e+06 3178.82
2.7411e+06 3178.93
2.746e+06 3179.01
2.7509e+06 3179.08
2.7558e+06 3179.15
2.7607e+06 3179.21
2.7656e+06 3179.28
2.7705e+06 3179.35
2.7754e+06 3179.43
2.7803e+06 3179.54
2.7852e+06 3179.65
2.7901e+06 3179.75
2.795e+06 3179.84
2.7999e+06 3179.94
2.8048e+06 3180.06
2.8097e+06 3180.19
2.8146e+06 3180.31
2.8195e+06 3180.45
2.8244e+06 3180.57
2.8293e+06 3180.66
2.8342e+06 3180.73
2.8391e+06 3180.79
2.844e+06 3180.82
2.8489e+06 3180.83
2.8538e+06 3180.8
2.8587e+06 3180.75
2.8636e+06 3180.67
2.8685e+06 3180.56
2.8734e+06 3180.44
2.8783e+06 3180.31
2.8832e+06 3180.16
2.8881e+06 3179.99
2.893e+06 3179.8
2.8979e+06 3179.61
2.9028e+06 3179.42
2.9077e+06 3179.21
2.9126e+06 3179
2.9175e+06 3178.79
2.9224e+06 3178.57
2.9273e+06 3178.33
2.9322e+06 3178.09
2.9371e+06 3177.84
2.942e+06 3177.59
2.9469e+06 3177.32
2.9518e+06 3177.05
2.9567e+06 3176.77
2.9616e+06 3176.49
2.9665e+06 3176.2
2.9714e+06 3175.9
2.9763e+06 3175.59
2.9812e+06 3175.28
2.9861e+06 3174.94
2.991e+06 3174.59
2.9959e+06 3174.24
3.0008e+06 3173.89
3.0057e+06 3173.55
3.0106e+06 3173.2
3.0155e+06 3172.84
3.0204e+06 3172.48
3.0253e+06 3172.12
3.0302e+06 3171.75
3.0351e+06 3171.38
3.04e+06 3170.98
3.0449e+06 3170.55
3.0498e+06 3170.11
3.0547e+06 3169.64
3.0596e+06 3169.17
3.0645e+06 3168.7
3.0694e+06 3168.26
3.0743e+06 3167.84
3.0792e+06 3167.4
3.0841e+06 3166.96
3.089e+06 3166.47
3.0939e+06 3165.96
3.0988e+06 3165.44
3.1037e+06 3164.93
3.1086e+06 3164.43
3.1135e+06 3163.95
3.1184e+06 3163.5
3.1233e+06 3163.07
3.1282e+06 3162.66
3.1331e+06 3162.26
3.138e+06 3161.86
3.1429e+06 3161.48
3.1478e+06 3161.1
3.1527e+06 3160.75
3.1576e+06 3160.39
3.1625e+06 3160.04
3.1674e+06 3159.7
3.1723e+06 3159.38
3.1772e+06 3159.06
3.1821e+06 3158.73
3.187e+06 3158.43
3.1919e+06 3158.15
3.1968e+06 3157.9
3.2017e+06 3157.67
3.2066e+06 3157.45
3.2115e+06 3157.25
3.2164e+06 3157.03
3.2213e+06 3156.8
3.2262e+06 3156.55
3.2311e+06 3156.3
3.236e+06 3156.05
3.2409e+06 3155.8
3.2458e+06 3155.54
3.2507e+06 3155.29
3.2556e+06 3155.01
3.2605e+06 3154.72
3.2654e+06 3154.42
3.2703e+06 3154.13
3.2752e+06 3153.84
3.2801e+06 3153.54
3.285e+06 3153.26
3.2899e+06 3153
3.2948e+06 3152.77
3.2997e+06 3152.56
3.3046e+06 3152.35
3.3095e+06 3152.14
3.3144e+06 3151.93
3.3193e+06 3151.71
3.3242e+06 3151.48
3.3291e+06 3151.27
3.334e+06 3151.05
3.3389e+06 3150.83
3.3438e+06 3150.63
3.3487e+06 3150.44
3.3536e+06 3150.26
3.3585e+06 3150.09
3.3634e+06 3149.92
3.3683e+06 3149.75
3.3732e+06 3149.57
3.3781e+06 3149.37
3.383e+06 3149.15
3.3879e+06 3148.93
3.3928e+06 3148.7
3.3977e+06 3148.47
3.4026e+06 3148.25
3.4075e+06 3148.04
3.4124e+06 3147.83
3.4173e+06 3147.65
3.4222e+06 3147.49
3.4271e+06 3147.35
3.432e+06 3147.22
3.4369e+06 3147.09
3.4418e+06 3146.94
3.4467e+06 3146.79
3.4516e+06 3146.63
3.4565e+06 3146.47
3.4614e+06 3146.32
3.4663e+06 3146.17
3.4712e+06 3146.02
3.4761e+06 3145.85
3.481e+06 3145.69
3.4859e+06 3145.53
3.4908e+06 3145.34
3.4957e+06 3145.15
3.5006e+06 3144.94
3.5055e+06 3144.71
3.5104e+06 3144.45
3.5153e+06 3144.18
3.5202e+06 3143.89
3.5251e+06 3143.58
3.53e+06 3143.24
3.5349e+06 3142.89
3.5398e+06 3142.54
3.5447e+06 3142.18
3.5496e+06 3141.82
3.5545e+06 3141.48
3.5594e+06 3141.14
3.5643e+06 3140.78
3.5692e+06 3140.42
3.5741e+06 3140.06
3.579e+06 3139.7
3.5839e+06 3139.36
3.5888e+06 3139.03
3.5937e+06 3138.71
3.5986e+06 3138.41
3.6035e+06 3138.12
3.6084e+06 3137.87
3.6133e+06 3137.65
3.6182e+06 3137.46
3.6231e+06 3137.29
3.628e+06 3137.14
3.6329e+06 3137
3.6378e+06 3136.89
3.6427e+06 3136.78
3.6476e+06 3136.68
3.6525e+06 3136.57
3.6574e+06 3136.43
3.6623e+06 3136.28
3.6672e+06 3136.1
3.6721e+06 3135.91
3.677e+06 3135.7
3.6819e+06 3135.49
3.6868e+06 3135.27
3.6917e+06 3135.05
3.6966e+06 3134.83
3.7015e+06 3134.62
3.7064e+06 3134.43
3.7113e+06 3134.27
3.7162e+06 3134.12
3.7211e+06 3133.97
3.726e+06 3133.84
3.7309e+06 3133.72
3.7358e+06 3133.62
3.7407e+06 3133.54
3.7456e+06 3133.49
3.7505e+06 3133.44
3.7554e+06 3133.41
3.7603e+06 3133.38
3.7652e+06 3133.32
3.7701e+06 3133.25
3.775e+06 3133.15
3.7799e+06 3133.03
3.7848e+06 3132.9
3.7897e+06 3132.76
3.7946e+06 3132.59
3.7995e+06 3132.41
3.8044e+06 3132.21
3.8093e+06 3132.02
3.8142e+06 3131.84
3.8191e+06 3131.67
3.824e+06 3131.53
3.8289e+06 3131.4
3.8338e+06 3131.27
3.8387e+06 3131.14
3.8436e+06 3131.01
3.8485e+06 3130.87
3.8534e+06 3130.73
3.8583e+06 3130.59
3.8632e+06 3130.44
3.8681e+06 3130.3
3.873e+06 3130.16
3.8779e+06 3130.02
3.8828e+06 3129.9
3.8877e+06 3129.8
3.8926e+06 3129.72
3.8975e+06 3129.64
3.9024e+06 3129.58
3.9073e+06 3129.52
3.9122e+06 3129.46
3.9171e+06 3129.41
3.922e+06 3129.36
3.9269e+06 3129.31
3.9318e+06 3129.26
3.9367e+06 3129.24
3.9416e+06 3129.24
3.9465e+06 3129.27
3.9514e+06 3129.32
3.9563e+06 3129.38
3.9612e+06 3129.44
3.9661e+06 3129.5
3.971e+06 3129.56
3.9759e+06 3129.62
3.9808e+06 3129.68
3.9857e+06 3129.76
3.9906e+06 3129.86
3.9955e+06 3129.96
4.0004e+06 3130.08
4.0053e+06 3130.19
4.0102e+06 3130.31
4.0151e+06 3130.43
4.02e+06 3130.55
4.0249e+06 3130.67
4.0298e+06 3130.78
4.0347e+06 3130.88
4.0396e+06 3130.99
4.0445e+06 3131.08
4.0494e+06 3131.16
4.0543e+06 3131.21
4.0592e+06 3131.24
4.0641e+06 3131.26
4.069e+06 3131.28
4.0739e+06 3131.3
4.0788e+06 3131.33
4.0837e+06 3131.35
4.0886e+06 3131.38
4.0935e+06 3131.4
4.0984e+06 3131.4
4.1033e+06 3131.4
4.1082e+06 3131.39
4.1131e+06 3131.36
4.118e+06 3131.3
4.1229e+06 3131.22
4.1278e+06 3131.13
4.1327e+06 3131.02
4.1376e+06 3130.88
4.1425e+06 3130.73
4.1474e+06 3130.58
4.1523e+06 3130.42
4.1572e+06 3130.25
4.1621e+06 3130.08
4.167e+06 3129.92
4.1719e+06 3129.76
4.1768e+06 3129.6
4.1817e+06 3129.46
4.1866e+06 3129.31
4.1915e+06 3129.15
4.1964e+06 3128.99
4.2013e+06 3128.82
4.2062e+06 3128.65
4.2111e+06 3128.48
4.216e+06 3128.3
4.2209e+06 3128.11
4.2258e+06 3127.9
4.2307e+06 3127.69
4.2356e+06 3127.47
4.2405e+06 3127.24
4.2454e+06 3127.01
4.2503e+06 3126.77
4.2552e+06 3126.52
4.2601e+06 3126.27
4.265e+06 3126.02
4.2699e+06 3125.76
4.2748e+06 3125.49
4.2797e+06 3125.2
4.2846e+06 3124.91
4.2895e+06 3124.61
4.2944e+06 3124.32
4.2993e+06 3124.04
4.3042e+06 3123.78
4.3091e+06 3123.53
4.314e+06 3123.28
4.3189e+06 3123.04
4.3238e+06 3122.8
4.3287e+06 3122.54
4.3336e+06 3122.27
4.3385e+06 3122.01
4.3434e+06 3121.75
4.3483e+06 3121.51
4.3532e+06 3121.29
4.3581e+06 3121.08
4.363e+06 3120.89
4.3679e+06 3120.69
4.3728e+06 3120.49
4.3777e+06 3120.28
4.3826e+06 3120.08
4.3875e+06 3119.88
4.3924e+06 3119.7
4.3973e+06 3119.52
4.4022e+06 3119.35
4.4071e+06 3119.17
4.412e+06 3118.99
4.4169e+06 3118.82
4.4218e+06 3118.66
4.4267e+06 3118.52
4.4316e+06 3118.39
4.4365e+06 3118.26
4.4414e+06 3118.15
4.4463e+06 3118.04
4.4512e+06 3117.93
4.4561e+06 3117.82
4.461e+06 3117.71
4.4659e+06 3117.6
4.4708e+06 3117.52
4.4757e+06 3117.46
4.4806e+06 3117.44
4.4855e+06 3117.43
4.4904e+06 3117.43
4.4953e+06 3117.45
4.5002e+06 3117.49
4.5051e+06 3117.55
4.51e+06 3117.63
4.5149e+06 3117.7
4.5198e+06 3117.79
4.5247e+06 3117.88
4.5296e+06 3117.98
4.5345e+06 3118.09
4.5394e+06 3118.21
4.5443e+06 3118.35
4.5492e+06 3118.51
4.5541e+06 3118.67
4.559e+06 3118.82
4.5639e+06 3118.98
4.5688e+06 3119.15
4.5737e+06 3119.32
4.5786e+06 3119.49
4.5835e+06 3119.66
4.5884e+06 3119.83
4.5933e+06 3119.98
4.5982e+06 3120.14
4.6031e+06 3120.3
4.608e+06 3120.47
4.6129e+06 3120.66
4.6178e+06 3120.85
4.6227e+06 3121.04
4.6276e+06 3121.23
4.6325e+06 3121.41
4.6374e+06 3121.6
4.6423e+06 3121.78
4.6472e+06 3121.96
4.6521e+06 3122.14
4.657e+06 3122.33
4.6619e+06 3122.53
4.6668e+06 3122.76
4.6717e+06 3123
4.6766e+06 3123.26
4.6815e+06 3123.53
4.6864e+06 3123.8
4.6913e+06 3124.08
4.6962e+06 3124.34
4.7011e+06 3124.59
4.706e+06 3124.82
4.7109e+06 3125.04
4.7158e+06 3125.23
4.7207e+06 3125.42
4.7256e+06 3125.59
4.7305e+06 3125.77
4.7354e+06 3125.94
4.7403e+06 3126.09
4.7452e+06 3126.24
4.7501e+06 3126.37
4.755e+06 3126.49
4.7599e+06 3126.6
4.7648e+06 3126.7
4.7697e+06 3126.8
4.7746e+06 3126.92
4.7795e+06 3127.04
4.7844e+06 3127.17
4.7893e+06 3127.29
4.7942e+06 3127.41
4.7991e+06 3127.53
4.804e+06 3127.66
4.8089e+06 3127.8
4.8138e+06 3127.96
4.8187e+06 3128.12
4.8236e+06 3128.29
4.8285e+06 3128.48
4.8334e+06 3128.68
4.8383e+06 3128.89
4.8432e+06 3129.11
4.8481e+06 3129.33
4.853e+06 3129.57
4.8579e+06 3129.8
4.8628e+06 3130.06
4.8677e+06 3130.33
4.8726e+06 3130.62
4.8775e+06 3130.91
4.8824e+06 3131.2
4.8873e+06 3131.49
4.8922e+06 3131.78
4.8971e+06 3132.05
4.902e+06 3132.33
4.9069e+06 3132.59
4.9118e+06 3132.85
4.9167e+06 3133.09
4.9216e+06 3133.32
4.9265e+06 3133.54
4.9314e+06 3133.75
4.9363e+06 3133.96
4.9412e+06 3134.16
4.9461e+06 3134.35
4.951e+06 3134.55
4.9559e+06 3134.74
4.9608e+06 3134.92
4.9657e+06 3135.1
4.9706e+06 3135.27
4.9755e+06 3135.44
4.9804e+06 3135.59
4.9853e+06 3135.74
4.9902e+06 3135.89
4.9951e+06 3136.05
