100000 70.332
104900 74.4622
109800 74.9708
114700 74.8978
119600 74.8909
124500 75.0672
129400 75.7027
134300 76.7247
139200 78.1508
144100 79.6188
149000 81.0614
153900 82.4428
158800 83.639
163700 84.6956
168600 85.4979
173500 86.2614
178400 86.6903
183300 86.8418
188200 86.9251
193100 86.9606
198000 87.0149
202900 87.0011
207800 86.9395
212700 86.9528
217600 86.9893
222500 87.0712
227400 87.1212
232300 87.0968
237200 87.0249
242100 86.9782
247000 86.9461
251900 86.8706
256800 86.7747
261700 86.7434
266600 86.6742
271500 86.6632
276400 86.6724
281300 86.6751
286200 86.7258
291100 86.7428
296000 86.7392
300900 86.7418
305800 86.6963
310700 86.5797
315600 86.4884
320500 86.4807
325400 86.4854
330300 86.4772
335200 86.4249
340100 86.3699
345000 86.3236
349900 86.2904
354800 86.319
359700 86.3548
364600 86.3847
369500 86.4344
374400 86.5106
379300 86.6474
384200 86.7849
389100 86.9078
394000 86.9738
398900 86.9691
403800 86.9257
408700 86.8866
413600 86.8952
418500 86.8892
423400 86.8596
428300 86.8285
433200 86.7956
438100 86.7365
443000 86.6933
447900 86.6508
452800 86.6207
457700 86.6001
462600 86.5707
467500 86.4937
472400 86.4122
477300 86.3304
482200 86.2828
487100 86.2511
492000 86.2323
496900 86.1979
501800 86.1531
506700 86.1135
511600 86.0806
516500 86.0555
521400 86.0247
526300 86.0036
531200 85.9759
536100 85.9302
541000 85.9084
545900 85.9076
550800 85.9178
555700 85.9448
560600 85.9775
565500 86.0088
570400 86.0369
575300 86.0621
580200 86.0762
585100 86.0898
590000 86.1066
594900 86.1202
599800 86.1289
604700 86.1356
609600 86.1547
614500 86.187
619400 86.236
624300 86.2951
629200 86.3653
634100 86.4433
639000 86.5124
643900 86.5864
648800 86.6621
653700 86.7328
658600 86.8114
663500 86.9064
668400 87.0094
673300 87.1085
678200 87.2052
683100 87.3032
688000 87.403
692900 87.5024
697800 87.6109
702700 87.7329
707600 87.8609
712500 87.993
717400 88.1134
722300 88.2306
727200 88.3384
732100 88.4572
737000 88.5672
741900 88.6573
746800 88.7429
751700 88.8297
756600 88.9121
761500 88.9932
766400 89.0819
771300 89.1771
776200 89.2778
781100 89.3742
786000 89.467
790900 89.5602
795800 89.6598
800700 89.755
805600 89.8421
810500 89.9354
815400 90.0224
820300 90.1108
825200 90.1994
830100 90.2852
835000 90.3609
839900 90.4233
844800 90.4879
849700 90.5518
854600 90.6217
859500 90.6833
864400 90.733
869300 90.7854
874200 90.8289
879100 90.8646
884000 90.8947
888900 90.9181
893800 90.9342
898700 90.9432
903600 90.9476
908500 90.9551
913400 90.9577
918300 90.9544
923200 90.9588
928100 90.9567
933000 90.9604
937900 90.9677
942800 90.9811
947700 90.9925
952600 91.0021
957500 91.0068
962400 91.0038
967300 90.9954
972200 90.9912
977100 90.9821
982000 90.969
986900 90.9511
991800 90.9317
996700 90.9136
1.0016e+06 90.9005
1.0065e+06 90.8897
1.0114e+06 90.8848
1.0163e+06 90.8832
1.0212e+06 90.8718
1.0261e+06 90.862
1.031e+06 90.8496
1.0359e+06 90.839
1.0408e+06 90.8391
1.0457e+06 90.8501
1.0506e+06 90.8706
1.0555e+06 90.8969
1.0604e+06 90.926
1.0653e+06 90.9585
1.0702e+06 90.9919
1.0751e+06 91.0305
1.08e+06 91.0671
1.0849e+06 91.107
1.0898e+06 91.1437
1.0947e+06 91.1836
1.0996e+06 91.2316
1.1045e+06 91.282
1.1094e+06 91.3289
1.1143e+06 91.3784
1.1192e+06 91.4352
1.1241e+06 91.4985
1.129e+06 91.5713
1.1339e+06 91.6373
1.1388e+06 91.706
1.1437e+06 91.7672
1.1486e+06 91.8405
1.1535e+06 91.9122
1.1584e+06 91.9802
1.1633e+06 92.0475
1.1682e+06 92.1133
1.1731e+06 92.1675
1.178e+06 92.2268
1.1829e+06 92.2885
1.1878e+06 92.3542
1.1927e+06 92.4242
1.1976e+06 92.4987
1.2025e+06 92.5758
1.2074e+06 92.6553
1.2123e+06 92.7404
1.2172e+06 92.8347
1.2221e+06 92.928
1.227e+06 93.0183
1.2319e+06 93.1083
1.2368e+06 93.1901
1.2417e+06 93.2652
1.2466e+06 93.3391
1.2515e+06 93.415
1.2564e+06 93.4889
1.2613e+06 93.5598
1.2662e+06 93.6326
1.2711e+06 93.7085
1.276e+06 93.784
1.2809e+06 93.8655
1.2858e+06 93.9498
1.2907e+06 94.0355
1.2956e+06 94.1203
1.3005e+06 94.2033
1.3054e+06 94.2807
1.3103e+06 94.354
1.3152e+06 94.4258
1.3201e+06 94.4979
1.325e+06 94.5666
1.3299e+06 94.6319
1.3348e+06 94.6952
1.3397e+06 94.7551
1.3446e+06 94.8107
1.3495e+06 94.865
1.3544e+06 94.9199
1.3593e+06 94.973
1.3642e+06 95.0249
1.3691e+06 95.0803
1.374e+06 95.1343
1.3789e+06 95.1864
1.3838e+06 95.2377
1.3887e+06 95.2869
1.3936e+06 95.3338
1.3985e+06 95.3839
1.4034e+06 95.4373
1.4083e+06 95.4916
1.4132e+06 95.5458
1.4181e+06 95.5977
1.423e+06 95.6433
1.4279e+06 95.6887
1.4328e+06 95.7388
1.4377e+06 95.7866
1.4426e+06 95.8275
1.4475e+06 95.8623
1.4524e+06 95.8963
1.4573e+06 95.9298
1.4622e+06 95.9641
1.4671e+06 95.9982
1.472e+06 96.0268
1.4769e+06 96.0558
1.4818e+06 96.0866
1.4867e+06 96.1221
1.4916e+06 96.1598
1.4965e+06 96.1936
1.5014e+06 96.2302
1.5063e+06 96.2646
1.5112e+06 96.2954
1.5161e+06 96.3209
1.521e+06 96.3466
1.5259e+06 96.3689
1.5308e+06 96.3889
1.5357e+06 96.4139
1.5406e+06 96.4322
1.5455e+06 96.4429
1.5504e+06 96.4543
1.5553e+06 96.4638
1.5602e+06 96.4724
1.5651e+06 96.4801
1.57e+06 96.4813
1.5749e+06 96.4755
1.5798e+06 96.4681
1.5847e+06 96.4607
1.5896e+06 96.4519
1.5945e+06 96.4431
1.5994e+06 96.4314
1.6043e+06 96.4211
1.6092e+06 96.4107
1.6141e+06 96.4027
1.619e+06 96.3917
1.6239e+06 96.3773
1.6288e+06 96.363
1.6337e+06 96.3477
1.6386e+06 96.3314
1.6435e+06 96.3166
1.6484e+06 96.3026
1.6533e+06 96.2877
1.6582e+06 96.2771
1.6631e+06 96.2685
1.668e+06 96.255
1.6729e+06 96.2424
1.6778e+06 96.2322
1.6827e+06 96.219
1.6876e+06 96.2061
1.6925e+06 96.193
1.6974e+06 96.1766
1.7023e+06 96.1598
1.7072e+06 96.1413
1.7121e+06 96.1242
1.717e+06 96.1044
1.7219e+06 96.0848
1.7268e+06 96.0632
1.7317e+06 96.0406
1.7366e+06 96.0157
1.7415e+06 95.9903
1.7464e+06 95.9649
1.7513e+06 95.9402
1.7562e+06 95.9186
1.7611e+06 95.8987
1.766e+06 95.8817
1.7709e+06 95.8622
1.7758e+06 95.8388
1.7807e+06 95.8172
1.7856e+06 95.7952
1.7905e+06 95.7743
1.7954e+06 95.7527
1.8003e+06 95.7284
1.8052e+06 95.7063
1.8101e+06 95.6889
1.815e+06 95.6729
1.8199e+06 95.6592
1.8248e+06 95.6428
1.8297e+06 95.6247
1.8346e+06 95.608
1.8395e+06 95.592
1.8444e+06 95.577
1.8493e+06 95.5617
1.8542e+06 95.5448
1.8591e+06 95.5293
1.864e+06 95.5145
1.8689e+06 95.5
1.8738e+06 95.4877
1.8787e+06 95.476
1.8836e+06 95.4659
1.8885e+06 95.4576
1.8934e+06 95.4513
1.8983e+06 95.4486
1.9032e+06 95.4449
1.9081e+06 95.44
1.913e+06 95.4345
1.9179e+06 95.4293
1.9228e+06 95.4209
1.9277e+06 95.4132
1.9326e+06 95.4026
1.9375e+06 95.3912
1.9424e+06 95.3784
1.9473e+06 95.3644
1.9522e+06 95.3499
1.9571e+06 95.3373
1.962e+06 95.3246
1.9669e+06 95.3113
1.9718e+06 95.2969
1.9767e+06 95.2808
1.9816e+06 95.2656
1.9865e+06 95.2518
1.9914e+06 95.2392
1.9963e+06 95.2266
2.0012e+06 95.2152
2.0061e+06 95.203
2.011e+06 95.1897
2.0159e+06 95.1776
2.0208e+06 95.1644
2.0257e+06 95.1533
2.0306e+06 95.142
2.0355e+06 95.1298
2.0404e+06 95.1156
2.0453e+06 95.1005
2.0502e+06 95.0845
2.0551e+06 95.0683
2.06e+06 95.052
2.0649e+06 95.0384
2.0698e+06 95.0231
2.0747e+06 95.0076
2.0796e+06 94.9931
2.0845e+06 94.9775
2.0894e+06 94.9604
2.0943e+06 94.943
2.0992e+06 94.9252
2.1041e+06 94.9072
2.109e+06 94.8882
2.1139e+06 94.8667
2.1188e+06 94.8452
2.1237e+06 94.8237
2.1286e+06 94.8015
2.1335e+06 94.7801
2.1384e+06 94.7591
2.1433e+06 94.7378
2.1482e+06 94.7179
2.1531e+06 94.6991
2.158e+06 94.6817
2.1629e+06 94.6617
2.1678e+06 94.6424
2.1727e+06 94.6265
2.1776e+06 94.6086
2.1825e+06 94.5887
2.1874e+06 94.5704
2.1923e+06 94.5525
2.1972e+06 94.5347
2.2021e+06 94.5148
2.207e+06 94.4935
2.2119e+06 94.4732
2.2168e+06 94.4545
2.2217e+06 94.4343
2.2266e+06 94.4141
2.2315e+06 94.3913
2.2364e+06 94.3687
2.2413e+06 94.3444
2.2462e+06 94.3188
2.2511e+06 94.2905
2.256e+06 94.2615
2.2609e+06 94.2298
2.2658e+06 94.1976
2.2707e+06 94.166
2.2756e+06 94.1351
2.2805e+06 94.1035
2.2854e+06 94.0719
2.2903e+06 94.039
2.2952e+06 94.0058
2.3001e+06 93.9758
2.305e+06 93.9487
2.3099e+06 93.9253
2.3148e+06 93.902
2.3197e+06 93.8787
2.3246e+06 93.8561
2.3295e+06 93.8336
2.3344e+06 93.812
2.3393e+06 93.7906
2.3442e+06 93.7702
2.3491e+06 93.7498
2.354e+06 93.7287
2.3589e+06 93.7063
2.3638e+06 93.683
2.3687e+06 93.6596
2.3736e+06 93.6363
2.3785e+06 93.6145
2.3834e+06 93.5924
2.3883e+06 93.5704
2.3932e+06 93.5464
2.3981e+06 93.5248
2.403e+06 93.5026
2.4079e+06 93.482
2.4128e+06 93.4634
2.4177e+06 93.4458
2.4226e+06 93.4299
2.4275e+06 93.4156
2.4324e+06 93.4003
2.4373e+06 93.3843
2.4422e+06 93.3703
2.4471e+06 93.3586
2.452e+06 93.3457
2.4569e+06 93.3315
2.4618e+06 93.318
2.4667e+06 93.3062
2.4716e+06 93.2941
2.4765e+06 93.2809
2.4814e+06 93.2658
2.4863e+06 93.251
2.4912e+06 93.2351
2.4961e+06 93.22
2.501e+06 93.2062
2.5059e+06 93.1942
2.5108e+06 93.1819
2.5157e+06 93.172
2.5206e+06 93.1624
2.5255e+06 93.152
2.5304e+06 93.1425
2.5353e+06 93.1326
2.5402e+06 93.1253
2.5451e+06 93.1189
2.55e+06 93.1117
2.5549e+06 93.1033
2.5598e+06 93.0949
2.5647e+06 93.0837
2.5696e+06 93.0729
2.5745e+06 93.0644
2.5794e+06 93.0559
2.5843e+06 93.0489
2.5892e+06 93.0399
2.5941e+06 93.0312
2.599e+06 93.0233
2.6039e+06 93.0145
2.6088e+06 93.0048
2.6137e+06 92.9945
2.6186e+06 92.9832
2.6235e+06 92.9711
2.6284e+06 92.9592
2.6333e+06 92.9489
2.6382e+06 92.9408
2.6431e+06 92.9322
2.648e+06 92.9238
2.6529e+06 92.9141
2.6578e+06 92.9043
2.6627e+06 92.8955
2.6676e+06 92.8874
2.6725e+06 92.8807
2.6774e+06 92.8757
2.6823e+06 92.8727
2.6872e+06 92.87
2.6921e+06 92.8669
2.697e+06 92.8613
2.7019e+06 92.8552
2.7068e+06 92.8513
2.7117e+06 92.8485
2.7166e+06 92.845
2.7215e+06 92.8399
2.7264e+06 92.8335
2.7313e+06 92.8271
2.7362e+06 92.8209
2.7411e+06 92.815
2.746e+06 92.8096
2.7509e+06 92.8036
2.7558e+06 92.7949
2.7607e+06 92.7876
2.7656e+06 92.7793
2.7705e+06 92.7711
2.7754e+06 92.7638
2.7803e+06 92.756
2.7852e+06 92.7478
2.7901e+06 92.7396
2.795e+06 92.7296
2.7999e+06 92.7189
2.8048e+06 92.7079
2.8097e+06 92.6972
2.8146e+06 92.6865
2.8195e+06 92.6757
2.8244e+06 92.6666
2.8293e+06 92.6586
2.8342e+06 92.6518
2.8391e+06 92.6462
2.844e+06 92.6404
2.8489e+06 92.6338
2.8538e+06 92.6258
2.8587e+06 92.6177
2.8636e+06 92.6093
2.8685e+06 92.5994
2.8734e+06 92.5905
2.8783e+06 92.5818
2.8832e+06 92.574
2.8881e+06 92.5662
2.893e+06 92.5577
2.8979e+06 92.549
2.9028e+06 92.5407
2.9077e+06 92.5344
2.9126e+06 92.5297
2.9175e+06 92.5266
2.9224e+06 92.5249
2.9273e+06 92.5246
2.9322e+06 92.5252
2.9371e+06 92.525
2.942e+06 92.5236
2.9469e+06 92.5223
2.9518e+06 92.5208
2.9567e+06 92.5181
2.9616e+06 92.5147
2.9665e+06 92.5114
2.9714e+06 92.5075
2.9763e+06 92.5046
2.9812e+06 92.501
2.9861e+06 92.4972
2.991e+06 92.4921
2.9959e+06 92.4873
3.0008e+06 92.4836
3.0057e+06 92.4796
3.0106e+06 92.4735
3.0155e+06 92.4684
3.0204e+06 92.4645
3.0253e+06 92.4609
3.0302e+06 92.4574
3.0351e+06 92.4535
3.04e+06 92.4495
3.0449e+06 92.445
3.0498e+06 92.44
3.0547e+06 92.4359
3.0596e+06 92.4314
3.0645e+06 92.4266
3.0694e+06 92.4219
3.0743e+06 92.4177
3.0792e+06 92.4142
3.0841e+06 92.4099
3.089e+06 92.4042
3.0939e+06 92.3978
3.0988e+06 92.3917
3.1037e+06 92.384
3.1086e+06 92.3768
3.1135e+06 92.3702
3.1184e+06 92.3632
3.1233e+06 92.3579
3.1282e+06 92.3532
3.1331e+06 92.3488
3.138e+06 92.3447
3.1429e+06 92.3397
3.1478e+06 92.3346
3.1527e+06 92.3304
3.1576e+06 92.3258
3.1625e+06 92.3211
3.1674e+06 92.3151
3.1723e+06 92.3079
3.1772e+06 92.301
3.1821e+06 92.2944
3.187e+06 92.2884
3.1919e+06 92.2816
3.1968e+06 92.2741
3.2017e+06 92.2662
3.2066e+06 92.2587
3.2115e+06 92.2501
3.2164e+06 92.2403
3.2213e+06 92.2305
3.2262e+06 92.2201
3.2311e+06 92.2067
3.236e+06 92.1912
3.2409e+06 92.175
3.2458e+06 92.1578
3.2507e+06 92.1402
3.2556e+06 92.1226
3.2605e+06 92.1054
3.2654e+06 92.0889
3.2703e+06 92.0738
3.2752e+06 92.0583
3.2801e+06 92.0427
3.285e+06 92.0265
3.2899e+06 92.0098
3.2948e+06 91.9942
3.2997e+06 91.979
3.3046e+06 91.965
3.3095e+06 91.9524
3.3144e+06 91.9399
3.3193e+06 91.9277
3.3242e+06 91.916
3.3291e+06 91.9046
3.334e+06 91.8929
3.3389e+06 91.881
3.3438e+06 91.8692
3.3487e+06 91.8575
3.3536e+06 91.8447
3.3585e+06 91.832
3.3634e+06 91.8194
3.3683e+06 91.8078
3.3732e+06 91.7968
3.3781e+06 91.7846
3.383e+06 91.7717
3.3879e+06 91.7587
3.3928e+06 91.7461
3.3977e+06 91.7338
3.4026e+06 91.7236
3.4075e+06 91.7133
3.4124e+06 91.7023
3.4173e+06 91.6917
3.4222e+06 91.6825
3.4271e+06 91.6734
3.432e+06 91.663
3.4369e+06 91.6517
3.4418e+06 91.6393
3.4467e+06 91.6265
3.4516e+06 91.6133
3.4565e+06 91.5999
3.4614e+06 91.5863
3.4663e+06 91.5735
3.4712e+06 91.5609
3.4761e+06 91.5477
3.481e+06 91.5348
3.4859e+06 91.5232
3.4908e+06 91.5112
3.4957e+06 91.4995
3.5006e+06 91.4886
3.5055e+06 91.4775
3.5104e+06 91.4655
3.5153e+06 91.4521
3.5202e+06 91.4378
3.5251e+06 91.4232
3.53e+06 91.408
3.5349e+06 91.3928
3.5398e+06 91.3778
3.5447e+06 91.3625
3.5496e+06 91.3461
3.5545e+06 91.3289
3.5594e+06 91.3123
3.5643e+06 91.2966
3.5692e+06 91.2818
3.5741e+06 91.2673
3.579e+06 91.2529
3.5839e+06 91.2388
3.5888e+06 91.2249
3.5937e+06 91.2124
3.5986e+06 91.2009
3.6035e+06 91.1894
3.6084e+06 91.1783
3.6133e+06 91.1672
3.6182e+06 91.1565
3.6231e+06 91.1445
3.628e+06 91.131
3.6329e+06 91.1163
3.6378e+06 91.1025
3.6427e+06 91.0886
3.6476e+06 91.0764
3.6525e+06 91.0655
3.6574e+06 91.0543
3.6623e+06 91.0421
3.6672e+06 91.031
3.6721e+06 91.02
3.677e+06 91.0092
3.6819e+06 90.9981
3.6868e+06 90.9869
3.6917e+06 90.9756
3.6966e+06 90.9652
3.7015e+06 90.9562
3.7064e+06 90.9464
3.7113e+06 90.9366
3.7162e+06 90.9257
3.7211e+06 90.914
3.726e+06 90.9021
3.7309e+06 90.8902
3.7358e+06 90.8788
3.7407e+06 90.8675
3.7456e+06 90.8557
3.7505e+06 90.8443
3.7554e+06 90.8324
3.7603e+06 90.8201
3.7652e+06 90.8087
3.7701e+06 90.7971
3.775e+06 90.7849
3.7799e+06 90.7719
3.7848e+06 90.7578
3.7897e+06 90.7431
3.7946e+06 90.7281
3.7995e+06 90.7141
3.8044e+06 90.7016
3.8093e+06 90.6893
3.8142e+06 90.6778
3.8191e+06 90.6676
3.824e+06 90.6586
3.8289e+06 90.6503
3.8338e+06 90.6424
3.8387e+06 90.6351
3.8436e+06 90.6277
3.8485e+06 90.6198
3.8534e+06 90.6118
3.8583e+06 90.6042
3.8632e+06 90.598
3.8681e+06 90.5921
3.873e+06 90.5857
3.8779e+06 90.5797
3.8828e+06 90.5722
3.8877e+06 90.5648
3.8926e+06 90.5591
3.8975e+06 90.5538
3.9024e+06 90.5479
3.9073e+06 90.5413
3.9122e+06 90.5344
3.9171e+06 90.5275
3.922e+06 90.52
3.9269e+06 90.512
3.9318e+06 90.5049
3.9367e+06 90.4977
3.9416e+06 90.4906
3.9465e+06 90.4837
3.9514e+06 90.477
3.9563e+06 90.4709
3.9612e+06 90.4636
3.9661e+06 90.4561
3.971e+06 90.4478
3.9759e+06 90.4395
3.9808e+06 90.4309
3.9857e+06 90.4226
3.9906e+06 90.4139
3.9955e+06 90.406
4.0004e+06 90.3975
4.0053e+06 90.3899
4.0102e+06 90.3814
4.0151e+06 90.3724
4.02e+06 90.3619
4.0249e+06 90.3504
4.0298e+06 90.3383
4.0347e+06 90.3263
4.0396e+06 90.3146
4.0445e+06 90.3032
4.0494e+06 90.2923
4.0543e+06 90.2817
4.0592e+06 90.2709
4.0641e+06 90.2596
4.069e+06 90.2486
4.0739e+06 90.2377
4.0788e+06 90.2268
4.0837e+06 90.215
4.0886e+06 90.2021
4.0935e+06 90.1877
4.0984e+06 90.1726
4.1033e+06 90.1567
4.1082e+06 90.1412
4.1131e+06 90.1261
4.118e+06 90.1126
4.1229e+06 90.0993
4.1278e+06 90.0849
4.1327e+06 90.0704
4.1376e+06 90.0553
4.1425e+06 90.0403
4.1474e+06 90.0247
4.1523e+06 90.0087
4.1572e+06 89.9928
4.1621e+06 89.9773
4.167e+06 89.9612
4.1719e+06 89.9442
4.1768e+06 89.9271
4.1817e+06 89.9101
4.1866e+06 89.8933
4.1915e+06 89.8761
4.1964e+06 89.858
4.2013e+06 89.8398
4.2062e+06 89.8221
4.2111e+06 89.8054
4.216e+06 89.7891
4.2209e+06 89.7725
4.2258e+06 89.7554
4.2307e+06 89.7389
4.2356e+06 89.7225
4.2405e+06 89.7067
4.2454e+06 89.6921
4.2503e+06 89.6779
4.2552e+06 89.6648
4.2601e+06 89.6517
4.265e+06 89.6391
4.2699e+06 89.6263
4.2748e+06 89.6128
4.2797e+06 89.5997
4.2846e+06 89.587
4.2895e+06 89.5745
4.2944e+06 89.5626
4.2993e+06 89.5508
4.3042e+06 89.538
4.3091e+06 89.5253
4.314e+06 89.5129
4.3189e+06 89.5009
4.3238e+06 89.4885
4.3287e+06 89.4751
4.3336e+06 89.4615
4.3385e+06 89.4472
4.3434e+06 89.432
4.3483e+06 89.4175
4.3532e+06 89.4025
4.3581e+06 89.3881
4.363e+06 89.3734
4.3679e+06 89.3585
4.3728e+06 89.344
4.3777e+06 89.3296
4.3826e+06 89.316
4.3875e+06 89.303
4.3924e+06 89.2906
4.3973e+06 89.2788
4.4022e+06 89.2676
4.4071e+06 89.2569
4.412e+06 89.247
4.4169e+06 89.2375
4.4218e+06 89.2281
4.4267e+06 89.2183
4.4316e+06 89.2082
4.4365e+06 89.1984
4.4414e+06 89.1896
4.4463e+06 89.1811
4.4512e+06 89.1717
4.4561e+06 89.1616
4.461e+06 89.1523
4.4659e+06 89.1435
4.4708e+06 89.1355
4.4757e+06 89.1273
4.4806e+06 89.1191
4.4855e+06 89.111
4.4904e+06 89.103
4.4953e+06 89.0946
4.5002e+06 89.0864
4.5051e+06 89.0785
4.51e+06 89.0704
4.5149e+06 89.0624
4.5198e+06 89.0543
4.5247e+06 89.0458
4.5296e+06 89.0368
4.5345e+06 89.0285
4.5394e+06 89.0211
4.5443e+06 89.0135
4.5492e+06 89.0063
4.5541e+06 88.9993
4.559e+06 88.9928
4.5639e+06 88.9861
4.5688e+06 88.9796
4.5737e+06 88.9735
4.5786e+06 88.9674
4.5835e+06 88.9614
4.5884e+06 88.9553
4.5933e+06 88.9492
4.5982e+06 88.943
4.6031e+06 88.937
4.608e+06 88.9316
4.6129e+06 88.9256
4.6178e+06 88.9196
4.6227e+06 88.914
4.6276e+06 88.9084
4.6325e+06 88.9023
4.6374e+06 88.8964
4.6423e+06 88.8894
4.6472e+06 88.8825
4.6521e+06 88.8751
4.657e+06 88.867
4.6619e+06 88.8591
4.6668e+06 88.8521
4.6717e+06 88.8453
4.6766e+06 88.8381
4.6815e+06 88.8308
4.6864e+06 88.8237
4.6913e+06 88.8168
4.6962e+06 88.8092
4.7011e+06 88.8007
4.706e+06 88.7933
4.7109e+06 88.7866
4.7158e+06 88.7796
4.7207e+06 88.7732
4.7256e+06 88.7673
4.7305e+06 88.7622
4.7354e+06 88.7576
4.7403e+06 88.7529
4.7452e+06 88.7479
4.7501e+06 88.7435
4.755e+06 88.7397
4.7599e+06 88.7355
4.7648e+06 88.7315
4.7697e+06 88.728
4.7746e+06 88.7246
4.7795e+06 88.7219
4.7844e+06 88.7185
4.7893e+06 88.7153
4.7942e+06 88.7125
4.7991e+06 88.71
4.804e+06 88.7079
4.8089e+06 88.7062
4.8138e+06 88.704
4.8187e+06 88.7014
4.8236e+06 88.6988
4.8285e+06 88.6959
4.8334e+06 88.6931
4.8383e+06 88.69
4.8432e+06 88.6863
4.8481e+06 88.6822
4.853e+06 88.6776
4.8579e+06 88.672
4.8628e+06 88.6664
4.8677e+06 88.6605
4.8726e+06 88.6552
4.8775e+06 88.6507
4.8824e+06 88.6464
4.8873e+06 88.6421
4.8922e+06 88.6378
4.8971e+06 88.6331
4.902e+06 88.6281
4.9069e+06 88.6238
4.9118e+06 88.6195
4.9167e+06 88.6154
4.9216e+06 88.6113
4.9265e+06 88.6073
4.9314e+06 88.6033
4.9363e+06 88.5994
4.9412e+06 88.5957
4.9461e+06 88.5912
4.951e+06 88.5871
4.9559e+06 88.5832
4.9608e+06 88.5798
4.9657e+06 88.5765
4.9706e+06 88.5732
4.9755e+06 88.5702
4.9804e+06 88.5665
4.9853e+06 88.5621
4.9902e+06 88.5582
4.9951e+06 88.5545
