100000 70.332
104900 75.9346
109800 74.6025
114700 76.9097
119600 74.6487
124500 79.6363
129400 79.5311
134300 86.3144
139200 90.1519
144100 93.4171
149000 93.468
153900 95.6573
158800 99.5305
163700 94.9923
168600 95.3873
173500 95.5862
178400 89.8395
183300 88.4744
188200 88.3852
193100 87.3578
198000 86.9137
202900 85.8317
207800 87.644
212700 87.6454
217600 88.8935
222500 88.7743
227400 86.7049
232300 83.6799
237200 85.6773
242100 85.4549
247000 86.4649
251900 82.1591
256800 84.7153
261700 83.8149
266600 85.8456
271500 85.3154
276400 87.6439
281300 88.3966
286200 89.4769
291100 85.6624
296000 88.3904
300900 85.7141
305800 84.1021
310700 80.0871
315600 85.838
320500 86.8479
325400 87.539
330300 84.4129
335200 83.7061
340100 84.2111
345000 84.0307
349900 85.2222
354800 88.6581
359700 87.0913
364600 88.9014
369500 88.3861
374400 92.9467
379300 94.4028
384200 94.2588
389100 92.3673
394000 88.7425
398900 84.8179
403800 84.0178
408700 86.3997
413600 87.1193
418500 85.4344
423400 84.7125
428300 85.2024
433200 83.4684
438100 81.9657
443000 83.851
447900 83.242
452800 84.2413
457700 86.6401
462600 81.6877
467500 79.4873
472400 81.0606
477300 80.275
482200 83.7211
487100 84.5193
492000 83.7873
496900 82.9827
501800 82.29
506700 83.4372
511600 82.809
516500 83.7766
521400 83.95
526300 83.4447
531200 82.7839
536100 82.5662
541000 84.3386
545900 86.0715
550800 87.268
555700 90.3852
560600 88.612
565500 89.2367
570400 88.4962
575300 88.4695
580200 87.3304
585100 87.7676
590000 87.0401
594900 87.3032
599800 86.5167
604700 86.7952
609600 88.1387
614500 90.1859
619400 91.9146
624300 93.375
629200 94.1343
634100 94.2849
639000 94.1462
643900 95.918
648800 94.4332
653700 94.4742
658600 97.0548
663500 100.214
668400 98.6305
673300 99.0176
678200 98.3858
683100 99.0844
688000 100.69
692900 99.2357
697800 101.644
702700 103.88
707600 104.393
712500 102.42
717400 103.131
722300 102.09
727200 103.492
732100 103.182
737000 102.089
741900 100.702
746800 100.503
751700 100.685
756600 99.3848
761500 100.121
766400 101.077
771300 103.151
776200 103.865
781100 102.805
786000 101.779
790900 103.757
795800 103.943
800700 103.523
805600 102.257
810500 102.88
815400 102.232
820300 103.221
825200 103.136
830100 103.42
835000 100.958
839900 99.9611
844800 100.333
849700 100.704
854600 102.001
859500 98.8101
864400 98.8105
869300 98.3858
874200 97.1229
879100 96.3665
884000 95.0835
888900 94.383
893800 93.0409
898700 92.1188
903600 91.8518
908500 91.6529
913400 91.5205
918300 90.9826
923200 91.4145
928100 90.3579
933000 91.673
937900 92.2738
942800 94.1401
947700 92.2874
952600 92.8745
957500 90.8059
962400 90.2393
967300 89.7207
972200 90.277
977100 88.7578
982000 87.9523
986900 86.9117
991800 87.47
996700 87.8344
1.0016e+06 88.9409
1.0065e+06 89.3528
1.0114e+06 91.3688
1.0163e+06 89.3361
1.0212e+06 88.6904
1.0261e+06 88.5501
1.031e+06 88.6272
1.0359e+06 88.8663
1.0408e+06 92.7664
1.0457e+06 93.3651
1.0506e+06 95.7607
1.0555e+06 95.7568
1.0604e+06 97.2826
1.0653e+06 97.5753
1.0702e+06 99.0675
1.0751e+06 98.0123
1.08e+06 99.1117
1.0849e+06 98.6734
1.0898e+06 99.0071
1.0947e+06 100.346
1.0996e+06 100.76
1.1045e+06 102.466
1.1094e+06 100.915
1.1143e+06 102.03
1.1192e+06 103.662
1.1241e+06 105.922
1.129e+06 105.97
1.1339e+06 106.444
1.1388e+06 105.688
1.1437e+06 105.717
1.1486e+06 108.419
1.1535e+06 107.298
1.1584e+06 106.51
1.1633e+06 106.337
1.1682e+06 105.007
1.1731e+06 103.474
1.178e+06 106.108
1.1829e+06 106.621
1.1878e+06 107.3
1.1927e+06 109.168
1.1976e+06 108.562
1.2025e+06 109.924
1.2074e+06 110.995
1.2123e+06 113.357
1.2172e+06 115.01
1.2221e+06 113.638
1.227e+06 114.836
1.2319e+06 112.594
1.2368e+06 111.056
1.2417e+06 111.057
1.2466e+06 110.798
1.2515e+06 111.133
1.2564e+06 110.028
1.2613e+06 110.006
1.2662e+06 111.097
1.2711e+06 111.342
1.276e+06 112.996
1.2809e+06 114.426
1.2858e+06 114.73
1.2907e+06 114.372
1.2956e+06 114.78
1.3005e+06 114.025
1.3054e+06 113.067
1.3103e+06 112.424
1.3152e+06 112.15
1.3201e+06 111.66
1.325e+06 111.786
1.3299e+06 110.191
1.3348e+06 110.814
1.3397e+06 109.516
1.3446e+06 108.95
1.3495e+06 108.588
1.3544e+06 109.656
1.3593e+06 107.72
1.3642e+06 109.081
1.3691e+06 109.431
1.374e+06 108.863
1.3789e+06 107.939
1.3838e+06 109.757
1.3887e+06 107.987
1.3936e+06 108.604
1.3985e+06 108.334
1.4034e+06 110.005
1.4083e+06 110.277
1.4132e+06 109.748
1.4181e+06 108.74
1.423e+06 107.742
1.4279e+06 108.954
1.4328e+06 109.946
1.4377e+06 107.623
1.4426e+06 106.003
1.4475e+06 105.48
1.4524e+06 105.65
1.4573e+06 105.361
1.4622e+06 105.49
1.4671e+06 105.57
1.472e+06 103.362
1.4769e+06 104.698
1.4818e+06 105.966
1.4867e+06 106.588
1.4916e+06 106.36
1.4965e+06 105.904
1.5014e+06 106.629
1.5063e+06 105.472
1.5112e+06 104.399
1.5161e+06 103.524
1.521e+06 103.925
1.5259e+06 102.184
1.5308e+06 102.849
1.5357e+06 102.399
1.5406e+06 100.607
1.5455e+06 99.2315
1.5504e+06 100.232
1.5553e+06 98.5041
1.5602e+06 99.3439
1.5651e+06 98.0407
1.57e+06 95.7797
1.5749e+06 93.7754
1.5798e+06 94.0088
1.5847e+06 94.345
1.5896e+06 93.8936
1.5945e+06 93.0775
1.5994e+06 92.9112
1.6043e+06 93.6014
1.6092e+06 92.9907
1.6141e+06 94.3074
1.619e+06 92.0539
1.6239e+06 91.6107
1.6288e+06 91.7674
1.6337e+06 91.099
1.6386e+06 92.2962
1.6435e+06 91.5697
1.6484e+06 91.7716
1.6533e+06 91.7552
1.6582e+06 94.041
1.6631e+06 92.6973
1.668e+06 91.9729
1.6729e+06 93.0062
1.6778e+06 92.3066
1.6827e+06 91.5566
1.6876e+06 92.3534
1.6925e+06 91.3301
1.6974e+06 91.4473
1.7023e+06 89.9065
1.7072e+06 90.5983
1.7121e+06 90.3042
1.717e+06 89.1554
1.7219e+06 89.6914
1.7268e+06 88.5216
1.7317e+06 87.5575
1.7366e+06 87.6008
1.7415e+06 87.1784
1.7464e+06 87.4929
1.7513e+06 87.4093
1.7562e+06 88.8836
1.7611e+06 90.1682
1.766e+06 89.9269
1.7709e+06 88.595
1.7758e+06 87.8689
1.7807e+06 87.947
1.7856e+06 88.6735
1.7905e+06 88.6406
1.7954e+06 87.7404
1.8003e+06 87.1122
1.8052e+06 88.6948
1.8101e+06 89.4618
1.815e+06 90.4744
1.8199e+06 90.2255
1.8248e+06 89.2338
1.8297e+06 89.0817
1.8346e+06 89.8205
1.8395e+06 90.3731
1.8444e+06 90.341
1.8493e+06 89.9873
1.8542e+06 89.8972
1.8591e+06 90.0121
1.864e+06 90.4554
1.8689e+06 90.6391
1.8738e+06 90.9506
1.8787e+06 91.4641
1.8836e+06 92.5359
1.8885e+06 93.1333
1.8934e+06 94.1215
1.8983e+06 94.0003
1.9032e+06 94.3193
1.9081e+06 93.5868
1.913e+06 94.1718
1.9179e+06 92.6814
1.9228e+06 91.9579
1.9277e+06 92.6461
1.9326e+06 90.6493
1.9375e+06 90.6855
1.9424e+06 89.5303
1.9473e+06 90.5855
1.9522e+06 89.5816
1.9571e+06 90.6573
1.962e+06 90.0471
1.9669e+06 90.1237
1.9718e+06 88.8966
1.9767e+06 89.0394
1.9816e+06 89.8316
1.9865e+06 90.3526
1.9914e+06 90.3067
1.9963e+06 90.6594
2.0012e+06 90.6955
2.0061e+06 90.3568
2.011e+06 90.4443
2.0159e+06 89.9871
2.0208e+06 90.1566
2.0257e+06 90.6977
2.0306e+06 90.7534
2.0355e+06 89.3478
2.0404e+06 89.3227
2.0453e+06 88.8056
2.0502e+06 89.2692
2.0551e+06 88.5307
2.06e+06 89.0875
2.0649e+06 89.5847
2.0698e+06 88.7243
2.0747e+06 88.957
2.0796e+06 89.2435
2.0845e+06 88.2413
2.0894e+06 87.7648
2.0943e+06 87.3448
2.0992e+06 87.8144
2.1041e+06 87.8715
2.109e+06 86.5833
2.1139e+06 86.1027
2.1188e+06 85.5642
2.1237e+06 86.2886
2.1286e+06 85.6513
2.1335e+06 86.1839
2.1384e+06 85.9203
2.1433e+06 86.0045
2.1482e+06 86.8864
2.1531e+06 87.3679
2.158e+06 87.1072
2.1629e+06 85.6708
2.1678e+06 87.4526
2.1727e+06 87.8084
2.1776e+06 86.2888
2.1825e+06 85.5381
2.1874e+06 86.8777
2.1923e+06 86.9279
2.1972e+06 86.9827
2.2021e+06 85.588
2.207e+06 85.2188
2.2119e+06 86.3895
2.2168e+06 85.9601
2.2217e+06 86.0967
2.2266e+06 85.2239
2.2315e+06 84.2989
2.2364e+06 84.5914
2.2413e+06 83.1732
2.2462e+06 81.8895
2.2511e+06 81.746
2.256e+06 80.9435
2.2609e+06 79.991
2.2658e+06 79.94
2.2707e+06 80.4683
2.2756e+06 80.2753
2.2805e+06 80.287
2.2854e+06 79.7265
2.2903e+06 78.8878
2.2952e+06 80.3506
2.3001e+06 80.9886
2.305e+06 82.449
2.3099e+06 83.9227
2.3148e+06 83.4061
2.3197e+06 82.9695
2.3246e+06 83.8224
2.3295e+06 83.1989
2.3344e+06 84.2432
2.3393e+06 84.3872
2.3442e+06 83.835
2.3491e+06 84.3451
2.354e+06 83.2722
2.3589e+06 83.3668
2.3638e+06 82.4779
2.3687e+06 82.7438
2.3736e+06 83.2928
2.3785e+06 83.545
2.3834e+06 82.9062
2.3883e+06 82.925
2.3932e+06 83.0526
2.3981e+06 83.4504
2.403e+06 83.4209
2.4079e+06 84.0517
2.4128e+06 84.3832
2.4177e+06 85.679
2.4226e+06 86.3898
2.4275e+06 86.4975
2.4324e+06 86.1836
2.4373e+06 85.4814
2.4422e+06 87.5576
2.4471e+06 87.8691
2.452e+06 87.1749
2.4569e+06 86.2482
2.4618e+06 87.2522
2.4667e+06 88.0362
2.4716e+06 87.5673
2.4765e+06 86.2079
2.4814e+06 86.0102
2.4863e+06 85.8348
2.4912e+06 85.4965
2.4961e+06 86.491
2.501e+06 87.0551
2.5059e+06 87.5115
2.5108e+06 87.502
2.5157e+06 88.8341
2.5206e+06 88.0901
2.5255e+06 88.2876
2.5304e+06 88.2581
2.5353e+06 88.653
2.5402e+06 90.1402
2.5451e+06 90.0935
2.55e+06 88.9659
2.5549e+06 89.1461
2.5598e+06 88.0415
2.5647e+06 87.2872
2.5696e+06 88.1761
2.5745e+06 88.4298
2.5794e+06 89.7512
2.5843e+06 88.6481
2.5892e+06 88.7639
2.5941e+06 88.9564
2.599e+06 88.9612
2.6039e+06 88.6
2.6088e+06 88.3574
2.6137e+06 87.4902
2.6186e+06 86.9381
2.6235e+06 86.708
2.6284e+06 87.0394
2.6333e+06 88.4734
2.6382e+06 88.8371
2.6431e+06 88.9802
2.648e+06 88.4779
2.6529e+06 87.7137
2.6578e+06 87.9571
2.6627e+06 88.8514
2.6676e+06 89.081
2.6725e+06 89.2672
2.6774e+06 91.2353
2.6823e+06 91.3382
2.6872e+06 91.4458
2.6921e+06 90.702
2.697e+06 89.2364
2.7019e+06 90.1845
2.7068e+06 91.2263
2.7117e+06 91.397
2.7166e+06 90.4194
2.7215e+06 89.8246
2.7264e+06 89.1223
2.7313e+06 89.3916
2.7362e+06 89.4268
2.7411e+06 89.9831
2.746e+06 89.6041
2.7509e+06 88.8135
2.7558e+06 88.4103
2.7607e+06 88.7374
2.7656e+06 88.0214
2.7705e+06 88.3444
2.7754e+06 89.1019
2.7803e+06 87.9761
2.7852e+06 88.7118
2.7901e+06 87.3144
2.795e+06 87.3206
2.7999e+06 86.9632
2.8048e+06 86.201
2.8097e+06 87.0503
2.8146e+06 87.1503
2.8195e+06 86.9062
2.8244e+06 88.0192
2.8293e+06 88.0906
2.8342e+06 89.2488
2.8391e+06 89.4369
2.844e+06 88.9365
2.8489e+06 88.8219
2.8538e+06 88.093
2.8587e+06 87.6771
2.8636e+06 87.4974
2.8685e+06 87.2628
2.8734e+06 87.6966
2.8783e+06 87.9008
2.8832e+06 88.5243
2.8881e+06 87.5332
2.893e+06 87.6671
2.8979e+06 87.6921
2.9028e+06 88.6065
2.9077e+06 89.4158
2.9126e+06 90.0977
2.9175e+06 91.8875
2.9224e+06 91.8124
2.9273e+06 92.5971
2.9322e+06 92.6692
2.9371e+06 91.951
2.942e+06 91.9598
2.9469e+06 91.705
2.9518e+06 91.1998
2.9567e+06 90.8878
2.9616e+06 90.4674
2.9665e+06 90.6829
2.9714e+06 90.3528
2.9763e+06 90.9069
2.9812e+06 90.568
2.9861e+06 89.9277
2.991e+06 89.8801
2.9959e+06 89.4473
3.0008e+06 90.2686
3.0057e+06 89.3832
3.0106e+06 89.1191
3.0155e+06 89.7914
3.0204e+06 89.9371
3.0253e+06 90.8545
3.0302e+06 90.0968
3.0351e+06 89.9943
3.04e+06 89.8181
3.0449e+06 89.347
3.0498e+06 89.7087
3.0547e+06 90.4216
3.0596e+06 89.8647
3.0645e+06 88.9963
3.0694e+06 89.8164
3.0743e+06 90.1461
3.0792e+06 90.3827
3.0841e+06 89.6588
3.089e+06 88.3724
3.0939e+06 88.7367
3.0988e+06 88.1827
3.1037e+06 87.7507
3.1086e+06 88.3094
3.1135e+06 87.8572
3.1184e+06 88.3377
3.1233e+06 89.5607
3.1282e+06 89.1734
3.1331e+06 90.0311
3.138e+06 89.8697
3.1429e+06 89.2803
3.1478e+06 89.5279
3.1527e+06 89.7545
3.1576e+06 89.7221
3.1625e+06 88.8374
3.1674e+06 88.0471
3.1723e+06 87.6408
3.1772e+06 87.8954
3.1821e+06 88.3231
3.187e+06 88.2432
3.1919e+06 88.1541
3.1968e+06 86.9612
3.2017e+06 87.4538
3.2066e+06 87.5716
3.2115e+06 86.5037
3.2164e+06 85.51
3.2213e+06 85.9883
3.2262e+06 84.7031
3.2311e+06 82.5826
3.236e+06 81.9196
3.2409e+06 81.481
3.2458e+06 81.1999
3.2507e+06 81.1002
3.2556e+06 80.9213
3.2605e+06 81.3711
3.2654e+06 82.095
3.2703e+06 81.8259
3.2752e+06 81.9151
3.2801e+06 81.7531
3.285e+06 80.7678
3.2899e+06 81.531
3.2948e+06 81.8636
3.2997e+06 82.4547
3.3046e+06 83.2258
3.3095e+06 83.9623
3.3144e+06 83.7571
3.3193e+06 84.0192
3.3242e+06 84.2066
3.3291e+06 84.6228
3.334e+06 84.4821
3.3389e+06 84.2293
3.3438e+06 84.5017
3.3487e+06 84.1576
3.3536e+06 83.0567
3.3585e+06 83.4438
3.3634e+06 83.8942
3.3683e+06 84.4369
3.3732e+06 84.1639
3.3781e+06 83.2518
3.383e+06 83.2289
3.3879e+06 82.8777
3.3928e+06 83.1674
3.3977e+06 84.3684
3.4026e+06 85.1498
3.4075e+06 84.9119
3.4124e+06 84.2778
3.4173e+06 85.0876
3.4222e+06 85.892
3.4271e+06 84.9614
3.432e+06 84.0668
3.4369e+06 83.7411
3.4418e+06 82.4278
3.4467e+06 82.8743
3.4516e+06 82.293
3.4565e+06 82.3924
3.4614e+06 82.4491
3.4663e+06 82.8299
3.4712e+06 82.3559
3.4761e+06 82.9105
3.481e+06 83.1309
3.4859e+06 83.7002
3.4908e+06 83.5564
3.4957e+06 83.4058
3.5006e+06 84.0487
3.5055e+06 83.7415
3.5104e+06 82.4637
3.5153e+06 81.7827
3.5202e+06 81.6484
3.5251e+06 80.5335
3.53e+06 80.8224
3.5349e+06 80.5705
3.5398e+06 80.7036
3.5447e+06 80.0463
3.5496e+06 79.3873
3.5545e+06 79.4461
3.5594e+06 79.6101
3.5643e+06 80.665
3.5692e+06 81.0509
3.5741e+06 81.1688
3.579e+06 81.2195
3.5839e+06 81.1044
3.5888e+06 81.7228
3.5937e+06 83.162
3.5986e+06 82.893
3.6035e+06 83.4486
3.6084e+06 83.0336
3.6133e+06 83.3278
3.6182e+06 83.3499
3.6231e+06 81.7359
3.628e+06 80.8566
3.6329e+06 80.8447
3.6378e+06 81.0961
3.6427e+06 81.3941
3.6476e+06 83.5336
3.6525e+06 82.8989
3.6574e+06 83.0825
3.6623e+06 82.1871
3.6672e+06 82.7945
3.6721e+06 82.7306
3.677e+06 83.456
3.6819e+06 82.7079
3.6868e+06 82.5489
3.6917e+06 82.5871
3.6966e+06 84.1576
3.7015e+06 84.0984
3.7064e+06 83.3766
3.7113e+06 83.6248
3.7162e+06 83.0971
3.7211e+06 81.525
3.726e+06 82.3829
3.7309e+06 82.172
3.7358e+06 82.5859
3.7407e+06 81.9474
3.7456e+06 81.8777
3.7505e+06 82.4978
3.7554e+06 81.4765
3.7603e+06 82.0782
3.7652e+06 82.0714
3.7701e+06 82.1524
3.775e+06 81.0832
3.7799e+06 80.7044
3.7848e+06 79.5144
3.7897e+06 79.2899
3.7946e+06 79.868
3.7995e+06 80.6849
3.8044e+06 81.2407
3.8093e+06 81.9086
3.8142e+06 82.46
3.8191e+06 83.511
3.824e+06 84.0342
3.8289e+06 84.5736
3.8338e+06 84.4746
3.8387e+06 85.3013
3.8436e+06 84.2809
3.8485e+06 84.7472
3.8534e+06 84.4998
3.8583e+06 85.241
3.8632e+06 86.0154
3.8681e+06 85.6275
3.873e+06 86.1865
3.8779e+06 85.0207
3.8828e+06 84.358
3.8877e+06 85.6934
3.8926e+06 86.3901
3.8975e+06 86.3842
3.9024e+06 86.1634
3.9073e+06 85.041
3.9122e+06 85.0741
3.9171e+06 84.6238
3.922e+06 84.3747
3.9269e+06 84.7164
3.9318e+06 84.912
3.9367e+06 84.7892
3.9416e+06 85.2028
3.9465e+06 84.9104
3.9514e+06 84.8717
3.9563e+06 85.5621
3.9612e+06 84.6157
3.9661e+06 84.1511
3.971e+06 83.8365
3.9759e+06 84.1967
3.9808e+06 83.3972
3.9857e+06 83.4305
3.9906e+06 83.873
3.9955e+06 83.6379
4.0004e+06 83.9664
4.0053e+06 84.0708
4.0102e+06 83.5638
4.0151e+06 82.8394
4.02e+06 81.6877
4.0249e+06 80.7533
4.0298e+06 80.5306
4.0347e+06 80.3413
4.0396e+06 81.4172
4.0445e+06 80.9392
4.0494e+06 81.6107
4.0543e+06 81.9297
4.0592e+06 81.2898
4.0641e+06 81.0426
4.069e+06 81.4136
4.0739e+06 80.9992
4.0788e+06 81.4342
4.0837e+06 80.2142
4.0886e+06 78.6252
4.0935e+06 77.8529
4.0984e+06 77.2819
4.1033e+06 76.896
4.1082e+06 77.7836
4.1131e+06 78.4191
4.118e+06 79.1242
4.1229e+06 78.4835
4.1278e+06 78.3195
4.1327e+06 77.8716
4.1376e+06 77.76
4.1425e+06 77.3493
4.1474e+06 77.03
4.1523e+06 76.4584
4.1572e+06 77.115
4.1621e+06 76.8021
4.167e+06 76.0822
4.1719e+06 75.577
4.1768e+06 75.9621
4.1817e+06 75.7732
4.1866e+06 75.7707
4.1915e+06 75.2639
4.1964e+06 74.3797
4.2013e+06 74.7848
4.2062e+06 75.3341
4.2111e+06 76.3646
4.216e+06 76.1969
4.2209e+06 75.5094
4.2258e+06 75.5525
4.2307e+06 76.1529
4.2356e+06 75.8351
4.2405e+06 76.7879
4.2454e+06 77.707
4.2503e+06 78.016
4.2552e+06 78.3388
4.2601e+06 79.2653
4.265e+06 78.6329
4.2699e+06 78.2035
4.2748e+06 78.5633
4.2797e+06 78.4448
4.2846e+06 78.9402
4.2895e+06 79.3148
4.2944e+06 79.4173
4.2993e+06 78.869
4.3042e+06 78.5562
4.3091e+06 78.5082
4.314e+06 79.161
4.3189e+06 79.1365
4.3238e+06 78.1097
4.3287e+06 78.1888
4.3336e+06 77.2221
4.3385e+06 76.5745
4.3434e+06 76.4403
4.3483e+06 76.631
4.3532e+06 76.6961
4.3581e+06 76.6884
4.363e+06 76.3821
4.3679e+06 76.6774
4.3728e+06 76.8634
4.3777e+06 76.94
4.3826e+06 77.3712
4.3875e+06 78.4336
4.3924e+06 78.7613
4.3973e+06 79.3725
4.4022e+06 79.5272
4.4071e+06 79.988
4.412e+06 80.967
4.4169e+06 80.4296
4.4218e+06 81.3641
4.4267e+06 80.3862
4.4316e+06 80.4571
4.4365e+06 80.7222
4.4414e+06 81.9626
4.4463e+06 81.159
4.4512e+06 80.4105
4.4561e+06 80.4946
4.461e+06 80.9675
4.4659e+06 82.0242
4.4708e+06 81.8705
4.4757e+06 81.3118
4.4806e+06 81.6395
4.4855e+06 81.8541
4.4904e+06 81.6985
4.4953e+06 81.7659
4.5002e+06 81.8545
4.5051e+06 81.9338
4.51e+06 81.9598
4.5149e+06 81.6715
4.5198e+06 81.4577
4.5247e+06 81.0291
4.5296e+06 81.0567
4.5345e+06 82.1792
4.5394e+06 82.2137
4.5443e+06 82.5832
4.5492e+06 82.2536
4.5541e+06 82.9063
4.559e+06 82.8165
4.5639e+06 82.8819
4.5688e+06 83.3493
4.5737e+06 83.4786
4.5786e+06 83.118
4.5835e+06 83.6647
4.5884e+06 83.2863
4.5933e+06 83.101
4.5982e+06 83.0069
4.6031e+06 84.0125
4.608e+06 83.5167
4.6129e+06 83.3066
4.6178e+06 83.4478
4.6227e+06 84.066
4.6276e+06 83.1993
4.6325e+06 83.4828
4.6374e+06 82.7917
4.6423e+06 82.4546
4.6472e+06 82.5221
4.6521e+06 81.3464
4.657e+06 81.4138
4.6619e+06 82.0818
4.6668e+06 82.3941
4.6717e+06 82.3705
4.6766e+06 82.1366
4.6815e+06 82.0915
4.6864e+06 82.2537
4.6913e+06 82.0009
4.6962e+06 81.1841
4.7011e+06 81.2305
4.706e+06 82.3426
4.7109e+06 82.3129
4.7158e+06 82.5042
4.7207e+06 83.0629
4.7256e+06 83.2914
4.7305e+06 84.4673
4.7354e+06 83.9987
4.7403e+06 84.0383
4.7452e+06 83.9187
4.7501e+06 85.0886
4.755e+06 84.7102
4.7599e+06 85.0263
4.7648e+06 85.3162
4.7697e+06 85.4575
4.7746e+06 86.3021
4.7795e+06 85.819
4.7844e+06 85.5038
4.7893e+06 85.7975
4.7942e+06 86.1081
4.7991e+06 86.5077
4.804e+06 87.079
4.8089e+06 86.8983
4.8138e+06 86.2633
4.8187e+06 86.4723
4.8236e+06 86.1265
4.8285e+06 85.868
4.8334e+06 86.0876
4.8383e+06 85.3301
4.8432e+06 85.0107
4.8481e+06 84.4941
4.853e+06 83.6403
4.8579e+06 83.2308
4.8628e+06 83.1022
4.8677e+06 83.1299
4.8726e+06 83.6802
4.8775e+06 84.4437
4.8824e+06 84.2151
4.8873e+06 84.5132
4.8922e+06 84.4409
4.8971e+06 83.6342
4.902e+06 84.226
4.9069e+06 84.2609
4.9118e+06 84.6815
4.9167e+06 84.5194
4.9216e+06 84.8422
4.9265e+06 84.4994
4.9314e+06 84.7364
4.9363e+06 84.7956
4.9412e+06 84.7116
4.9461e+06 84.1869
4.951e+06 84.493
4.9559e+06 84.8799
4.9608e+06 85.2662
4.9657e+06 85.2751
4.9706e+06 85.47
4.9755e+06 85.312
4.9804e+06 84.7462
4.9853e+06 84.2238
4.9902e+06 85.3347
4.9951e+06 84.8333
