1000 2.93737e-05
1004 2.68699e-05
1008 2.69429e-05
1012 2.5986e-05
1016 2.50305e-05
1020 2.50974e-05
1024 2.56623e-05
1028 2.58287e-05
1032 2.52377e-05
1036 2.54623e-05
1040 2.55898e-05
1044 2.54979e-05
1048 2.54784e-05
1052 2.5316e-05
1056 2.50218e-05
1060 2.50166e-05
1064 2.49125e-05
1068 2.47987e-05
1072 2.45722e-05
1076 2.44834e-05
1080 2.4379e-05
1084 2.45512e-05
1088 2.4528e-05
1092 2.44395e-05
1096 2.42184e-05
1100 2.41795e-05
1104 2.40436e-05
1108 2.387e-05
1112 2.38111e-05
1116 2.37757e-05
1120 2.36804e-05
1124 2.35716e-05
1128 2.35609e-05
1132 2.3473e-05
1136 2.32449e-05
1140 2.3248e-05
1144 2.32754e-05
1148 2.32784e-05
1152 2.32854e-05
1156 2.32427e-05
1160 2.32343e-05
1164 2.31543e-05
1168 2.30837e-05
1172 2.30241e-05
1176 2.29603e-05
1180 2.29724e-05
1184 2.28907e-05
1188 2.28039e-05
1192 2.27365e-05
1196 2.26924e-05
1200 2.25711e-05
1204 2.24811e-05
1208 2.2418e-05
1212 2.2309e-05
1216 2.22977e-05
1220 2.22226e-05
1224 2.21996e-05
1228 2.21694e-05
1232 2.21353e-05
1236 2.21484e-05
1240 2.21288e-05
1244 2.21121e-05
1248 2.21182e-05
1252 2.20995e-05
1256 2.2025e-05
1260 2.20001e-05
1264 2.19879e-05
1268 2.19223e-05
1272 2.18525e-05
1276 2.18593e-05
1280 2.18924e-05
1284 2.18787e-05
1288 2.19793e-05
1292 2.20085e-05
1296 2.19501e-05
1300 2.18748e-05
1304 2.18608e-05
1308 2.18658e-05
1312 2.18699e-05
1316 2.18488e-05
1320 2.18583e-05
1324 2.18031e-05
1328 2.17748e-05
1332 2.17776e-05
1336 2.17462e-05
1340 2.17163e-05
1344 2.17231e-05
1348 2.17009e-05
1352 2.17168e-05
1356 2.16823e-05
1360 2.16585e-05
1364 2.16131e-05
1368 2.16039e-05
1372 2.15683e-05
1376 2.15196e-05
1380 2.15032e-05
1384 2.14604e-05
1388 2.14194e-05
1392 2.13895e-05
1396 2.13599e-05
1400 2.13272e-05
1404 2.12823e-05
1408 2.12502e-05
1412 2.12091e-05
1416 2.11677e-05
1420 2.11297e-05
1424 2.11018e-05
1428 2.106e-05
1432 2.10564e-05
1436 2.10349e-05
1440 2.09967e-05
1444 2.09605e-05
1448 2.09159e-05
1452 2.08685e-05
1456 2.084e-05
1460 2.08158e-05
1464 2.07872e-05
1468 2.07461e-05
1472 2.07471e-05
1476 2.07332e-05
1480 2.07424e-05
1484 2.07059e-05
1488 2.06875e-05
1492 2.06581e-05
1496 2.06526e-05
1500 2.06302e-05
1504 2.06001e-05
1508 2.05801e-05
1512 2.05445e-05
1516 2.04985e-05
1520 2.04852e-05
1524 2.04363e-05
1528 2.0426e-05
1532 2.04014e-05
1536 2.03468e-05
1540 2.0296e-05
1544 2.02485e-05
1548 2.01978e-05
1552 2.0154e-05
1556 2.01222e-05
1560 2.00903e-05
1564 2.00734e-05
1568 2.03539e-05
1572 2.27186e-05
1576 2.9232e-05
1580 4.15258e-05
1584 6.01518e-05
1588 8.57893e-05
1592 0.000120191
1596 0.000166922
1600 0.000227813
1604 0.000303572
1608 0.000397403
1612 0.000511134
1616 0.000644204
1620 0.000795854
1624 0.000966932
1628 0.00115939
1632 0.00137323
1636 0.00161146
1640 0.00187453
1644 0.00216081
1648 0.00247686
1652 0.00282622
1656 0.00320537
1660 0.00361222
1664 0.00404223
1668 0.00449284
1672 0.00497078
1676 0.00547126
1680 0.00600101
1684 0.00656345
1688 0.00715866
1692 0.00779133
1696 0.00845652
1700 0.0091625
1704 0.00991418
1708 0.0107148
1712 0.0115579
1716 0.0124375
1720 0.0133577
1724 0.0143207
1728 0.0153246
1732 0.01637
1736 0.017459
1740 0.0185907
1744 0.0197612
1748 0.020978
1752 0.0222352
1756 0.0235308
1760 0.0248732
1764 0.0262625
1768 0.0276964
1772 0.0291734
1776 0.0306923
1780 0.0322537
1784 0.0338605
1788 0.0355188
1792 0.0372308
1796 0.0389917
1800 0.0408014
1804 0.0426605
1808 0.044562
1812 0.0465029
1816 0.0484908
1820 0.0505256
1824 0.0525979
1828 0.0547096
1832 0.0568696
1836 0.0590911
1840 0.0613709
1844 0.0636999
1848 0.0660701
1852 0.0684774
1856 0.0709403
1860 0.0734558
1864 0.0760121
1868 0.0786187
1872 0.0812683
1876 0.0839631
1880 0.0867029
1884 0.0894861
1888 0.0923206
1892 0.0952167
1896 0.0981579
1900 0.101152
1904 0.104214
1908 0.107323
1912 0.110479
1916 0.11368
1920 0.116948
1924 0.120278
1928 0.123668
1932 0.127116
1936 0.130628
1940 0.134196
1944 0.137807
1948 0.141463
1952 0.145162
1956 0.148871
1960 0.152632
1964 0.156454
1968 0.160331
1972 0.164256
1976 0.168234
1980 0.172264
1984 0.176351
1988 0.180498
1992 0.184687
1996 0.188927
2000 0.193227
2004 0.197588
2008 0.20201
2012 0.206484
2016 0.211011
2020 0.215594
2024 0.220231
2028 0.224918
2032 0.229663
2036 0.234471
2040 0.239324
2044 0.244225
2048 0.249166
2052 0.254156
2056 0.259184
2060 0.264253
2064 0.269375
2068 0.274541
2072 0.279749
2076 0.284982
2080 0.290257
2084 0.295577
2088 0.300946
2092 0.306374
2096 0.311849
2100 0.317352
2104 0.322899
2108 0.328481
2112 0.334087
2116 0.339731
2120 0.345412
2124 0.351146
2128 0.356928
2132 0.36275
2136 0.368592
2140 0.37447
2144 0.380391
2148 0.386358
2152 0.392372
2156 0.398432
2160 0.404532
2164 0.410677
2168 0.41686
2172 0.423086
2176 0.429341
2180 0.435626
2184 0.441941
2188 0.448301
2192 0.454717
2196 0.461188
2200 0.467704
2204 0.474262
2208 0.480858
2212 0.487502
2216 0.494192
2220 0.500928
2224 0.507709
2228 0.514535
2232 0.521405
2236 0.528325
2240 0.535279
2244 0.542268
2248 0.549301
2252 0.556384
2256 0.563502
2260 0.570646
2264 0.577812
2268 0.585003
2272 0.592218
2276 0.599464
2280 0.606765
2284 0.614134
2288 0.621561
2292 0.629046
2296 0.636578
2300 0.644144
2304 0.651745
2308 0.659379
2312 0.667059
2316 0.67478
2320 0.682543
2324 0.690341
2328 0.698092
2332 0.705766
2336 0.713382
2340 0.720937
2344 0.728427
2348 0.735858
2352 0.74323
2356 0.750541
2360 0.757792
2364 0.764986
2368 0.772121
2372 0.779202
2376 0.78622
2380 0.793189
2384 0.8001
2388 0.806954
2392 0.813757
2396 0.820503
2400 0.827191
2404 0.833828
2408 0.840414
2412 0.846946
2416 0.853426
2420 0.859855
2424 0.866234
2428 0.87256
2432 0.878841
2436 0.885069
2440 0.891259
2444 0.897392
2448 0.903475
2452 0.909515
2456 0.915507
2460 0.921457
2464 0.927353
2468 0.933207
2472 0.939017
2476 0.94478
2480 0.950498
2484 0.956175
2488 0.961803
2492 0.967389
2496 0.972934
2500 0.978432
2504 0.983891
2508 0.989309
2512 0.994682
2516 1.00002
2520 1.00531
2524 1.01056
2528 1.01577
2532 1.02095
2536 1.02608
2540 1.03118
2544 1.03624
2548 1.04125
2552 1.04624
2556 1.05118
2560 1.05609
2564 1.06096
2568 1.06579
2572 1.07059
2576 1.07535
2580 1.08007
2584 1.08476
2588 1.08942
2592 1.09404
2596 1.09862
2600 1.10317
2604 1.10769
2608 1.11218
2612 1.11662
2616 1.12104
2620 1.12543
2624 1.12978
2628 1.1341
2632 1.13839
2636 1.14264
2640 1.14687
2644 1.15106
2648 1.15523
2652 1.15936
2656 1.16346
2660 1.16753
2664 1.17157
2668 1.17558
2672 1.17956
2676 1.18352
2680 1.18744
2684 1.19133
2688 1.1952
2692 1.19904
2696 1.20285
2700 1.20664
2704 1.21039
2708 1.21412
2712 1.21782
2716 1.2215
2720 1.22514
2724 1.22877
2728 1.23236
2732 1.23593
2736 1.23947
2740 1.24299
2744 1.24649
2748 1.24995
2752 1.2534
2756 1.25682
2760 1.26021
2764 1.26358
2768 1.26692
2772 1.27024
2776 1.27354
2780 1.27681
2784 1.28006
2788 1.28329
2792 1.28649
2796 1.28967
2800 1.29283
2804 1.29596
2808 1.29907
2812 1.30216
2816 1.30523
2820 1.30828
2824 1.3113
2828 1.3143
2832 1.31728
2836 1.32024
2840 1.32318
2844 1.3261
2848 1.329
2852 1.33188
2856 1.33474
2860 1.33757
2864 1.34039
2868 1.34318
2872 1.34596
2876 1.34872
2880 1.35145
2884 1.35417
2888 1.35687
2892 1.35955
2896 1.36221
2900 1.36485
2904 1.36747
2908 1.37008
2912 1.37266
2916 1.37523
2920 1.37778
2924 1.38031
2928 1.38282
2932 1.38532
2936 1.38779
2940 1.39026
2944 1.3927
2948 1.39513
2952 1.39755
2956 1.39994
2960 1.40233
2964 1.4047
2968 1.40705
2972 1.4094
2976 1.41173
2980 1.41404
2984 1.41635
2988 1.41864
2992 1.42092
2996 1.4232
3000 1.42546
3004 1.42771
3008 1.42995
3012 1.43219
3016 1.43441
3020 1.43663
3024 1.43883
3028 1.44103
3032 1.44323
3036 1.44541
3040 1.44759
3044 1.44976
3048 1.45192
3052 1.45408
3056 1.45623
3060 1.45838
3064 1.46052
3068 1.46266
3072 1.46479
3076 1.46691
3080 1.46904
3084 1.47115
3088 1.47326
3092 1.47537
3096 1.47748
3100 1.47959
3104 1.48169
3108 1.48379
3112 1.48589
3116 1.48799
3120 1.49009
3124 1.49218
3128 1.49428
3132 1.49638
3136 1.49848
3140 1.50057
3144 1.50267
3148 1.50477
3152 1.50687
3156 1.50897
3160 1.51108
3164 1.51318
3168 1.51529
3172 1.5174
3176 1.51951
3180 1.52162
3184 1.52372
3188 1.52583
3192 1.52794
3196 1.53005
3200 1.53216
3204 1.53427
3208 1.53638
3212 1.5385
3216 1.54062
3220 1.54275
3224 1.54488
3228 1.54702
3232 1.54916
3236 1.55131
3240 1.55346
3244 1.55562
3248 1.55779
3252 1.55996
3256 1.56214
3260 1.56432
3264 1.56652
3268 1.56872
3272 1.57093
3276 1.57316
3280 1.57539
3284 1.57762
3288 1.57986
3292 1.58212
3296 1.58438
3300 1.58665
3304 1.58893
3308 1.59122
3312 1.5935
3316 1.59579
3320 1.5981
3324 1.60041
3328 1.60272
3332 1.60504
3336 1.60737
3340 1.6097
3344 1.61204
3348 1.6144
3352 1.61676
3356 1.61913
3360 1.62151
3364 1.6239
3368 1.6263
3372 1.62871
3376 1.63114
3380 1.63357
3384 1.63602
3388 1.63848
3392 1.64094
3396 1.64342
3400 1.6459
3404 1.6484
3408 1.6509
3412 1.65342
3416 1.65595
3420 1.6585
3424 1.66105
3428 1.66362
3432 1.66619
3436 1.66878
3440 1.67139
3444 1.67401
3448 1.67664
3452 1.67929
3456 1.68195
3460 1.68462
3464 1.68731
3468 1.69002
3472 1.69275
3476 1.69548
3480 1.69823
3484 1.70098
3488 1.70374
3492 1.70652
3496 1.70932
3500 1.71213
3504 1.71495
3508 1.71779
3512 1.72064
3516 1.7235
3520 1.72638
3524 1.72927
3528 1.73218
3532 1.73511
3536 1.73805
3540 1.741
3544 1.74397
3548 1.74695
3552 1.74995
3556 1.75296
3560 1.75598
3564 1.75902
3568 1.76206
3572 1.76512
3576 1.76819
3580 1.77128
3584 1.77439
3588 1.77752
3592 1.78065
3596 1.78379
3600 1.78696
3604 1.79013
3608 1.79332
3612 1.79653
3616 1.79975
3620 1.80298
3624 1.80622
3628 1.80946
3632 1.81273
3636 1.816
3640 1.8193
3644 1.8226
3648 1.82592
3652 1.82926
3656 1.83261
3660 1.83598
3664 1.83936
3668 1.84276
3672 1.84618
3676 1.8496
3680 1.85305
3684 1.8565
3688 1.85998
3692 1.86346
3696 1.86697
3700 1.87049
3704 1.87403
3708 1.87759
3712 1.88116
3716 1.88475
3720 1.88836
3724 1.89198
3728 1.89562
3732 1.89927
3736 1.90294
3740 1.90662
3744 1.91032
3748 1.91405
3752 1.91778
3756 1.92153
3760 1.9253
3764 1.92908
3768 1.93288
3772 1.9367
3776 1.94053
3780 1.94438
3784 1.94825
3788 1.95213
3792 1.95602
3796 1.95993
3800 1.96385
3804 1.9678
3808 1.97177
3812 1.97576
3816 1.97976
3820 1.98377
3824 1.98781
3828 1.99186
3832 1.99593
3836 2.00002
3840 2.00413
3844 2.00826
3848 2.01242
3852 2.01659
3856 2.02079
3860 2.02501
3864 2.02925
3868 2.03352
3872 2.0378
3876 2.04209
3880 2.04639
3884 2.0507
3888 2.05503
3892 2.05937
3896 2.06372
3900 2.0681
3904 2.07248
3908 2.07689
3912 2.08131
3916 2.08574
3920 2.09018
3924 2.09463
3928 2.0991
3932 2.10359
3936 2.1081
3940 2.11262
3944 2.11716
3948 2.12172
3952 2.12629
3956 2.13089
3960 2.1355
3964 2.14013
3968 2.14479
3972 2.14946
3976 2.15415
3980 2.15885
3984 2.16357
3988 2.16832
3992 2.17308
3996 2.17786
4000 2.18265
4004 2.18747
4008 2.1923
4012 2.19717
4016 2.20205
4020 2.20695
4024 2.21188
4028 2.21682
4032 2.22178
4036 2.22675
4040 2.23175
4044 2.23676
4048 2.24179
4052 2.24685
4056 2.25192
4060 2.25701
4064 2.26212
4068 2.26725
4072 2.2724
4076 2.27757
4080 2.28276
4084 2.28798
4088 2.29321
4092 2.29846
4096 2.30373
4100 2.30902
4104 2.31433
4108 2.31965
4112 2.325
4116 2.33036
4120 2.33573
4124 2.34111
4128 2.34651
4132 2.35192
4136 2.35734
4140 2.36278
4144 2.36824
4148 2.37374
4152 2.37925
4156 2.3848
4160 2.39037
4164 2.39596
4168 2.40158
4172 2.40722
4176 2.4129
4180 2.41859
4184 2.42431
4188 2.43004
4192 2.43579
4196 2.44156
4200 2.44734
4204 2.45315
4208 2.45896
4212 2.46478
4216 2.47062
4220 2.47647
4224 2.48233
4228 2.48819
4232 2.49407
4236 2.49998
4240 2.50591
4244 2.51186
4248 2.51781
4252 2.52379
4256 2.52977
4260 2.53577
4264 2.54179
4268 2.54783
4272 2.5539
4276 2.55998
4280 2.56608
4284 2.57219
4288 2.57831
4292 2.58445
4296 2.5906
4300 2.59676
4304 2.60293
4308 2.60912
4312 2.61532
4316 2.62154
4320 2.62777
4324 2.63401
4328 2.64027
4332 2.64656
4336 2.65286
4340 2.65917
4344 2.66551
4348 2.67185
4352 2.67822
4356 2.68459
4360 2.69099
4364 2.69739
4368 2.70381
4372 2.71024
4376 2.7167
4380 2.72317
4384 2.72965
4388 2.73615
4392 2.74266
4396 2.74919
4400 2.75574
4404 2.76231
4408 2.76891
4412 2.77552
4416 2.78215
4420 2.7888
4424 2.79548
4428 2.80217
4432 2.80887
4436 2.81558
4440 2.82231
4444 2.82905
4448 2.83582
4452 2.8426
4456 2.84941
4460 2.85624
4464 2.86308
4468 2.86994
4472 2.87681
4476 2.88368
4480 2.89057
4484 2.89746
4488 2.90437
4492 2.91129
4496 2.91823
4500 2.92519
4504 2.93215
4508 2.93912
4512 2.94611
4516 2.9531
4520 2.9601
4524 2.96712
4528 2.97416
4532 2.98121
4536 2.98827
4540 2.99535
4544 3.00245
4548 3.00956
4552 3.01668
4556 3.02383
4560 3.031
4564 3.03818
4568 3.04538
4572 3.0526
4576 3.05983
4580 3.06707
4584 3.07433
4588 3.0816
4592 3.08888
4596 3.09618
4600 3.10349
4604 3.11081
4608 3.11815
4612 3.12549
4616 3.13284
4620 3.14021
4624 3.14759
4628 3.15499
4632 3.1624
4636 3.16982
4640 3.17726
4644 3.18471
4648 3.19218
4652 3.19966
4656 3.20716
4660 3.21469
4664 3.22222
4668 3.22978
4672 3.23734
4676 3.2449
4680 3.25247
4684 3.26005
4688 3.26765
4692 3.27526
4696 3.2829
4700 3.29056
4704 3.29823
4708 3.30593
4712 3.31364
4716 3.32138
4720 3.32912
4724 3.33688
4728 3.34467
4732 3.35247
4736 3.3603
4740 3.36815
4744 3.37601
4748 3.3839
4752 3.3918
4756 3.39971
4760 3.40763
4764 3.41557
4768 3.42352
4772 3.43149
4776 3.43948
4780 3.44749
4784 3.45552
4788 3.46357
4792 3.47163
4796 3.47972
4800 3.48783
4804 3.49596
4808 3.50409
4812 3.51224
4816 3.5204
4820 3.52858
4824 3.53677
4828 3.54499
4832 3.55323
4836 3.56149
4840 3.56978
4844 3.57808
4848 3.5864
4852 3.59474
4856 3.60307
4860 3.61143
4864 3.61981
4868 3.62822
4872 3.63664
4876 3.64508
4880 3.65353
4884 3.662
4888 3.6705
4892 3.67901
4896 3.68754
4900 3.69609
4904 3.70465
4908 3.71323
4912 3.72183
4916 3.73044
4920 3.73907
4924 3.74772
4928 3.75637
4932 3.76503
4936 3.77372
4940 3.78241
4944 3.79111
4948 3.79982
4952 3.80855
4956 3.81729
4960 3.82604
4964 3.83481
4968 3.84361
4972 3.85241
4976 3.86123
4980 3.87006
4984 3.8789
4988 3.88776
4992 3.89664
4996 3.90553
