1000 2.93737e-05
1004 2.43274e-05
1008 2.53972e-05
1012 2.11328e-05
1016 2.57465e-05
1020 2.47099e-05
1024 3.26855e-05
1028 1.76196e-05
1032 2.23184e-05
1036 2.37286e-05
1040 2.63037e-05
1044 2.193e-05
1048 2.58373e-05
1052 2.19127e-05
1056 2.38842e-05
1060 2.66109e-05
1064 2.56298e-05
1068 2.22346e-05
1072 2.20564e-05
1076 2.26862e-05
1080 2.43993e-05
1084 1.94318e-05
1088 2.54773e-05
1092 2.33135e-05
1096 1.99081e-05
1100 2.51078e-05
1104 1.53184e-05
1108 2.47054e-05
1112 2.11343e-05
1116 2.37636e-05
1120 1.62237e-05
1124 2.27708e-05
1128 2.00437e-05
1132 2.06102e-05
1136 1.47928e-05
1140 2.33828e-05
1144 2.46564e-05
1148 2.19014e-05
1152 2.51859e-05
1156 1.68744e-05
1160 2.01041e-05
1164 1.90966e-05
1168 2.05585e-05
1172 2.1435e-05
1176 2.31391e-05
1180 2.57579e-05
1184 1.78592e-05
1188 1.857e-05
1192 1.51167e-05
1196 2.05823e-05
1200 1.66008e-05
1204 1.99294e-05
1208 1.70143e-05
1212 1.59447e-05
1216 1.96189e-05
1220 1.77257e-05
1224 2.40525e-05
1228 2.12312e-05
1232 2.45782e-05
1236 2.81466e-05
1240 2.14121e-05
1244 2.28279e-05
1248 2.19113e-05
1252 2.15552e-05
1256 1.46833e-05
1260 1.84396e-05
1264 1.66603e-05
1268 1.90582e-05
1272 1.83595e-05
1276 1.81373e-05
1280 2.54994e-05
1284 2.46876e-05
1288 2.86609e-05
1292 1.78416e-05
1296 1.6517e-05
1300 2.04661e-05
1304 2.23683e-05
1308 2.1913e-05
1312 1.8791e-05
1316 2.15224e-05
1320 1.77673e-05
1324 1.74354e-05
1328 2.19196e-05
1332 2.39222e-05
1336 1.74081e-05
1340 2.56146e-05
1344 2.36121e-05
1348 2.382e-05
1352 1.9806e-05
1356 2.22886e-05
1360 1.55572e-05
1364 1.81409e-05
1368 1.70583e-05
1372 1.78902e-05
1376 1.62395e-05
1380 1.89202e-05
1384 1.42227e-05
1388 1.87095e-05
1392 1.8718e-05
1396 1.95575e-05
1400 1.88255e-05
1404 1.79444e-05
1408 1.80666e-05
1412 1.62197e-05
1416 1.40172e-05
1420 1.81414e-05
1424 1.54667e-05
1428 1.80209e-05
1432 2.10216e-05
1436 1.70372e-05
1440 1.61507e-05
1444 1.41978e-05
1448 1.3138e-05
1452 1.59193e-05
1456 1.54742e-05
1460 1.88621e-05
1464 1.92257e-05
1468 1.51735e-05
1472 2.02664e-05
1476 2.35403e-05
1480 2.05505e-05
1484 2.10901e-05
1488 1.42407e-05
1492 1.70093e-05
1496 1.76314e-05
1500 1.55635e-05
1504 1.62073e-05
1508 1.52503e-05
1512 1.54942e-05
1516 1.4148e-05
1520 1.21624e-05
1524 1.72253e-05
1528 1.78939e-05
1532 1.44652e-05
1536 1.28752e-05
1540 1.36424e-05
1544 1.50838e-05
1548 1.31987e-05
1552 1.31712e-05
1556 1.56051e-05
1560 1.38245e-05
1564 2.4568e-05
1568 0.000162775
1572 0.000630045
1576 0.00135621
1580 0.00229955
1584 0.00334489
1588 0.00459088
1592 0.00603433
1596 0.00826173
1600 0.0104613
1604 0.0130618
1608 0.016052
1612 0.0193178
1616 0.0223311
1620 0.0255245
1624 0.029136
1628 0.032783
1632 0.0367466
1636 0.0414028
1640 0.0453006
1644 0.050272
1648 0.056231
1652 0.0626146
1656 0.0678838
1660 0.0732114
1664 0.0761625
1668 0.0816174
1672 0.0871909
1676 0.0928051
1680 0.0990956
1684 0.105924
1688 0.112973
1692 0.120288
1696 0.127661
1700 0.136296
1704 0.146538
1708 0.156528
1712 0.165505
1716 0.173545
1720 0.183196
1724 0.19258
1728 0.201965
1732 0.211687
1736 0.221741
1740 0.23091
1744 0.241598
1748 0.251755
1752 0.261474
1756 0.272335
1760 0.284086
1764 0.295143
1768 0.306936
1772 0.317722
1776 0.328984
1780 0.340575
1784 0.35339
1788 0.367992
1792 0.381881
1796 0.394716
1800 0.407855
1804 0.421022
1808 0.432718
1812 0.445459
1816 0.459059
1820 0.471894
1824 0.484448
1828 0.497035
1832 0.512229
1836 0.529158
1840 0.544746
1844 0.559509
1848 0.570467
1852 0.586274
1856 0.604146
1860 0.617495
1864 0.632794
1868 0.648998
1872 0.66207
1876 0.679479
1880 0.693048
1884 0.708799
1888 0.728825
1892 0.747698
1896 0.762905
1900 0.78286
1904 0.801416
1908 0.818191
1912 0.834864
1916 0.853804
1920 0.875182
1924 0.8976
1928 0.917464
1932 0.937959
1936 0.959203
1940 0.976302
1944 0.994246
1948 1.01245
1952 1.0273
1956 1.04117
1960 1.06308
1964 1.08406
1968 1.10347
1972 1.12399
1976 1.1438
1980 1.16623
1984 1.1883
1988 1.21249
1992 1.22963
1996 1.25281
2000 1.27613
2004 1.29948
2008 1.32199
2012 1.34322
2016 1.36797
2020 1.39119
2024 1.41442
2028 1.43789
2032 1.46225
2036 1.48526
2040 1.50666
2044 1.52789
2048 1.54959
2052 1.57044
2056 1.591
2060 1.61415
2064 1.63658
2068 1.65877
2072 1.67756
2076 1.69817
2080 1.72041
2084 1.7434
2088 1.76914
2092 1.79444
2096 1.81323
2100 1.83538
2104 1.85772
2108 1.87779
2112 1.8985
2116 1.92108
2120 1.94355
2124 1.9697
2128 1.9938
2132 2.01454
2136 2.03425
2140 2.05747
2144 2.08124
2148 2.10693
2152 2.13179
2156 2.15646
2160 2.18075
2164 2.20583
2168 2.2297
2172 2.25263
2176 2.27553
2180 2.29646
2184 2.31665
2188 2.34715
2192 2.37626
2196 2.40328
2200 2.42867
2204 2.45355
2208 2.47996
2212 2.50681
2216 2.53365
2220 2.5603
2224 2.58923
2228 2.61472
2232 2.64601
2236 2.67344
2240 2.69435
2244 2.72133
2248 2.75309
2252 2.78088
2256 2.8051
2260 2.82174
2264 2.8437
2268 2.86669
2272 2.8913
2276 2.91798
2280 2.95402
2284 2.99002
2288 3.02363
2292 3.05498
2296 3.08284
2300 3.10911
2304 3.13555
2308 3.16374
2312 3.1927
2316 3.22073
2320 3.25096
2324 3.26905
2328 3.25543
2332 3.25434
2336 3.24484
2340 3.24154
2344 3.23473
2348 3.23015
2352 3.22433
2356 3.21806
2360 3.21461
2364 3.20692
2368 3.20447
2372 3.19673
2376 3.19141
2380 3.18776
2384 3.1813
2388 3.17688
2392 3.17154
2396 3.16506
2400 3.15879
2404 3.15509
2408 3.14874
2412 3.14447
2416 3.13748
2420 3.13358
2424 3.12763
2428 3.12338
2432 3.11754
2436 3.11496
2440 3.1099
2444 3.10126
2448 3.09752
2452 3.09426
2456 3.08858
2460 3.08316
2464 3.07826
2468 3.07202
2472 3.06996
2476 3.06178
2480 3.05945
2484 3.05097
2488 3.04946
2492 3.04267
2496 3.03724
2500 3.03403
2504 3.02943
2508 3.0223
2512 3.01982
2516 3.01187
2520 3.01122
2524 3.00266
2528 3.00025
2532 2.99377
2536 2.99217
2540 2.98589
2544 2.98068
2548 2.97658
2552 2.97157
2556 2.96649
2560 2.96326
2564 2.95729
2568 2.95402
2572 2.94742
2576 2.94557
2580 2.93811
2584 2.93514
2588 2.93055
2592 2.9248
2596 2.92202
2600 2.9178
2604 2.91159
2608 2.90708
2612 2.90407
2616 2.89991
2620 2.89349
2624 2.8902
2628 2.88646
2632 2.88065
2636 2.87731
2640 2.8733
2644 2.86888
2648 2.86205
2652 2.86117
2656 2.85398
2660 2.8513
2664 2.84673
2668 2.84366
2672 2.83786
2676 2.83357
2680 2.82753
2684 2.82466
2688 2.82319
2692 2.81569
2696 2.81366
2700 2.80787
2704 2.80511
2708 2.80102
2712 2.79385
2716 2.79268
2720 2.78997
2724 2.78376
2728 2.77989
2732 2.77613
2736 2.77198
2740 2.7678
2744 2.76343
2748 2.7591
2752 2.75821
2756 2.75229
2760 2.74822
2764 2.7425
2768 2.73901
2772 2.73567
2776 2.73064
2780 2.72817
2784 2.72518
2788 2.72093
2792 2.71701
2796 2.71188
2800 2.70836
2804 2.70401
2808 2.70231
2812 2.69601
2816 2.69297
2820 2.6876
2824 2.68634
2828 2.68125
2832 2.67827
2836 2.67516
2840 2.66998
2844 2.66726
2848 2.6631
2852 2.66047
2856 2.65579
2860 2.65143
2864 2.6473
2868 2.64426
2872 2.64101
2876 2.63683
2880 2.63393
2884 2.62692
2888 2.62891
2892 2.62238
2896 2.61747
2900 2.61407
2904 2.61046
2908 2.60758
2912 2.60489
2916 2.60043
2920 2.59523
2924 2.59623
2928 2.58911
2932 2.58627
2936 2.58325
2940 2.5811
2944 2.57641
2948 2.57618
2952 2.57185
2956 2.5691
2960 2.56752
2964 2.56389
2968 2.56355
2972 2.56178
2976 2.55902
2980 2.55758
2984 2.55644
2988 2.55603
2992 2.55532
2996 2.55499
3000 2.55387
3004 2.55473
3008 2.55183
3012 2.55304
3016 2.55319
3020 2.55425
3024 2.55477
3028 2.55448
3032 2.55402
3036 2.55611
3040 2.55659
3044 2.55625
3048 2.55974
3052 2.55919
3056 2.56271
3060 2.56216
3064 2.56352
3068 2.56539
3072 2.56765
3076 2.5687
3080 2.57085
3084 2.57215
3088 2.57436
3092 2.57863
3096 2.57988
3100 2.58393
3104 2.58776
3108 2.59109
3112 2.59397
3116 2.59846
3120 2.602
3124 2.6048
3128 2.6103
3132 2.61429
3136 2.61856
3140 2.62187
3144 2.62755
3148 2.63082
3152 2.6376
3156 2.64327
3160 2.64957
3164 2.65451
3168 2.65822
3172 2.66204
3176 2.66567
3180 2.66988
3184 2.67511
3188 2.6804
3192 2.68404
3196 2.68571
3200 2.69201
3204 2.69582
3208 2.70369
3212 2.71114
3216 2.71851
3220 2.72586
3224 2.73416
3228 2.73721
3232 2.74597
3236 2.75387
3240 2.76295
3244 2.76992
3248 2.77381
3252 2.78316
3256 2.79251
3260 2.80248
3264 2.81021
3268 2.82113
3272 2.82942
3276 2.84207
3280 2.84872
3284 2.85495
3288 2.86678
3292 2.87694
3296 2.88682
3300 2.894
3304 2.90382
3308 2.91046
3312 2.91686
3316 2.92499
3320 2.93675
3324 2.94568
3328 2.95193
3332 2.95956
3336 2.96907
3340 2.97991
3344 2.98656
3348 2.99862
3352 3.00914
3356 3.01934
3360 3.02999
3364 3.03926
3368 3.05014
3372 3.06114
3376 3.07471
3380 3.08681
3384 3.09733
3388 3.10772
3392 3.11912
3396 3.1287
3400 3.1383
3404 3.15174
3408 3.16182
3412 3.17593
3416 3.18978
3420 3.20016
3424 3.21228
3428 3.22413
3432 3.23656
3436 3.25059
3440 3.26276
3444 3.28066
3448 3.29416
3452 3.3063
3456 3.31997
3460 3.33453
3464 3.35093
3468 3.36467
3472 3.381
3476 3.39224
3480 3.40216
3484 3.41052
3488 3.42667
3492 3.44391
3496 3.46162
3500 3.47299
3504 3.48628
3508 3.50126
3512 3.51584
3516 3.52986
3520 3.54378
3524 3.56038
3528 3.57569
3532 3.59072
3536 3.6029
3540 3.6211
3544 3.63578
3548 3.65175
3552 3.66702
3556 3.68268
3560 3.69419
3564 3.70399
3568 3.71945
3572 3.73425
3576 3.75482
3580 3.77189
3584 3.79044
3588 3.80171
3592 3.814
3596 3.8311
3600 3.84977
3604 3.8635
3608 3.87915
3612 3.89558
3616 3.91058
3620 3.92238
3624 3.93159
3628 3.94533
3632 3.96612
3636 3.98036
3640 3.99737
3644 4.00988
3648 4.02768
3652 4.04465
3656 4.06595
3660 4.08337
3664 4.10077
3668 4.1163
3672 4.13235
3676 4.14751
3680 4.1644
3684 4.18302
3688 4.20085
3692 4.2175
3696 4.23243
3700 4.25513
3704 4.27416
3708 4.29237
3712 4.30826
3716 4.3265
3720 4.344
3724 4.36358
3728 4.38024
3732 4.39805
3736 4.41544
3740 4.43572
3744 4.45759
3748 4.47985
3752 4.49097
3756 4.50909
3760 4.53323
3764 4.54962
3768 4.567
3772 4.58877
3776 4.60628
3780 4.62809
3784 4.64542
3788 4.66167
3792 4.67914
3796 4.69905
3800 4.72141
3804 4.74321
3808 4.76387
3812 4.78076
3816 4.80157
3820 4.82359
3824 4.83985
3828 4.86177
3832 4.88173
3836 4.90743
3840 4.92818
3844 4.95627
3848 4.97777
3852 5.00008
3856 5.0246
3860 5.05184
3864 5.07722
3868 5.09926
3872 5.11581
3876 5.1359
3880 5.14508
3884 5.16512
3888 5.18104
3892 5.20106
3896 5.22157
3900 5.24253
3904 5.26302
3908 5.2841
3912 5.29867
3916 5.31898
3920 5.33639
3924 5.35677
3928 5.37871
3932 5.40275
3936 5.42227
3940 5.44264
3944 5.46467
3948 5.48553
3952 5.50838
3956 5.53249
3960 5.55674
3964 5.57874
3968 5.60374
3972 5.62708
3976 5.64884
3980 5.66988
3984 5.69783
3988 5.7212
3992 5.74216
3996 5.76259
4000 5.78635
4004 5.81295
4008 5.83701
4012 5.86563
4016 5.89266
4020 5.92114
4024 5.94286
4028 5.96564
4032 5.98736
4036 6.01147
4040 6.03463
4044 6.05775
4048 6.08593
4052 6.11028
4056 6.13079
4060 6.15804
4064 6.18077
4068 6.21231
4072 6.23284
4076 6.26533
4080 6.29165
4084 6.31689
4088 6.34024
4092 6.36401
4096 6.38895
4100 6.41231
4104 6.43936
4108 6.46475
4112 6.48641
4116 6.50752
4120 6.5312
4124 6.55106
4128 6.57247
4132 6.59412
4136 6.61175
4140 6.64368
4144 6.67356
4148 6.70838
4152 6.73791
4156 6.7707
4160 6.79596
4164 6.82869
4168 6.86338
4172 6.89627
4176 6.92664
4180 6.95282
4184 6.97833
4188 7.00304
4192 7.02979
4196 7.05956
4200 7.08302
4204 7.10163
4208 7.12488
4212 7.1435
4216 7.16898
4220 7.18988
4224 7.20766
4228 7.22719
4232 7.25863
4236 7.29075
4240 7.31598
4244 7.33953
4248 7.36223
4252 7.38756
4256 7.40978
4260 7.43254
4264 7.46453
4268 7.49393
4272 7.52218
4276 7.5456
4280 7.56893
4284 7.59497
4288 7.61711
4292 7.64308
4296 7.66737
4300 7.6832
4304 7.70904
4308 7.72836
4312 7.75839
4316 7.78042
4320 7.79991
4324 7.82807
4328 7.86085
4332 7.88857
4336 7.90977
4340 7.94184
4344 7.96618
4348 7.99322
4352 8.01301
4356 8.04021
4360 8.06585
4364 8.08366
4368 8.11339
4372 8.14081
4376 8.1696
4380 8.19461
4384 8.21811
4388 8.2413
4392 8.27122
4396 8.30057
4400 8.33334
4404 8.36613
4408 8.3937
4412 8.42547
4416 8.45464
4420 8.48853
4424 8.51599
4428 8.54075
4432 8.56498
4436 8.58916
4440 8.61558
4444 8.64477
4448 8.67565
4452 8.70586
4456 8.73754
4460 8.77176
4464 8.8002
4468 8.8141
4472 8.8415
4476 8.86403
4480 8.8825
4484 8.90787
4488 8.93817
4492 8.96209
4496 8.99413
4500 9.02002
4504 9.03034
4508 9.05676
4512 9.07969
4516 9.10582
4520 9.13197
4524 9.15974
4528 9.19022
4532 9.2157
4536 9.24146
4540 9.27052
4544 9.2961
4548 9.32345
4552 9.35574
4556 9.38803
4560 9.41637
4564 9.44586
4568 9.4747
4572 9.50261
4576 9.53091
4580 9.55581
4584 9.582
4588 9.61194
4592 9.63928
4596 9.66611
4600 9.68935
4604 9.71284
4608 9.74244
4612 9.75914
4616 9.78092
4620 9.813
4624 9.84291
4628 9.86835
4632 9.89477
4636 9.92115
4640 9.95033
4644 9.97801
4648 10.0089
4652 10.0406
4656 10.0744
4660 10.1013
4664 10.1345
4668 10.1571
4672 10.1807
4676 10.1962
4680 10.2188
4684 10.2508
4688 10.2834
4692 10.3137
4696 10.349
4700 10.3849
4704 10.416
4708 10.4496
4712 10.4792
4716 10.5073
4720 10.5375
4724 10.5744
4728 10.611
4732 10.645
4736 10.6803
4740 10.7156
4744 10.7481
4748 10.7802
4752 10.8078
4756 10.8326
4760 10.8621
4764 10.8957
4768 10.9275
4772 10.9583
4776 10.9893
4780 11.0229
4784 11.0598
4788 11.0918
4792 11.1278
4796 11.1661
4800 11.2045
4804 11.2318
4808 11.254
4812 11.2838
4816 11.313
4820 11.3479
4824 11.3849
4828 11.421
4832 11.4563
4836 11.4908
4840 11.5321
4844 11.5715
4848 11.6018
4852 11.6151
4856 11.6485
4860 11.688
4864 11.7295
4868 11.7682
4872 11.7971
4876 11.8282
4880 11.8601
4884 11.8963
4888 11.9359
4892 11.9741
4896 12.0044
4900 12.0348
4904 12.0734
4908 12.1014
4912 12.1371
4916 12.1755
4920 12.2066
4924 12.2366
4928 12.2564
4932 12.2944
4936 12.3269
4940 12.3527
4944 12.37
4948 12.3985
4952 12.4384
4956 12.4648
4960 12.499
4964 12.5382
4968 12.576
4972 12.6023
4976 12.6269
4980 12.66
4984 12.698
4988 12.733
4992 12.7582
4996 12.7924
