1000 15.7083
1004 15.7932
1008 15.8946
1012 16.0151
1016 16.1302
1020 16.2311
1024 16.3355
1028 16.4438
1032 16.5471
1036 16.645
1040 16.7262
1044 16.8411
1048 16.9377
1052 17.0238
1056 17.1188
1060 17.2311
1064 17.3482
1068 17.4447
1072 17.5258
1076 17.6038
1080 17.6939
1084 17.7918
1088 17.8928
1092 17.9945
1096 18.0888
1100 18.1689
1104 18.2534
1108 18.3541
1112 18.4629
1116 18.5455
1120 18.6376
1124 18.7306
1128 18.821
1132 18.9257
1136 19.0175
1140 19.1246
1144 19.2182
1148 19.3245
1152 19.4124
1156 19.4911
1160 19.6065
1164 19.73
1168 19.835
1172 19.9419
1176 20.0402
1180 20.1269
1184 20.2166
1188 20.3028
1192 20.3947
1196 20.4947
1200 20.5795
1204 20.6597
1208 20.7654
1212 20.8601
1216 20.961
1220 21.0651
1224 21.1587
1228 21.2492
1232 21.342
1236 21.4265
1240 21.5087
1244 21.5953
1248 21.702
1252 21.8115
1256 21.9061
1260 21.9848
1264 22.0701
1268 22.164
1272 22.2665
1276 22.3613
1280 22.4581
1284 22.5657
1288 22.6597
1292 22.7432
1296 22.8267
1300 22.9251
1304 23.0058
1308 23.1248
1312 23.2238
1316 23.3315
1320 23.4238
1324 23.4993
1328 23.5796
1332 23.6827
1336 23.7522
1340 23.8462
1344 23.9468
1348 24.0581
1352 24.1687
1356 24.2665
1360 24.3616
1364 24.4506
1368 24.5471
1372 24.6078
1376 24.7017
1380 24.7918
1384 24.9034
1388 25.0143
1392 25.1346
1396 25.2288
1400 25.3435
1404 25.4554
1408 25.5522
1412 25.662
1416 25.7506
1420 25.853
1424 25.9577
1428 26.0585
1432 26.1256
1436 26.1831
1440 26.2753
1444 26.3661
1448 26.4695
1452 26.5912
1456 26.6825
1460 26.8009
1464 26.9383
1468 27.0609
1472 27.1437
1476 27.2346
1480 27.325
1484 27.4215
1488 27.5202
1492 27.6198
1496 27.6979
1500 27.7606
1504 27.8364
1508 27.9422
1512 28.0548
1516 28.158
1520 28.2728
1524 28.3676
1528 28.4695
1532 28.5876
1536 28.7016
1540 28.8087
1544 28.8998
1548 28.9799
1552 29.1154
1556 29.2336
1560 29.3493
1564 29.4481
1568 29.5731
1572 29.713
1576 29.8374
1580 29.9439
1584 30.0561
1588 30.1597
1592 30.3046
1596 30.4144
1600 30.4866
1604 30.5428
1608 30.6289
1612 30.7121
1616 30.8053
1620 30.9078
1624 30.985
1628 31.0311
1632 31.131
1636 31.2427
1640 31.358
1644 31.4604
1648 31.5514
1652 31.6506
1656 31.7446
1660 31.8453
1664 31.9147
1668 32.0086
1672 32.1047
1676 32.201
1680 32.2756
1684 32.3688
1688 32.4637
1692 32.5832
1696 32.6718
1700 32.768
1704 32.8615
1708 32.961
1712 33.0598
1716 33.1562
1720 33.2564
1724 33.3445
1728 33.4327
1732 33.5191
1736 33.6199
1740 33.7124
1744 33.8066
1748 33.9056
1752 34.0222
1756 34.1318
1760 34.2025
1764 34.2978
1768 34.3911
1772 34.4548
1776 34.5455
1780 34.6343
1784 34.7292
1788 34.8408
1792 34.9455
1796 35.0243
1800 35.1363
1804 35.2236
1808 35.3241
1812 35.4071
1816 35.499
1820 35.6005
1824 35.7114
1828 35.8382
1832 35.9729
1836 36.0722
1840 36.1893
1844 36.285
1848 36.3397
1852 36.4525
1856 36.573
1860 36.6755
1864 36.7774
1868 36.8827
1872 36.9979
1876 37.1071
1880 37.2126
1884 37.3252
1888 37.4301
1892 37.5161
1896 37.6438
1900 37.7715
1904 37.8738
1908 37.9813
1912 38.0998
1916 38.2214
1920 38.3533
1924 38.4881
1928 38.5752
1932 38.6856
1936 38.778
1940 38.8818
1944 39.0009
1948 39.1035
1952 39.2145
1956 39.316
1960 39.399
1964 39.4981
1968 39.6113
1972 39.744
1976 39.8538
1980 39.974
1984 40.0756
1988 40.1865
1992 40.2785
1996 40.3494
2000 40.4193
2004 40.5424
2008 40.6328
2012 40.7523
2016 40.8426
2020 40.9733
2024 41.101
2028 41.241
2032 41.369
2036 41.4885
2040 41.5944
2044 41.7059
2048 41.8232
2052 41.9253
2056 42.0274
2060 42.1432
2064 42.2766
2068 42.4038
2072 42.5095
2076 42.643
2080 42.7621
2084 42.8946
2088 43.0175
2092 43.1343
2096 43.246
2100 43.3849
2104 43.5014
2108 43.633
2112 43.763
2116 43.8914
2120 44.0016
2124 44.0869
2128 44.1985
2132 44.3195
2136 44.4278
2140 44.5504
2144 44.6695
2148 44.7707
2152 44.887
2156 45.0189
2160 45.1296
2164 45.2433
2168 45.3918
2172 45.5153
2176 45.6394
2180 45.7617
2184 45.8746
2188 46.001
2192 46.1485
2196 46.2917
2200 46.4067
2204 46.4992
2208 46.6011
2212 46.7136
2216 46.8171
2220 46.9229
2224 47.0322
2228 47.1401
2232 47.2671
2236 47.3888
2240 47.5186
2244 47.6449
2248 47.7724
2252 47.8969
2256 48.0123
2260 48.1443
2264 48.2933
2268 48.4181
2272 48.544
2276 48.6856
2280 48.8115
2284 48.9256
2288 49.0435
2292 49.1933
2296 49.3218
2300 49.4385
2304 49.5423
2308 49.6738
2312 49.7968
2316 49.9342
2320 50.0561
2324 50.1702
2328 50.2925
2332 50.4265
2336 50.5448
2340 50.6699
2344 50.7826
2348 50.8827
2352 51.008
2356 51.1222
2360 51.2579
2364 51.403
2368 51.5424
2372 51.642
2376 51.7454
2380 51.869
2384 52.0048
2388 52.1285
2392 52.2715
2396 52.4117
2400 52.559
2404 52.6955
2408 52.8111
2412 52.9756
2416 53.11
2420 53.2394
2424 53.3804
2428 53.5268
2432 53.6596
2436 53.7774
2440 53.9066
2444 54.0157
2448 54.1291
2452 54.2625
2456 54.4
2460 54.537
2464 54.6445
2468 54.7626
2472 54.8956
2476 55.024
2480 55.158
2484 55.2862
2488 55.416
2492 55.5511
2496 55.6858
2500 55.8237
2504 55.9649
2508 56.1026
2512 56.2706
2516 56.4092
2520 56.5282
2524 56.642
2528 56.7922
2532 56.9265
2536 57.0809
2540 57.2407
2544 57.3702
2548 57.4931
2552 57.627
2556 57.7622
2560 57.8843
2564 58.0057
2568 58.1265
2572 58.2456
2576 58.3799
2580 58.5249
2584 58.6609
2588 58.8332
2592 58.9818
2596 59.1079
2600 59.2257
2604 59.366
2608 59.496
2612 59.6325
2616 59.7733
2620 59.9204
2624 60.0827
2628 60.2315
2632 60.374
2636 60.5033
2640 60.6377
2644 60.7862
2648 60.9324
2652 61.0734
2656 61.2348
2660 61.3608
2664 61.4971
2668 61.6227
2672 61.7321
2676 61.8617
2680 61.9983
2684 62.1125
2688 62.2456
2692 62.3651
2696 62.4841
2700 62.6278
2704 62.763
2708 62.9101
2712 63.0522
2716 63.1654
2720 63.2931
2724 63.4167
2728 63.5675
2732 63.7125
2736 63.8427
2740 63.9744
2744 64.1126
2748 64.2002
2752 64.3284
2756 64.4871
2760 64.6389
2764 64.7684
2768 64.8801
2772 65.0054
2776 65.1278
2780 65.2759
2784 65.4258
2788 65.5685
2792 65.6961
2796 65.8404
2800 65.9894
2804 66.1041
2808 66.2302
2812 66.3826
2816 66.5153
2820 66.6328
2824 66.7862
2828 66.9255
2832 67.0549
2836 67.1808
2840 67.33
2844 67.4789
2848 67.6288
2852 67.7849
2856 67.9448
2860 68.0567
2864 68.1808
2868 68.2976
2872 68.4327
2876 68.5639
2880 68.6889
2884 68.833
2888 68.97
2892 69.1042
2896 69.2528
2900 69.4061
2904 69.5477
2908 69.6855
2912 69.8307
2916 69.9734
2920 70.1241
2924 70.2575
2928 70.3977
2932 70.5299
2936 70.6704
2940 70.7889
2944 70.9004
2948 71.0427
2952 71.1961
2956 71.3304
2960 71.4677
2964 71.5873
2968 71.687
2972 71.8342
2976 71.9967
2980 72.127
2984 72.2524
2988 72.3893
2992 72.5266
2996 72.6843
3000 72.8334
3004 72.9596
3008 73.0909
3012 73.2174
3016 73.3571
3020 73.4881
3024 73.6255
3028 73.7557
3032 73.903
3036 74.0532
3040 74.1972
3044 74.3478
3048 74.4713
3052 74.5972
3056 74.7715
3060 74.9457
3064 75.0994
3068 75.2406
3072 75.3849
3076 75.5243
3080 75.6796
3084 75.806
3088 75.9589
3092 76.1054
3096 76.2639
3100 76.4063
3104 76.5296
3108 76.6774
3112 76.8261
3116 76.9767
3120 77.1225
3124 77.2957
3128 77.4538
3132 77.6002
3136 77.7499
3140 77.8799
3144 78.0123
3148 78.1459
3152 78.2601
3156 78.405
3160 78.5494
3164 78.6862
3168 78.8175
3172 78.949
3176 79.0961
3180 79.2329
3184 79.3753
3188 79.533
3192 79.7018
3196 79.8691
3200 80.0277
3204 80.1513
3208 80.2415
3212 80.3919
3216 80.5298
3220 80.6593
3224 80.8033
3228 80.9617
3232 81.0865
3236 81.2186
3240 81.3514
3244 81.4917
3248 81.5937
3252 81.7189
3256 81.868
3260 82.0214
3264 82.1412
3268 82.2962
3272 82.4547
3276 82.5873
3280 82.731
3284 82.8664
3288 82.9965
3292 83.1345
3296 83.2884
3300 83.4285
3304 83.5672
3308 83.708
3312 83.8264
3316 83.9757
3320 84.0969
3324 84.242
3328 84.3506
3332 84.4539
3336 84.5738
3340 84.7296
3344 84.8754
3348 85.0012
3352 85.1398
3356 85.2995
3360 85.4407
3364 85.5811
3368 85.7148
3372 85.8495
3376 85.9937
3380 86.1668
3384 86.3395
3388 86.4778
3392 86.6109
3396 86.7391
3400 86.8642
3404 86.9883
3408 87.1102
3412 87.2506
3416 87.4144
3420 87.5583
3424 87.6756
3428 87.8209
3432 87.9632
3436 88.0987
3440 88.2403
3444 88.3914
3448 88.537
3452 88.6956
3456 88.8449
3460 89.0004
3464 89.1519
3468 89.2894
3472 89.4472
3476 89.6083
3480 89.756
3484 89.8899
3488 89.9969
3492 90.1185
3496 90.2359
3500 90.3781
3504 90.5267
3508 90.6423
3512 90.7804
3516 90.9099
3520 91.0466
3524 91.1922
3528 91.3314
3532 91.4714
3536 91.6418
3540 91.7838
3544 91.9345
3548 92.0721
3552 92.2347
3556 92.407
3560 92.5747
3564 92.7298
3568 92.8633
3572 93.0084
3576 93.1763
3580 93.3265
3584 93.4826
3588 93.6174
3592 93.7735
3596 93.9162
3600 94.0472
3604 94.1668
3608 94.2396
3612 94.3634
3616 94.52
3620 94.6631
3624 94.7969
3628 94.9467
3632 95.0889
3636 95.2447
3640 95.3889
3644 95.5502
3648 95.702
3652 95.8689
3656 96.018
3660 96.1812
3664 96.3313
3668 96.4772
3672 96.6441
3676 96.7929
3680 96.9544
3684 97.1247
3688 97.322
3692 97.4794
3696 97.5768
3700 97.7132
3704 97.8669
3708 98.022
3712 98.1874
3716 98.3328
3720 98.4695
3724 98.5997
3728 98.7404
3732 98.8983
3736 99.0734
3740 99.2413
3744 99.3901
3748 99.5449
3752 99.6724
3756 99.8261
3760 99.9969
3764 100.182
3768 100.355
3772 100.513
3776 100.633
3780 100.77
3784 100.937
3788 101.078
3792 101.223
3796 101.372
3800 101.523
3804 101.667
3808 101.814
3812 101.949
3816 102.073
3820 102.231
3824 102.347
3828 102.478
3832 102.595
3836 102.737
3840 102.901
3844 103.037
3848 103.207
3852 103.349
3856 103.462
3860 103.61
3864 103.762
3868 103.906
3872 104.048
3876 104.205
3880 104.362
3884 104.525
3888 104.687
3892 104.825
3896 104.98
3900 105.112
3904 105.239
3908 105.388
3912 105.546
3916 105.716
3920 105.871
3924 106.033
3928 106.189
3932 106.329
3936 106.462
3940 106.578
3944 106.694
3948 106.812
3952 106.948
3956 107.096
3960 107.246
3964 107.41
3968 107.582
3972 107.715
3976 107.864
3980 108.014
3984 108.161
3988 108.302
3992 108.453
3996 108.613
4000 108.769
4004 108.92
4008 109.061
4012 109.212
4016 109.353
4020 109.518
4024 109.671
4028 109.805
4032 109.934
4036 110.071
4040 110.204
4044 110.34
4048 110.444
4052 110.568
4056 110.747
4060 110.936
4064 111.119
4068 111.288
4072 111.406
4076 111.537
4080 111.692
4084 111.831
4088 111.986
4092 112.139
4096 112.289
4100 112.453
4104 112.601
4108 112.743
4112 112.888
4116 113.027
4120 113.179
4124 113.328
4128 113.473
4132 113.618
4136 113.773
4140 113.926
4144 114.062
4148 114.202
4152 114.311
4156 114.429
4160 114.528
4164 114.676
4168 114.818
4172 114.947
4176 115.089
4180 115.219
4184 115.339
4188 115.457
4192 115.605
4196 115.749
4200 115.882
4204 116.041
4208 116.217
4212 116.384
4216 116.548
4220 116.661
4224 116.772
4228 116.939
4232 117.086
4236 117.258
4240 117.404
4244 117.571
4248 117.709
4252 117.849
4256 117.993
4260 118.149
4264 118.329
4268 118.519
4272 118.682
4276 118.854
4280 119.029
4284 119.181
4288 119.291
4292 119.404
4296 119.562
4300 119.736
4304 119.914
4308 120.075
4312 120.227
4316 120.391
4320 120.544
4324 120.706
4328 120.857
4332 121.006
4336 121.139
4340 121.296
4344 121.446
4348 121.594
4352 121.753
4356 121.914
4360 122.086
4364 122.227
4368 122.338
4372 122.496
4376 122.653
4380 122.819
4384 122.957
4388 123.123
4392 123.27
4396 123.407
4400 123.557
4404 123.701
4408 123.825
4412 123.971
4416 124.149
4420 124.315
4424 124.473
4428 124.63
4432 124.79
4436 124.944
4440 125.086
4444 125.24
4448 125.355
4452 125.498
4456 125.649
4460 125.787
4464 125.918
4468 126.062
4472 126.154
4476 126.281
4480 126.421
4484 126.55
4488 126.673
4492 126.833
4496 126.983
4500 127.084
4504 127.241
4508 127.414
4512 127.592
4516 127.745
4520 127.9
4524 128.054
4528 128.181
4532 128.335
4536 128.489
4540 128.659
4544 128.831
4548 128.979
4552 129.163
4556 129.321
4560 129.467
4564 129.622
4568 129.778
4572 129.92
4576 130.091
4580 130.247
4584 130.378
4588 130.504
4592 130.659
4596 130.801
4600 130.96
4604 131.113
4608 131.264
4612 131.411
4616 131.551
4620 131.708
4624 131.848
4628 132.02
4632 132.199
4636 132.367
4640 132.524
4644 132.658
4648 132.777
4652 132.926
4656 133.093
4660 133.245
4664 133.367
4668 133.516
4672 133.687
4676 133.844
4680 134.019
4684 134.169
4688 134.329
4692 134.499
4696 134.641
4700 134.784
4704 134.949
4708 135.105
4712 135.232
4716 135.357
4720 135.481
4724 135.617
4728 135.76
4732 135.925
4736 136.071
4740 136.219
4744 136.349
4748 136.527
4752 136.716
4756 136.888
4760 137.033
4764 137.171
4768 137.349
4772 137.523
4776 137.669
4780 137.798
4784 137.943
4788 138.094
4792 138.247
4796 138.388
4800 138.545
4804 138.717
4808 138.868
4812 139.038
4816 139.21
4820 139.339
4824 139.508
4828 139.656
4832 139.795
4836 139.978
4840 140.151
4844 140.31
4848 140.468
4852 140.62
4856 140.773
4860 140.894
4864 141.044
4868 141.212
4872 141.362
4876 141.507
4880 141.684
4884 141.86
4888 142.028
4892 142.188
4896 142.344
4900 142.498
4904 142.653
4908 142.765
4912 142.913
4916 143.082
4920 143.231
4924 143.378
4928 143.508
4932 143.659
4936 143.779
4940 143.95
4944 144.06
4948 144.211
4952 144.364
4956 144.518
4960 144.666
4964 144.834
4968 144.994
4972 145.143
4976 145.297
4980 145.473
4984 145.622
4988 145.791
4992 145.959
4996 146.106
