1000 90.5159
1004 90.8012
1008 91.0707
1012 91.3311
1016 91.603
1020 91.8713
1024 92.1421
1028 92.412
1032 92.684
1036 92.9559
1040 93.2295
1044 93.5074
1048 93.787
1052 94.0645
1056 94.3418
1060 94.6155
1064 94.8863
1068 95.1539
1072 95.4204
1076 95.6873
1080 95.9528
1084 96.2166
1088 96.4791
1092 96.7402
1096 97.0003
1100 97.2597
1104 97.5203
1108 97.7819
1112 98.0438
1116 98.3053
1120 98.5686
1124 98.8321
1128 99.097
1132 99.3631
1136 99.6308
1140 99.8995
1144 100.17
1148 100.442
1152 100.714
1156 100.988
1160 101.263
1164 101.538
1168 101.814
1172 102.089
1176 102.366
1180 102.642
1184 102.917
1188 103.192
1192 103.467
1196 103.742
1200 104.015
1204 104.286
1208 104.556
1212 104.825
1216 105.094
1220 105.362
1224 105.63
1228 105.897
1232 106.165
1236 106.432
1240 106.7
1244 106.968
1248 107.236
1252 107.505
1256 107.775
1260 108.046
1264 108.317
1268 108.588
1272 108.859
1276 109.131
1280 109.402
1284 109.672
1288 109.942
1292 110.213
1296 110.483
1300 110.752
1304 111.021
1308 111.289
1312 111.556
1316 111.824
1320 112.091
1324 112.359
1328 112.626
1332 112.894
1336 113.161
1340 113.429
1344 113.697
1348 113.965
1352 114.233
1356 114.5
1360 114.767
1364 115.035
1368 115.303
1372 115.571
1376 115.84
1380 116.109
1384 116.378
1388 116.647
1392 116.917
1396 117.187
1400 117.457
1404 117.727
1408 117.998
1412 118.268
1416 118.539
1420 118.811
1424 119.083
1428 119.355
1432 119.628
1436 119.901
1440 120.174
1444 120.448
1448 120.722
1452 120.996
1456 121.269
1460 121.542
1464 121.815
1468 122.089
1472 122.362
1476 122.635
1480 122.907
1484 123.179
1488 123.451
1492 123.721
1496 123.991
1500 124.261
1504 124.53
1508 124.799
1512 125.068
1516 125.337
1520 125.606
1524 125.874
1528 126.142
1532 126.41
1536 126.676
1540 126.942
1544 127.207
1548 127.471
1552 127.736
1556 128
1560 128.264
1564 128.528
1568 128.791
1572 129.054
1576 129.317
1580 129.58
1584 129.843
1588 130.105
1592 130.367
1596 130.63
1600 130.892
1604 131.154
1608 131.416
1612 131.678
1616 131.94
1620 132.201
1624 132.462
1628 132.723
1632 132.984
1636 133.244
1640 133.504
1644 133.764
1648 134.023
1652 134.282
1656 134.541
1660 134.8
1664 135.059
1668 135.318
1672 135.577
1676 135.836
1680 136.094
1684 136.353
1688 136.611
1692 136.87
1696 137.128
1700 137.385
1704 137.643
1708 137.901
1712 138.159
1716 138.416
1720 138.673
1724 138.93
1728 139.187
1732 139.444
1736 139.701
1740 139.957
1744 140.212
1748 140.466
1752 140.72
1756 140.973
1760 141.226
1764 141.479
1768 141.732
1772 141.985
1776 142.237
1780 142.489
1784 142.741
1788 142.992
1792 143.243
1796 143.495
1800 143.745
1804 143.996
1808 144.245
1812 144.495
1816 144.743
1820 144.992
1824 145.239
1828 145.487
1832 145.734
1836 145.981
1840 146.228
1844 146.474
1848 146.721
1852 146.967
1856 147.212
1860 147.457
1864 147.701
1868 147.946
1872 148.189
1876 148.433
1880 148.675
1884 148.918
1888 149.161
1892 149.403
1896 149.646
1900 149.888
1904 150.13
1908 150.372
1912 150.614
1916 150.856
1920 151.098
1924 151.34
1928 151.581
1932 151.823
1936 152.065
1940 152.306
1944 152.548
1948 152.789
1952 153.03
1956 153.271
1960 153.511
1964 153.751
1968 153.99
1972 154.229
1976 154.468
1980 154.705
1984 154.943
1988 155.179
1992 155.415
1996 155.651
2000 155.886
2004 156.12
2008 156.354
2012 156.588
2016 156.821
2020 157.053
2024 157.285
2028 157.516
2032 157.747
2036 157.977
2040 158.207
2044 158.436
2048 158.665
2052 158.893
2056 159.121
2060 159.349
2064 159.575
2068 159.801
2072 160.027
2076 160.251
2080 160.474
2084 160.697
2088 160.919
2092 161.141
2096 161.361
2100 161.581
2104 161.8
2108 162.019
2112 162.237
2116 162.455
2120 162.672
2124 162.888
2128 163.103
2132 163.318
2136 163.532
2140 163.746
2144 163.959
2148 164.172
2152 164.385
2156 164.597
2160 164.808
2164 165.019
2168 165.23
2172 165.44
2176 165.65
2180 165.859
2184 166.068
2188 166.277
2192 166.484
2196 166.692
2200 166.898
2204 167.104
2208 167.309
2212 167.513
2216 167.717
2220 167.921
2224 168.124
2228 168.326
2232 168.527
2236 168.728
2240 168.928
2244 169.127
2248 169.326
2252 169.524
2256 169.721
2260 169.918
2264 170.114
2268 170.309
2272 170.504
2276 170.698
2280 170.892
2284 171.085
2288 171.277
2292 171.47
2296 171.661
2300 171.852
2304 172.042
2308 172.232
2312 172.422
2316 172.611
2320 172.799
2324 172.987
2328 173.175
2332 173.363
2336 173.55
2340 173.736
2344 173.923
2348 174.109
2352 174.294
2356 174.479
2360 174.664
2364 174.848
2368 175.032
2372 175.215
2376 175.397
2380 175.58
2384 175.762
2388 175.943
2392 176.125
2396 176.305
2400 176.486
2404 176.666
2408 176.845
2412 177.024
2416 177.203
2420 177.382
2424 177.56
2428 177.738
2432 177.915
2436 178.092
2440 178.268
2444 178.444
2448 178.619
2452 178.794
2456 178.968
2460 179.142
2464 179.315
2468 179.488
2472 179.66
2476 179.832
2480 180.003
2484 180.174
2488 180.344
2492 180.514
2496 180.684
2500 180.853
2504 181.022
2508 181.19
2512 181.358
2516 181.526
2520 181.693
2524 181.86
2528 182.026
2532 182.192
2536 182.358
2540 182.523
2544 182.688
2548 182.853
2552 183.018
2556 183.182
2560 183.345
2564 183.508
2568 183.671
2572 183.833
2576 183.995
2580 184.155
2584 184.315
2588 184.475
2592 184.633
2596 184.791
2600 184.949
2604 185.105
2608 185.262
2612 185.417
2616 185.572
2620 185.727
2624 185.88
2628 186.033
2632 186.185
2636 186.337
2640 186.487
2644 186.637
2648 186.786
2652 186.934
2656 187.082
2660 187.229
2664 187.375
2668 187.521
2672 187.666
2676 187.81
2680 187.954
2684 188.097
2688 188.239
2692 188.38
2696 188.521
2700 188.661
2704 188.8
2708 188.939
2712 189.076
2716 189.213
2720 189.349
2724 189.484
2728 189.619
2732 189.752
2736 189.885
2740 190.018
2744 190.149
2748 190.28
2752 190.41
2756 190.539
2760 190.667
2764 190.795
2768 190.922
2772 191.048
2776 191.174
2780 191.299
2784 191.423
2788 191.547
2792 191.67
2796 191.792
2800 191.914
2804 192.035
2808 192.156
2812 192.276
2816 192.396
2820 192.515
2824 192.633
2828 192.752
2832 192.869
2836 192.986
2840 193.103
2844 193.22
2848 193.335
2852 193.451
2856 193.566
2860 193.681
2864 193.795
2868 193.909
2872 194.023
2876 194.136
2880 194.249
2884 194.362
2888 194.474
2892 194.586
2896 194.698
2900 194.809
2904 194.92
2908 195.031
2912 195.141
2916 195.251
2920 195.361
2924 195.47
2928 195.58
2932 195.688
2936 195.797
2940 195.905
2944 196.013
2948 196.12
2952 196.227
2956 196.333
2960 196.439
2964 196.545
2968 196.65
2972 196.754
2976 196.858
2980 196.961
2984 197.064
2988 197.166
2992 197.268
2996 197.369
3000 197.469
3004 197.569
3008 197.669
3012 197.768
3016 197.866
3020 197.965
3024 198.062
3028 198.16
3032 198.257
3036 198.353
3040 198.449
3044 198.544
3048 198.639
3052 198.734
3056 198.828
3060 198.922
3064 199.015
3068 199.108
3072 199.201
3076 199.293
3080 199.384
3084 199.476
3088 199.567
3092 199.657
3096 199.748
3100 199.838
3104 199.928
3108 200.017
3112 200.106
3116 200.196
3120 200.284
3124 200.373
3128 200.462
3132 200.55
3136 200.638
3140 200.726
3144 200.814
3148 200.901
3152 200.988
3156 201.075
3160 201.162
3164 201.249
3168 201.335
3172 201.422
3176 201.508
3180 201.594
3184 201.68
3188 201.766
3192 201.852
3196 201.938
3200 202.024
3204 202.11
3208 202.196
3212 202.282
3216 202.368
3220 202.454
3224 202.54
3228 202.626
3232 202.712
3236 202.798
3240 202.884
3244 202.971
3248 203.057
3252 203.143
3256 203.23
3260 203.316
3264 203.403
3268 203.489
3272 203.576
3276 203.663
3280 203.75
3284 203.837
3288 203.925
3292 204.013
3296 204.101
3300 204.189
3304 204.277
3308 204.366
3312 204.455
3316 204.543
3320 204.632
3324 204.721
3328 204.811
3332 204.9
3336 204.989
3340 205.079
3344 205.169
3348 205.259
3352 205.349
3356 205.44
3360 205.53
3364 205.62
3368 205.711
3372 205.801
3376 205.891
3380 205.982
3384 206.072
3388 206.162
3392 206.252
3396 206.341
3400 206.431
3404 206.521
3408 206.611
3412 206.7
3416 206.79
3420 206.88
3424 206.97
3428 207.059
3432 207.149
3436 207.239
3440 207.329
3444 207.418
3448 207.508
3452 207.597
3456 207.687
3460 207.776
3464 207.866
3468 207.955
3472 208.044
3476 208.134
3480 208.224
3484 208.313
3488 208.403
3492 208.492
3496 208.582
3500 208.671
3504 208.761
3508 208.851
3512 208.94
3516 209.03
3520 209.12
3524 209.209
3528 209.299
3532 209.389
3536 209.479
3540 209.568
3544 209.658
3548 209.748
3552 209.838
3556 209.928
3560 210.018
3564 210.108
3568 210.198
3572 210.288
3576 210.378
3580 210.468
3584 210.558
3588 210.647
3592 210.737
3596 210.827
3600 210.916
3604 211.006
3608 211.096
3612 211.185
3616 211.275
3620 211.364
3624 211.453
3628 211.543
3632 211.632
3636 211.721
3640 211.81
3644 211.899
3648 211.988
3652 212.078
3656 212.167
3660 212.256
3664 212.345
3668 212.434
3672 212.523
3676 212.612
3680 212.701
3684 212.789
3688 212.878
3692 212.967
3696 213.056
3700 213.145
3704 213.233
3708 213.322
3712 213.411
3716 213.5
3720 213.588
3724 213.677
3728 213.766
3732 213.854
3736 213.943
3740 214.032
3744 214.12
3748 214.209
3752 214.298
3756 214.386
3760 214.475
3764 214.563
3768 214.651
3772 214.739
3776 214.828
3780 214.916
3784 215.003
3788 215.091
3792 215.179
3796 215.266
3800 215.354
3804 215.441
3808 215.528
3812 215.615
3816 215.702
3820 215.789
3824 215.876
3828 215.962
3832 216.049
3836 216.135
3840 216.222
3844 216.308
3848 216.394
3852 216.48
3856 216.566
3860 216.652
3864 216.738
3868 216.823
3872 216.909
3876 216.995
3880 217.08
3884 217.166
3888 217.251
3892 217.337
3896 217.422
3900 217.507
3904 217.592
3908 217.677
3912 217.763
3916 217.848
3920 217.933
3924 218.018
3928 218.103
3932 218.188
3936 218.273
3940 218.358
3944 218.443
3948 218.528
3952 218.612
3956 218.697
3960 218.782
3964 218.867
3968 218.952
3972 219.036
3976 219.121
3980 219.205
3984 219.29
3988 219.374
3992 219.458
3996 219.542
4000 219.627
4004 219.711
4008 219.795
4012 219.879
4016 219.964
4020 220.048
4024 220.132
4028 220.216
4032 220.301
4036 220.385
4040 220.469
4044 220.553
4048 220.637
4052 220.721
4056 220.805
4060 220.889
4064 220.973
4068 221.057
4072 221.141
4076 221.225
4080 221.309
4084 221.393
4088 221.477
4092 221.561
4096 221.645
4100 221.728
4104 221.812
4108 221.896
4112 221.979
4116 222.062
4120 222.146
4124 222.229
4128 222.312
4132 222.395
4136 222.478
4140 222.561
4144 222.644
4148 222.727
4152 222.81
4156 222.892
4160 222.975
4164 223.057
4168 223.139
4172 223.222
4176 223.304
4180 223.386
4184 223.468
4188 223.55
4192 223.632
4196 223.713
4200 223.795
4204 223.877
4208 223.958
4212 224.039
4216 224.12
4220 224.202
4224 224.283
4228 224.364
4232 224.445
4236 224.525
4240 224.606
4244 224.687
4248 224.767
4252 224.848
4256 224.928
4260 225.008
4264 225.088
4268 225.168
4272 225.248
4276 225.327
4280 225.407
4284 225.486
4288 225.566
4292 225.645
4296 225.724
4300 225.803
4304 225.882
4308 225.96
4312 226.039
4316 226.118
4320 226.196
4324 226.274
4328 226.352
4332 226.43
4336 226.507
4340 226.585
4344 226.662
4348 226.739
4352 226.815
4356 226.892
4360 226.968
4364 227.045
4368 227.121
4372 227.197
4376 227.273
4380 227.348
4384 227.424
4388 227.499
4392 227.574
4396 227.649
4400 227.724
4404 227.799
4408 227.873
4412 227.948
4416 228.022
4420 228.096
4424 228.171
4428 228.245
4432 228.318
4436 228.392
4440 228.466
4444 228.539
4448 228.612
4452 228.685
4456 228.759
4460 228.831
4464 228.904
4468 228.977
4472 229.05
4476 229.122
4480 229.194
4484 229.267
4488 229.339
4492 229.411
4496 229.483
4500 229.555
4504 229.627
4508 229.699
4512 229.771
4516 229.842
4520 229.914
4524 229.986
4528 230.058
4532 230.129
4536 230.201
4540 230.273
4544 230.344
4548 230.416
4552 230.488
4556 230.559
4560 230.631
4564 230.702
4568 230.774
4572 230.846
4576 230.917
4580 230.989
4584 231.06
4588 231.132
4592 231.203
4596 231.275
4600 231.346
4604 231.418
4608 231.49
4612 231.561
4616 231.633
4620 231.704
4624 231.776
4628 231.847
4632 231.919
4636 231.99
4640 232.061
4644 232.133
4648 232.204
4652 232.275
4656 232.347
4660 232.418
4664 232.49
4668 232.561
4672 232.632
4676 232.704
4680 232.775
4684 232.846
4688 232.918
4692 232.989
4696 233.06
4700 233.132
4704 233.203
4708 233.275
4712 233.346
4716 233.417
4720 233.489
4724 233.56
4728 233.631
4732 233.703
4736 233.774
4740 233.845
4744 233.917
4748 233.988
4752 234.059
4756 234.131
4760 234.202
4764 234.274
4768 234.345
4772 234.417
4776 234.488
4780 234.56
4784 234.632
4788 234.704
4792 234.775
4796 234.847
4800 234.919
4804 234.991
4808 235.063
4812 235.135
4816 235.208
4820 235.28
4824 235.352
4828 235.424
4832 235.497
4836 235.569
4840 235.641
4844 235.714
4848 235.786
4852 235.859
4856 235.931
4860 236.004
4864 236.076
4868 236.149
4872 236.221
4876 236.294
4880 236.367
4884 236.44
4888 236.513
4892 236.586
4896 236.659
4900 236.732
4904 236.806
4908 236.879
4912 236.952
4916 237.026
4920 237.099
4924 237.172
4928 237.246
4932 237.319
4936 237.392
4940 237.466
4944 237.539
4948 237.613
4952 237.686
4956 237.76
4960 237.833
4964 237.907
4968 237.981
4972 238.055
4976 238.129
4980 238.203
4984 238.277
4988 238.351
4992 238.425
4996 238.499
