20000 394.978
27480 528.239
34960 671.698
42440 770.679
49920 879.807
57400 1009.56
64880 1150.06
72360 1289.41
79840 1427.57
87320 1562.6
94800 1676.77
102280 1772.98
109760 1864.24
117240 1952.54
124720 2035.37
132200 2109.12
139680 2173.75
147160 2226.08
154640 2267.12
162120 2298.39
169600 2320.75
177080 2337.55
184560 2351.38
192040 2366.43
199520 2385.09
207000 2406.59
214480 2429.6
221960 2452.6
229440 2473.05
236920 2490.11
244400 2505.61
251880 2522
259360 2540.39
266840 2558.76
274320 2578.02
281800 2598.79
289280 2619.39
296760 2639.29
304240 2656.97
311720 2672.87
319200 2687.1
326680 2699.64
334160 2711.36
341640 2723.47
349120 2735.93
356600 2749.34
364080 2762.93
371560 2775.82
379040 2787.78
386520 2799.09
394000 2810.29
401480 2821.35
408960 2832.23
416440 2842.78
423920 2852.31
431400 2860.59
438880 2868.41
446360 2875.79
453840 2883.54
461320 2891.84
468800 2899.95
476280 2907.29
483760 2913.79
491240 2920.15
498720 2926.66
506200 2932.71
513680 2938.55
521160 2943.73
528640 2948.17
536120 2951.39
543600 2953.79
551080 2956.35
558560 2959.39
566040 2963.02
573520 2967.16
581000 2971.26
588480 2974.87
595960 2978.08
603440 2980.95
610920 2983.58
618400 2985.84
625880 2987.91
633360 2989.54
640840 2990.63
648320 2991.34
655800 2991.62
663280 2991.41
670760 2990.75
678240 2989.51
685720 2988.11
693200 2986.68
700680 2985.61
708160 2985.12
715640 2985.01
723120 2985.49
730600 2986.54
738080 2987.96
745560 2989.84
753040 2992.05
760520 2994.46
768000 2997.1
775480 2999.89
782960 3002.82
790440 3005.39
797920 3008.08
805400 3010.81
812880 3013.3
820360 3015.83
827840 3018.15
835320 3020.15
842800 3022.01
850280 3023.48
857760 3024.49
865240 3024.93
872720 3024.98
880200 3024.95
887680 3024.87
895160 3024.7
902640 3024.47
910120 3024.36
917600 3024.66
925080 3025.28
932560 3025.74
940040 3025.97
947520 3026.17
955000 3026.17
962480 3025.94
969960 3025.52
977440 3024.92
984920 3024.36
992400 3023.76
999880 3022.92
1.00736e+06 3021.91
1.01484e+06 3020.87
1.02232e+06 3019.86
1.0298e+06 3019.01
1.03728e+06 3018.06
1.04476e+06 3016.92
1.05224e+06 3015.69
1.05972e+06 3014.48
1.0672e+06 3013.42
1.07468e+06 3012.73
1.08216e+06 3012.42
1.08964e+06 3012.2
1.09712e+06 3012
1.1046e+06 3011.74
1.11208e+06 3011.43
1.11956e+06 3011
1.12704e+06 3010.56
1.13452e+06 3010.28
1.142e+06 3010.36
1.14948e+06 3010.86
1.15696e+06 3011.77
1.16444e+06 3013.06
1.17192e+06 3014.4
1.1794e+06 3015.8
1.18688e+06 3017.23
1.19436e+06 3018.61
1.20184e+06 3019.92
1.20932e+06 3021.05
1.2168e+06 3022.01
1.22428e+06 3023
1.23176e+06 3024.06
1.23924e+06 3025.16
1.24672e+06 3026.28
1.2542e+06 3027.38
1.26168e+06 3028.36
1.26916e+06 3029.21
1.27664e+06 3029.91
1.28412e+06 3030.54
1.2916e+06 3031.17
1.29908e+06 3031.87
1.30656e+06 3032.78
1.31404e+06 3033.85
1.32152e+06 3035.13
1.329e+06 3036.65
1.33648e+06 3038.42
1.34396e+06 3040.45
1.35144e+06 3042.7
1.35892e+06 3045.13
1.3664e+06 3047.75
1.37388e+06 3050.52
1.38136e+06 3053.35
1.38884e+06 3056.24
1.39632e+06 3059.21
1.4038e+06 3062.29
1.41128e+06 3065.46
1.41876e+06 3068.53
1.42624e+06 3071.47
1.43372e+06 3074.41
1.4412e+06 3077.44
1.44868e+06 3080.67
1.45616e+06 3084.13
1.46364e+06 3087.69
1.47112e+06 3091.32
1.4786e+06 3094.94
1.48608e+06 3098.49
1.49356e+06 3102.1
1.50104e+06 3105.95
1.50852e+06 3109.94
1.516e+06 3114.06
1.52348e+06 3118.26
1.53096e+06 3122.42
1.53844e+06 3126.58
1.54592e+06 3130.67
1.5534e+06 3134.64
1.56088e+06 3138.51
1.56836e+06 3142.28
1.57584e+06 3145.91
1.58332e+06 3149.58
1.5908e+06 3153.36
1.59828e+06 3157.29
1.60576e+06 3161.32
1.61324e+06 3165.38
1.62072e+06 3169.46
1.6282e+06 3173.6
1.63568e+06 3177.82
1.64316e+06 3182.11
1.65064e+06 3186.39
1.65812e+06 3190.58
1.6656e+06 3194.73
1.67308e+06 3198.86
1.68056e+06 3202.94
1.68804e+06 3207
1.69552e+06 3210.97
1.703e+06 3214.85
1.71048e+06 3218.62
1.71796e+06 3222.27
1.72544e+06 3225.74
1.73292e+06 3228.99
1.7404e+06 3231.96
1.74788e+06 3234.8
1.75536e+06 3237.57
1.76284e+06 3240.33
1.77032e+06 3243.14
1.7778e+06 3245.99
1.78528e+06 3248.78
1.79276e+06 3251.53
1.80024e+06 3254.3
1.80772e+06 3257.09
1.8152e+06 3259.81
1.82268e+06 3262.38
1.83016e+06 3264.77
1.83764e+06 3267.03
1.84512e+06 3269.23
1.8526e+06 3271.3
1.86008e+06 3273.21
1.86756e+06 3275.01
1.87504e+06 3276.75
1.88252e+06 3278.51
1.89e+06 3280.35
1.89748e+06 3282.3
1.90496e+06 3284.41
1.91244e+06 3286.47
1.91992e+06 3288.42
1.9274e+06 3290.2
1.93488e+06 3291.76
1.94236e+06 3293.06
1.94984e+06 3294.12
1.95732e+06 3295.06
1.9648e+06 3295.93
1.97228e+06 3296.69
1.97976e+06 3297.35
1.98724e+06 3297.95
1.99472e+06 3298.5
2.0022e+06 3299.01
2.00968e+06 3299.49
2.01716e+06 3299.95
2.02464e+06 3300.42
2.03212e+06 3300.94
2.0396e+06 3301.5
2.04708e+06 3302.2
2.05456e+06 3302.96
2.06204e+06 3303.73
2.06952e+06 3304.53
2.077e+06 3305.37
2.08448e+06 3306.32
2.09196e+06 3307.39
2.09944e+06 3308.48
2.10692e+06 3309.57
2.1144e+06 3310.67
2.12188e+06 3311.73
2.12936e+06 3312.76
2.13684e+06 3313.78
2.14432e+06 3314.8
2.1518e+06 3315.84
2.15928e+06 3316.91
2.16676e+06 3317.99
2.17424e+06 3319.03
2.18172e+06 3320.03
2.1892e+06 3321.02
2.19668e+06 3321.99
2.20416e+06 3322.88
2.21164e+06 3323.7
2.21912e+06 3324.45
2.2266e+06 3325.18
2.23408e+06 3326.01
2.24156e+06 3326.88
2.24904e+06 3327.79
2.25652e+06 3328.69
2.264e+06 3329.57
2.27148e+06 3330.42
2.27896e+06 3331.22
2.28644e+06 3331.96
2.29392e+06 3332.65
2.3014e+06 3333.3
2.30888e+06 3333.92
2.31636e+06 3334.46
2.32384e+06 3334.89
2.33132e+06 3335.27
2.3388e+06 3335.66
2.34628e+06 3336.04
2.35376e+06 3336.33
2.36124e+06 3336.54
2.36872e+06 3336.75
2.3762e+06 3336.99
2.38368e+06 3337.32
2.39116e+06 3337.75
2.39864e+06 3338.24
2.40612e+06 3338.76
2.4136e+06 3339.3
2.42108e+06 3339.9
2.42856e+06 3340.53
2.43604e+06 3341.2
2.44352e+06 3341.96
2.451e+06 3342.82
2.45848e+06 3343.69
2.46596e+06 3344.55
2.47344e+06 3345.42
2.48092e+06 3346.25
2.4884e+06 3347.12
2.49588e+06 3348.05
2.50336e+06 3348.97
2.51084e+06 3349.87
2.51832e+06 3350.75
2.5258e+06 3351.58
2.53328e+06 3352.38
2.54076e+06 3353.16
2.54824e+06 3353.94
2.55572e+06 3354.67
2.5632e+06 3355.35
2.57068e+06 3356
2.57816e+06 3356.63
2.58564e+06 3357.21
2.59312e+06 3357.78
2.6006e+06 3358.39
2.60808e+06 3359.04
2.61556e+06 3359.7
2.62304e+06 3360.39
2.63052e+06 3361.09
2.638e+06 3361.81
2.64548e+06 3362.51
2.65296e+06 3363.16
2.66044e+06 3363.76
2.66792e+06 3364.32
2.6754e+06 3364.87
2.68288e+06 3365.37
2.69036e+06 3365.83
2.69784e+06 3366.3
2.70532e+06 3366.78
2.7128e+06 3367.28
2.72028e+06 3367.82
2.72776e+06 3368.4
2.73524e+06 3369
2.74272e+06 3369.63
2.7502e+06 3370.25
2.75768e+06 3370.87
2.76516e+06 3371.5
2.77264e+06 3372.14
2.78012e+06 3372.75
2.7876e+06 3373.38
2.79508e+06 3374.06
2.80256e+06 3374.77
2.81004e+06 3375.46
2.81752e+06 3376.13
2.825e+06 3376.73
2.83248e+06 3377.28
2.83996e+06 3377.79
2.84744e+06 3378.24
2.85492e+06 3378.65
2.8624e+06 3379.01
2.86988e+06 3379.32
2.87736e+06 3379.59
2.88484e+06 3379.8
2.89232e+06 3380.02
2.8998e+06 3380.2
2.90728e+06 3380.35
2.91476e+06 3380.45
2.92224e+06 3380.51
2.92972e+06 3380.56
2.9372e+06 3380.58
2.94468e+06 3380.52
2.95216e+06 3380.41
2.95964e+06 3380.26
2.96712e+06 3380.13
2.9746e+06 3380.04
2.98208e+06 3379.97
2.98956e+06 3379.97
2.99704e+06 3380
3.00452e+06 3380.09
3.012e+06 3380.24
3.01948e+06 3380.46
3.02696e+06 3380.75
3.03444e+06 3381.05
3.04192e+06 3381.34
3.0494e+06 3381.61
3.05688e+06 3381.91
3.06436e+06 3382.21
3.07184e+06 3382.48
3.07932e+06 3382.74
3.0868e+06 3382.98
3.09428e+06 3383.24
3.10176e+06 3383.52
3.10924e+06 3383.87
3.11672e+06 3384.27
3.1242e+06 3384.7
3.13168e+06 3385.16
3.13916e+06 3385.57
3.14664e+06 3385.95
3.15412e+06 3386.33
3.1616e+06 3386.68
3.16908e+06 3387.02
3.17656e+06 3387.39
3.18404e+06 3387.79
3.19152e+06 3388.24
3.199e+06 3388.74
3.20648e+06 3389.27
3.21396e+06 3389.84
3.22144e+06 3390.43
3.22892e+06 3391.08
3.2364e+06 3391.78
3.24388e+06 3392.51
3.25136e+06 3393.25
3.25884e+06 3394.05
3.26632e+06 3394.94
3.2738e+06 3395.92
3.28128e+06 3396.95
3.28876e+06 3398.04
3.29624e+06 3399.16
3.30372e+06 3400.29
3.3112e+06 3401.45
3.31868e+06 3402.64
3.32616e+06 3403.84
3.33364e+06 3405.04
3.34112e+06 3406.23
3.3486e+06 3407.37
3.35608e+06 3408.45
3.36356e+06 3409.52
3.37104e+06 3410.56
3.37852e+06 3411.61
3.386e+06 3412.66
3.39348e+06 3413.68
3.40096e+06 3414.68
3.40844e+06 3415.64
3.41592e+06 3416.54
3.4234e+06 3417.4
3.43088e+06 3418.26
3.43836e+06 3419.11
3.44584e+06 3419.96
3.45332e+06 3420.8
3.4608e+06 3421.62
3.46828e+06 3422.41
3.47576e+06 3423.17
3.48324e+06 3423.93
3.49072e+06 3424.73
3.4982e+06 3425.52
3.50568e+06 3426.29
3.51316e+06 3427.07
3.52064e+06 3427.85
3.52812e+06 3428.66
3.5356e+06 3429.43
3.54308e+06 3430.24
3.55056e+06 3431.09
3.55804e+06 3431.91
3.56552e+06 3432.71
3.573e+06 3433.51
3.58048e+06 3434.35
3.58796e+06 3435.21
3.59544e+06 3436.1
3.60292e+06 3437.04
3.6104e+06 3438.02
3.61788e+06 3439.05
3.62536e+06 3440.13
3.63284e+06 3441.23
3.64032e+06 3442.34
3.6478e+06 3443.42
3.65528e+06 3444.46
3.66276e+06 3445.52
3.67024e+06 3446.58
3.67772e+06 3447.63
3.6852e+06 3448.68
3.69268e+06 3449.76
3.70016e+06 3450.88
3.70764e+06 3452.01
3.71512e+06 3453.16
3.7226e+06 3454.29
3.73008e+06 3455.41
3.73756e+06 3456.52
3.74504e+06 3457.62
3.75252e+06 3458.72
3.76e+06 3459.82
3.76748e+06 3460.87
3.77496e+06 3461.87
3.78244e+06 3462.84
3.78992e+06 3463.79
3.7974e+06 3464.72
3.80488e+06 3465.63
3.81236e+06 3466.55
3.81984e+06 3467.47
3.82732e+06 3468.41
3.8348e+06 3469.31
3.84228e+06 3470.19
3.84976e+06 3471.07
3.85724e+06 3471.95
3.86472e+06 3472.84
3.8722e+06 3473.78
3.87968e+06 3474.77
3.88716e+06 3475.78
3.89464e+06 3476.79
3.90212e+06 3477.78
3.9096e+06 3478.78
3.91708e+06 3479.81
3.92456e+06 3480.85
3.93204e+06 3481.85
3.93952e+06 3482.85
3.947e+06 3483.87
3.95448e+06 3484.93
3.96196e+06 3486.04
3.96944e+06 3487.25
3.97692e+06 3488.53
3.9844e+06 3489.83
3.99188e+06 3491.1
3.99936e+06 3492.36
4.00684e+06 3493.6
4.01432e+06 3494.81
4.0218e+06 3495.99
4.02928e+06 3497.15
4.03676e+06 3498.28
4.04424e+06 3499.38
4.05172e+06 3500.5
4.0592e+06 3501.64
4.06668e+06 3502.76
4.07416e+06 3503.84
4.08164e+06 3504.94
4.08912e+06 3506.07
4.0966e+06 3507.17
4.10408e+06 3508.22
4.11156e+06 3509.21
4.11904e+06 3510.18
4.12652e+06 3511.15
4.134e+06 3512.12
4.14148e+06 3513.07
4.14896e+06 3514
4.15644e+06 3514.95
4.16392e+06 3515.92
4.1714e+06 3516.9
4.17888e+06 3517.84
4.18636e+06 3518.79
4.19384e+06 3519.73
4.20132e+06 3520.7
4.2088e+06 3521.69
4.21628e+06 3522.7
4.22376e+06 3523.73
4.23124e+06 3524.8
4.23872e+06 3525.89
4.2462e+06 3526.99
4.25368e+06 3528.1
4.26116e+06 3529.22
4.26864e+06 3530.33
4.27612e+06 3531.4
4.2836e+06 3532.43
4.29108e+06 3533.45
4.29856e+06 3534.49
4.30604e+06 3535.55
4.31352e+06 3536.66
4.321e+06 3537.8
4.32848e+06 3538.96
4.33596e+06 3540.14
4.34344e+06 3541.28
4.35092e+06 3542.4
4.3584e+06 3543.53
4.36588e+06 3544.66
4.37336e+06 3545.8
4.38084e+06 3546.96
4.38832e+06 3548.08
4.3958e+06 3549.15
4.40328e+06 3550.17
4.41076e+06 3551.16
4.41824e+06 3552.12
4.42572e+06 3553.08
4.4332e+06 3554.04
4.44068e+06 3554.98
4.44816e+06 3555.91
4.45564e+06 3556.82
4.46312e+06 3557.74
4.4706e+06 3558.68
4.47808e+06 3559.66
4.48556e+06 3560.66
4.49304e+06 3561.67
4.50052e+06 3562.69
4.508e+06 3563.72
4.51548e+06 3564.71
4.52296e+06 3565.67
4.53044e+06 3566.58
4.53792e+06 3567.46
4.5454e+06 3568.32
4.55288e+06 3569.19
4.56036e+06 3570.07
4.56784e+06 3570.95
4.57532e+06 3571.83
4.5828e+06 3572.67
4.59028e+06 3573.49
4.59776e+06 3574.27
4.60524e+06 3575.03
4.61272e+06 3575.81
4.6202e+06 3576.57
4.62768e+06 3577.32
4.63516e+06 3578.05
4.64264e+06 3578.79
4.65012e+06 3579.54
4.6576e+06 3580.31
4.66508e+06 3581.11
4.67256e+06 3581.92
4.68004e+06 3582.74
4.68752e+06 3583.6
4.695e+06 3584.48
4.70248e+06 3585.41
4.70996e+06 3586.35
4.71744e+06 3587.32
4.72492e+06 3588.32
4.7324e+06 3589.34
4.73988e+06 3590.38
4.74736e+06 3591.44
4.75484e+06 3592.47
4.76232e+06 3593.48
4.7698e+06 3594.46
4.77728e+06 3595.43
4.78476e+06 3596.38
4.79224e+06 3597.34
4.79972e+06 3598.29
4.8072e+06 3599.25
4.81468e+06 3600.23
4.82216e+06 3601.22
4.82964e+06 3602.21
4.83712e+06 3603.2
4.8446e+06 3604.16
4.85208e+06 3605.12
4.85956e+06 3606.08
4.86704e+06 3607.06
4.87452e+06 3608.07
4.882e+06 3609.1
4.88948e+06 3610.14
4.89696e+06 3611.17
4.90444e+06 3612.19
4.91192e+06 3613.16
4.9194e+06 3614.11
4.92688e+06 3615.06
4.93436e+06 3615.98
4.94184e+06 3616.86
4.94932e+06 3617.71
4.9568e+06 3618.52
4.96428e+06 3619.29
4.97176e+06 3620.05
4.97924e+06 3620.82
4.98672e+06 3621.6
4.9942e+06 3622.38
5.00168e+06 3623.14
5.00916e+06 3623.88
5.01664e+06 3624.64
5.02412e+06 3625.41
5.0316e+06 3626.19
5.03908e+06 3626.96
5.04656e+06 3627.73
5.05404e+06 3628.51
5.06152e+06 3629.29
5.069e+06 3630.06
5.07648e+06 3630.83
5.08396e+06 3631.61
5.09144e+06 3632.42
5.09892e+06 3633.27
5.1064e+06 3634.18
5.11388e+06 3635.13
5.12136e+06 3636.14
5.12884e+06 3637.18
5.13632e+06 3638.25
5.1438e+06 3639.35
5.15128e+06 3640.43
5.15876e+06 3641.52
5.16624e+06 3642.59
5.17372e+06 3643.63
5.1812e+06 3644.65
5.18868e+06 3645.63
5.19616e+06 3646.59
5.20364e+06 3647.55
5.21112e+06 3648.52
5.2186e+06 3649.48
5.22608e+06 3650.44
5.23356e+06 3651.42
5.24104e+06 3652.43
5.24852e+06 3653.46
5.256e+06 3654.49
5.26348e+06 3655.49
5.27096e+06 3656.48
5.27844e+06 3657.45
5.28592e+06 3658.4
5.2934e+06 3659.35
5.30088e+06 3660.29
5.30836e+06 3661.22
5.31584e+06 3662.15
5.32332e+06 3663.08
5.3308e+06 3664.03
5.33828e+06 3665.01
5.34576e+06 3666.03
5.35324e+06 3667.08
5.36072e+06 3668.12
5.3682e+06 3669.18
5.37568e+06 3670.25
5.38316e+06 3671.34
5.39064e+06 3672.43
5.39812e+06 3673.51
5.4056e+06 3674.58
5.41308e+06 3675.64
5.42056e+06 3676.69
5.42804e+06 3677.76
5.43552e+06 3678.83
5.443e+06 3679.94
5.45048e+06 3681.07
5.45796e+06 3682.21
5.46544e+06 3683.35
5.47292e+06 3684.47
5.4804e+06 3685.56
5.48788e+06 3686.61
5.49536e+06 3687.63
5.50284e+06 3688.58
5.51032e+06 3689.5
5.5178e+06 3690.4
5.52528e+06 3691.27
5.53276e+06 3692.11
5.54024e+06 3692.94
5.54772e+06 3693.77
5.5552e+06 3694.59
5.56268e+06 3695.42
5.57016e+06 3696.21
5.57764e+06 3696.97
5.58512e+06 3697.71
5.5926e+06 3698.42
5.60008e+06 3699.12
5.60756e+06 3699.83
5.61504e+06 3700.56
5.62252e+06 3701.3
5.63e+06 3702.04
5.63748e+06 3702.78
5.64496e+06 3703.55
5.65244e+06 3704.32
5.65992e+06 3705.1
5.6674e+06 3705.89
5.67488e+06 3706.68
5.68236e+06 3707.47
5.68984e+06 3708.29
5.69732e+06 3709.13
5.7048e+06 3710.01
5.71228e+06 3710.9
5.71976e+06 3711.79
5.72724e+06 3712.7
5.73472e+06 3713.61
5.7422e+06 3714.52
5.74968e+06 3715.41
5.75716e+06 3716.29
5.76464e+06 3717.16
5.77212e+06 3718
5.7796e+06 3718.81
5.78708e+06 3719.6
5.79456e+06 3720.38
5.80204e+06 3721.15
5.80952e+06 3721.91
5.817e+06 3722.67
5.82448e+06 3723.42
5.83196e+06 3724.15
5.83944e+06 3724.86
5.84692e+06 3725.55
5.8544e+06 3726.24
5.86188e+06 3726.92
5.86936e+06 3727.6
5.87684e+06 3728.27
5.88432e+06 3728.97
5.8918e+06 3729.68
5.89928e+06 3730.39
5.90676e+06 3731.08
5.91424e+06 3731.74
5.92172e+06 3732.39
5.9292e+06 3733.04
5.93668e+06 3733.72
5.94416e+06 3734.44
5.95164e+06 3735.17
5.95912e+06 3735.91
5.9666e+06 3736.64
5.97408e+06 3737.38
5.98156e+06 3738.11
5.98904e+06 3738.83
5.99652e+06 3739.54
6.004e+06 3740.24
6.01148e+06 3740.94
6.01896e+06 3741.63
6.02644e+06 3742.32
6.03392e+06 3743
6.0414e+06 3743.65
6.04888e+06 3744.27
6.05636e+06 3744.88
6.06384e+06 3745.46
6.07132e+06 3746.03
6.0788e+06 3746.57
6.08628e+06 3747.11
6.09376e+06 3747.66
6.10124e+06 3748.23
6.10872e+06 3748.8
6.1162e+06 3749.38
6.12368e+06 3749.96
6.13116e+06 3750.51
6.13864e+06 3751.06
6.14612e+06 3751.61
6.1536e+06 3752.18
6.16108e+06 3752.73
6.16856e+06 3753.28
6.17604e+06 3753.82
6.18352e+06 3754.37
6.191e+06 3754.97
6.19848e+06 3755.6
6.20596e+06 3756.23
6.21344e+06 3756.87
6.22092e+06 3757.5
6.2284e+06 3758.15
6.23588e+06 3758.82
6.24336e+06 3759.5
6.25084e+06 3760.18
6.25832e+06 3760.85
6.2658e+06 3761.51
6.27328e+06 3762.17
6.28076e+06 3762.82
6.28824e+06 3763.45
6.29572e+06 3764.08
6.3032e+06 3764.72
6.31068e+06 3765.36
6.31816e+06 3766.01
6.32564e+06 3766.67
6.33312e+06 3767.33
6.3406e+06 3768.01
6.34808e+06 3768.7
6.35556e+06 3769.39
6.36304e+06 3770.09
6.37052e+06 3770.8
6.378e+06 3771.51
6.38548e+06 3772.22
6.39296e+06 3772.92
6.40044e+06 3773.62
6.40792e+06 3774.32
6.4154e+06 3775.01
6.42288e+06 3775.7
6.43036e+06 3776.37
6.43784e+06 3777.03
6.44532e+06 3777.68
6.4528e+06 3778.32
6.46028e+06 3778.96
6.46776e+06 3779.61
6.47524e+06 3780.27
6.48272e+06 3780.93
6.4902e+06 3781.59
6.49768e+06 3782.26
6.50516e+06 3782.94
6.51264e+06 3783.62
6.52012e+06 3784.3
6.5276e+06 3784.96
6.53508e+06 3785.6
6.54256e+06 3786.25
6.55004e+06 3786.9
6.55752e+06 3787.56
6.565e+06 3788.2
6.57248e+06 3788.82
6.57996e+06 3789.43
6.58744e+06 3790.04
6.59492e+06 3790.65
6.6024e+06 3791.25
6.60988e+06 3791.86
6.61736e+06 3792.47
6.62484e+06 3793.06
6.63232e+06 3793.65
6.6398e+06 3794.21
6.64728e+06 3794.75
6.65476e+06 3795.26
6.66224e+06 3795.75
6.66972e+06 3796.22
6.6772e+06 3796.66
6.68468e+06 3797.09
6.69216e+06 3797.5
6.69964e+06 3797.89
6.70712e+06 3798.27
6.7146e+06 3798.63
6.72208e+06 3798.97
6.72956e+06 3799.32
6.73704e+06 3799.66
6.74452e+06 3799.98
6.752e+06 3800.3
6.75948e+06 3800.61
6.76696e+06 3800.92
6.77444e+06 3801.21
6.78192e+06 3801.47
6.7894e+06 3801.72
6.79688e+06 3801.95
6.80436e+06 3802.17
6.81184e+06 3802.36
6.81932e+06 3802.53
6.8268e+06 3802.66
6.83428e+06 3802.78
6.84176e+06 3802.89
6.84924e+06 3803
6.85672e+06 3803.09
6.8642e+06 3803.16
6.87168e+06 3803.2
6.87916e+06 3803.22
6.88664e+06 3803.21
6.89412e+06 3803.19
6.9016e+06 3803.16
6.90908e+06 3803.13
6.91656e+06 3803.1
6.92404e+06 3803.07
6.93152e+06 3803.03
6.939e+06 3802.99
6.94648e+06 3802.95
6.95396e+06 3802.92
6.96144e+06 3802.9
6.96892e+06 3802.88
6.9764e+06 3802.87
6.98388e+06 3802.86
6.99136e+06 3802.87
6.99884e+06 3802.89
7.00632e+06 3802.92
7.0138e+06 3802.96
7.02128e+06 3803.02
7.02876e+06 3803.07
7.03624e+06 3803.1
7.04372e+06 3803.11
7.0512e+06 3803.12
7.05868e+06 3803.13
7.06616e+06 3803.14
7.07364e+06 3803.14
7.08112e+06 3803.13
7.0886e+06 3803.13
7.09608e+06 3803.13
7.10356e+06 3803.14
7.11104e+06 3803.17
7.11852e+06 3803.2
7.126e+06 3803.24
7.13348e+06 3803.29
7.14096e+06 3803.34
7.14844e+06 3803.4
7.15592e+06 3803.49
7.1634e+06 3803.58
7.17088e+06 3803.69
7.17836e+06 3803.8
7.18584e+06 3803.91
7.19332e+06 3804.04
7.2008e+06 3804.17
7.20828e+06 3804.32
7.21576e+06 3804.48
7.22324e+06 3804.66
7.23072e+06 3804.84
7.2382e+06 3805.03
7.24568e+06 3805.22
7.25316e+06 3805.38
7.26064e+06 3805.52
7.26812e+06 3805.64
7.2756e+06 3805.75
7.28308e+06 3805.87
7.29056e+06 3806
7.29804e+06 3806.13
7.30552e+06 3806.26
7.313e+06 3806.38
7.32048e+06 3806.52
7.32796e+06 3806.66
7.33544e+06 3806.81
7.34292e+06 3806.94
7.3504e+06 3807.06
7.35788e+06 3807.18
7.36536e+06 3807.33
7.37284e+06 3807.49
7.38032e+06 3807.66
7.3878e+06 3807.83
7.39528e+06 3808.02
7.40276e+06 3808.2
7.41024e+06 3808.4
7.41772e+06 3808.58
7.4252e+06 3808.77
7.43268e+06 3808.94
7.44016e+06 3809.12
7.44764e+06 3809.31
7.45512e+06 3809.49
7.4626e+06 3809.66
7.47008e+06 3809.83
7.47756e+06 3809.98
7.48504e+06 3810.14
7.49252e+06 3810.31
