1000 15.7083
1004 15.745
1008 15.7953
1012 15.8481
1016 15.9033
1020 15.9585
1024 16.0122
1028 16.067
1032 16.121
1036 16.1739
1040 16.225
1044 16.2758
1048 16.327
1052 16.3775
1056 16.4275
1060 16.4775
1064 16.5284
1068 16.5794
1072 16.6297
1076 16.6785
1080 16.7269
1084 16.775
1088 16.8234
1092 16.8721
1096 16.9211
1100 16.9695
1104 17.0174
1108 17.0651
1112 17.113
1116 17.1611
1120 17.2088
1124 17.2564
1128 17.3037
1132 17.3511
1136 17.3986
1140 17.4463
1144 17.4943
1148 17.5423
1152 17.5906
1156 17.6384
1160 17.6862
1164 17.7346
1168 17.7832
1172 17.8321
1176 17.8811
1180 17.9299
1184 17.9786
1188 18.0269
1192 18.0752
1196 18.1235
1200 18.1719
1204 18.2198
1208 18.2678
1212 18.3158
1216 18.3638
1220 18.412
1224 18.4603
1228 18.5084
1232 18.5565
1236 18.6045
1240 18.6523
1244 18.6997
1248 18.7473
1252 18.7951
1256 18.8431
1260 18.8909
1264 18.9383
1268 18.9856
1272 19.0331
1276 19.0807
1280 19.1283
1284 19.176
1288 19.2238
1292 19.2716
1296 19.3192
1300 19.3667
1304 19.4142
1308 19.4616
1312 19.5093
1316 19.557
1320 19.6047
1324 19.6523
1328 19.6997
1332 19.747
1336 19.7942
1340 19.8414
1344 19.8886
1348 19.9358
1352 19.9833
1356 20.0309
1360 20.0785
1364 20.1262
1368 20.1737
1372 20.2212
1376 20.2684
1380 20.3156
1384 20.3628
1388 20.4103
1392 20.4579
1396 20.5056
1400 20.5534
1404 20.6014
1408 20.6494
1412 20.6975
1416 20.7456
1420 20.7937
1424 20.8418
1428 20.8901
1432 20.9382
1436 20.9861
1440 21.0338
1444 21.0815
1448 21.1292
1452 21.177
1456 21.225
1460 21.2729
1464 21.3212
1468 21.3698
1472 21.4184
1476 21.467
1480 21.5154
1484 21.5639
1488 21.6123
1492 21.6608
1496 21.7091
1500 21.7572
1504 21.8052
1508 21.8531
1512 21.9011
1516 21.9491
1520 21.9973
1524 22.0455
1528 22.0938
1532 22.1422
1536 22.1907
1540 22.2393
1544 22.288
1548 22.3366
1552 22.3852
1556 22.434
1560 22.483
1564 22.532
1568 22.5811
1572 22.6305
1576 22.6801
1580 22.7299
1584 22.7796
1588 22.8295
1592 22.8795
1596 22.9297
1600 22.9798
1604 23.0297
1608 23.0795
1612 23.129
1616 23.1786
1620 23.2281
1624 23.2776
1628 23.3268
1632 23.3759
1636 23.425
1640 23.4743
1644 23.5235
1648 23.5728
1652 23.622
1656 23.6712
1660 23.7204
1664 23.7695
1668 23.8185
1672 23.8675
1676 23.9165
1680 23.9654
1684 24.0142
1688 24.063
1692 24.1119
1696 24.1609
1700 24.2097
1704 24.2586
1708 24.3074
1712 24.3563
1716 24.4052
1720 24.4541
1724 24.503
1728 24.5518
1732 24.6006
1736 24.6493
1740 24.698
1744 24.7467
1748 24.7955
1752 24.8442
1756 24.8931
1760 24.9419
1764 24.9907
1768 25.0395
1772 25.0881
1776 25.1367
1780 25.1851
1784 25.2336
1788 25.2821
1792 25.3306
1796 25.3791
1800 25.4276
1804 25.4761
1808 25.5246
1812 25.5731
1816 25.6215
1820 25.6699
1824 25.7183
1828 25.7669
1832 25.8157
1836 25.8645
1840 25.9134
1844 25.9623
1848 26.0111
1852 26.0598
1856 26.1087
1860 26.1575
1864 26.2064
1868 26.2553
1872 26.3043
1876 26.3534
1880 26.4025
1884 26.4517
1888 26.501
1892 26.5501
1896 26.5994
1900 26.6487
1904 26.6981
1908 26.7476
1912 26.7971
1916 26.8467
1920 26.8965
1924 26.9464
1928 26.9963
1932 27.0462
1936 27.0962
1940 27.1461
1944 27.1961
1948 27.2461
1952 27.2962
1956 27.3463
1960 27.3963
1964 27.4464
1968 27.4964
1972 27.5466
1976 27.5967
1980 27.647
1984 27.6973
1988 27.7476
1992 27.7979
1996 27.8482
2000 27.8984
2004 27.9485
2008 27.9987
2012 28.0489
2016 28.0991
2020 28.1494
2024 28.1997
2028 28.2502
2032 28.3008
2036 28.3515
2040 28.4022
2044 28.453
2048 28.5038
2052 28.5547
2056 28.6055
2060 28.6564
2064 28.7074
2068 28.7584
2072 28.8096
2076 28.8608
2080 28.912
2084 28.9634
2088 29.0149
2092 29.0664
2096 29.1179
2100 29.1696
2104 29.2213
2108 29.2731
2112 29.3249
2116 29.3769
2120 29.429
2124 29.481
2128 29.533
2132 29.585
2136 29.6371
2140 29.6893
2144 29.7414
2148 29.7936
2152 29.8459
2156 29.8982
2160 29.9505
2164 30.0029
2168 30.0554
2172 30.1079
2176 30.1605
2180 30.2132
2184 30.2659
2188 30.3186
2192 30.3715
2196 30.4245
2200 30.4776
2204 30.5307
2208 30.5838
2212 30.6369
2216 30.6899
2220 30.743
2224 30.7961
2228 30.8491
2232 30.9022
2236 30.9554
2240 31.0086
2244 31.062
2248 31.1153
2252 31.1688
2256 31.2222
2260 31.2757
2264 31.3293
2268 31.383
2272 31.4368
2276 31.4906
2280 31.5446
2284 31.5985
2288 31.6526
2292 31.7066
2296 31.7608
2300 31.8151
2304 31.8693
2308 31.9236
2312 31.9779
2316 32.0322
2320 32.0867
2324 32.1412
2328 32.1957
2332 32.2502
2336 32.3049
2340 32.3595
2344 32.4142
2348 32.4689
2352 32.5236
2356 32.5783
2360 32.6331
2364 32.6879
2368 32.7428
2372 32.7978
2376 32.8527
2380 32.9076
2384 32.9626
2388 33.0177
2392 33.0728
2396 33.1281
2400 33.1834
2404 33.2388
2408 33.2942
2412 33.3497
2416 33.4054
2420 33.461
2424 33.5168
2428 33.5727
2432 33.6286
2436 33.6846
2440 33.7405
2444 33.7965
2448 33.8525
2452 33.9085
2456 33.9646
2460 34.0208
2464 34.077
2468 34.1332
2472 34.1894
2476 34.2456
2480 34.302
2484 34.3583
2488 34.4147
2492 34.4712
2496 34.5278
2500 34.5844
2504 34.6411
2508 34.6979
2512 34.7547
2516 34.8117
2520 34.8686
2524 34.9256
2528 34.9826
2532 35.0397
2536 35.0969
2540 35.1543
2544 35.2117
2548 35.2691
2552 35.3265
2556 35.384
2560 35.4415
2564 35.499
2568 35.5566
2572 35.6142
2576 35.6718
2580 35.7295
2584 35.7872
2588 35.845
2592 35.903
2596 35.961
2600 36.019
2604 36.077
2608 36.1351
2612 36.1933
2616 36.2515
2620 36.3098
2624 36.3681
2628 36.4266
2632 36.4851
2636 36.5436
2640 36.6022
2644 36.6609
2648 36.7196
2652 36.7784
2656 36.8373
2660 36.8962
2664 36.9552
2668 37.0142
2672 37.0732
2676 37.1322
2680 37.1913
2684 37.2504
2688 37.3094
2692 37.3685
2696 37.4276
2700 37.4868
2704 37.5459
2708 37.6052
2712 37.6645
2716 37.7238
2720 37.7831
2724 37.8424
2728 37.9018
2732 37.9612
2736 38.0207
2740 38.0802
2744 38.1398
2748 38.1994
2752 38.2589
2756 38.3185
2760 38.3781
2764 38.4378
2768 38.4976
2772 38.5573
2776 38.617
2780 38.6767
2784 38.7365
2788 38.7964
2792 38.8562
2796 38.9162
2800 38.9761
2804 39.0362
2808 39.0962
2812 39.1562
2816 39.2163
2820 39.2764
2824 39.3366
2828 39.3968
2832 39.457
2836 39.5173
2840 39.5775
2844 39.6379
2848 39.6983
2852 39.7588
2856 39.8194
2860 39.88
2864 39.9406
2868 40.0012
2872 40.0618
2876 40.1225
2880 40.1831
2884 40.2438
2888 40.3045
2892 40.3652
2896 40.426
2900 40.4869
2904 40.5478
2908 40.6087
2912 40.6697
2916 40.7308
2920 40.7918
2924 40.853
2928 40.9141
2932 40.9753
2936 41.0365
2940 41.0977
2944 41.1589
2948 41.2201
2952 41.2814
2956 41.3427
2960 41.4041
2964 41.4654
2968 41.5267
2972 41.5881
2976 41.6495
2980 41.7109
2984 41.7724
2988 41.8338
2992 41.8953
2996 41.9569
3000 42.0185
3004 42.0801
3008 42.1417
3012 42.2034
3016 42.265
3020 42.3267
3024 42.3885
3028 42.4502
3032 42.512
3036 42.5738
3040 42.6357
3044 42.6976
3048 42.7595
3052 42.8215
3056 42.8835
3060 42.9456
3064 43.0077
3068 43.0699
3072 43.1322
3076 43.1945
3080 43.2568
3084 43.3191
3088 43.3815
3092 43.4439
3096 43.5064
3100 43.5689
3104 43.6315
3108 43.694
3112 43.7566
3116 43.8193
3120 43.882
3124 43.9447
3128 44.0076
3132 44.0705
3136 44.1334
3140 44.1964
3144 44.2593
3148 44.3223
3152 44.3853
3156 44.4483
3160 44.5113
3164 44.5744
3168 44.6375
3172 44.7006
3176 44.7636
3180 44.8268
3184 44.8899
3188 44.9531
3192 45.0164
3196 45.0797
3200 45.1431
3204 45.2065
3208 45.2699
3212 45.3333
3216 45.3967
3220 45.4601
3224 45.5236
3228 45.5871
3232 45.6506
3236 45.7141
3240 45.7776
3244 45.8412
3248 45.9047
3252 45.9683
3256 46.0318
3260 46.0953
3264 46.1589
3268 46.2225
3272 46.2861
3276 46.3498
3280 46.4135
3284 46.4772
3288 46.5409
3292 46.6047
3296 46.6685
3300 46.7323
3304 46.7961
3308 46.8599
3312 46.9238
3316 46.9877
3320 47.0515
3324 47.1154
3328 47.1793
3332 47.2431
3336 47.3069
3340 47.3708
3344 47.4346
3348 47.4985
3352 47.5624
3356 47.6263
3360 47.6903
3364 47.7543
3368 47.8183
3372 47.8824
3376 47.9464
3380 48.0105
3384 48.0747
3388 48.1389
3392 48.2031
3396 48.2673
3400 48.3315
3404 48.3957
3408 48.4599
3412 48.5241
3416 48.5884
3420 48.6527
3424 48.717
3428 48.7812
3432 48.8456
3436 48.9099
3440 48.9743
3444 49.0387
3448 49.1031
3452 49.1675
3456 49.232
3460 49.2966
3464 49.3612
3468 49.4258
3472 49.4904
3476 49.5551
3480 49.6198
3484 49.6845
3488 49.7492
3492 49.8139
3496 49.8786
3500 49.9433
3504 50.008
3508 50.0727
3512 50.1374
3516 50.2021
3520 50.2669
3524 50.3316
3528 50.3964
3532 50.4612
3536 50.526
3540 50.5909
3544 50.6558
3548 50.7207
3552 50.7856
3556 50.8506
3560 50.9157
3564 50.9808
3568 51.0459
3572 51.1111
3576 51.1763
3580 51.2415
3584 51.3068
3588 51.3721
3592 51.4374
3596 51.5027
3600 51.568
3604 51.6334
3608 51.6987
3612 51.7639
3616 51.8292
3620 51.8945
3624 51.9598
3628 52.0251
3632 52.0905
3636 52.1558
3640 52.2212
3644 52.2867
3648 52.3522
3652 52.4177
3656 52.4832
3660 52.5488
3664 52.6144
3668 52.6801
3672 52.7457
3676 52.8115
3680 52.8773
3684 52.9431
3688 53.009
3692 53.0749
3696 53.1409
3700 53.2068
3704 53.2728
3708 53.3387
3712 53.4048
3716 53.4708
3720 53.5369
3724 53.603
3728 53.669
3732 53.7352
3736 53.8013
3740 53.8675
3744 53.9338
3748 54.0001
3752 54.0664
3756 54.1327
3760 54.199
3764 54.2654
3768 54.3319
3772 54.3984
3776 54.465
3780 54.5315
3784 54.598
3788 54.6646
3792 54.7313
3796 54.7979
3800 54.8645
3804 54.9312
3808 54.9979
3812 55.0646
3816 55.1313
3820 55.198
3824 55.2647
3828 55.3313
3832 55.398
3836 55.4647
3840 55.5314
3844 55.5981
3848 55.6648
3852 55.7316
3856 55.7984
3860 55.8651
3864 55.9319
3868 55.9987
3872 56.0655
3876 56.1324
3880 56.1993
3884 56.2662
3888 56.3331
3892 56.4001
3896 56.4671
3900 56.5341
3904 56.6011
3908 56.6681
3912 56.7351
3916 56.8022
3920 56.8693
3924 56.9364
3928 57.0036
3932 57.0708
3936 57.138
3940 57.2052
3944 57.2723
3948 57.3395
3952 57.4066
3956 57.4737
3960 57.5409
3964 57.6081
3968 57.6753
3972 57.7426
3976 57.8098
3980 57.8771
3984 57.9444
3988 58.0117
3992 58.079
3996 58.1464
4000 58.2138
4004 58.2812
4008 58.3486
4012 58.4161
4016 58.4835
4020 58.551
4024 58.6186
4028 58.6861
4032 58.7536
4036 58.8212
4040 58.8887
4044 58.9562
4048 59.0238
4052 59.0912
4056 59.1587
4060 59.2263
4064 59.2939
4068 59.3616
4072 59.4293
4076 59.497
4080 59.5647
4084 59.6324
4088 59.7001
4092 59.7678
4096 59.8356
4100 59.9033
4104 59.9711
4108 60.039
4112 60.1068
4116 60.1747
4120 60.2425
4124 60.3104
4128 60.3783
4132 60.4462
4136 60.5141
4140 60.5821
4144 60.65
4148 60.718
4152 60.7859
4156 60.8538
4160 60.9217
4164 60.9896
4168 61.0574
4172 61.1253
4176 61.1932
4180 61.2611
4184 61.3289
4188 61.3968
4192 61.4646
4196 61.5325
4200 61.6003
4204 61.6682
4208 61.7361
4212 61.804
4216 61.872
4220 61.94
4224 62.008
4228 62.0759
4232 62.1439
4236 62.2119
4240 62.28
4244 62.348
4248 62.4161
4252 62.4842
4256 62.5523
4260 62.6204
4264 62.6886
4268 62.7568
4272 62.8251
4276 62.8933
4280 62.9617
4284 63.0301
4288 63.0984
4292 63.1668
4296 63.2351
4300 63.3035
4304 63.372
4308 63.4404
4312 63.5089
4316 63.5774
4320 63.646
4324 63.7145
4328 63.7831
4332 63.8517
4336 63.9203
4340 63.9889
4344 64.0576
4348 64.1262
4352 64.1949
4356 64.2636
4360 64.3323
4364 64.4011
4368 64.4699
4372 64.5386
4376 64.6074
4380 64.6762
4384 64.745
4388 64.8138
4392 64.8827
4396 64.9515
4400 65.0204
4404 65.0893
4408 65.1581
4412 65.227
4416 65.2959
4420 65.3648
4424 65.4338
4428 65.5027
4432 65.5717
4436 65.6408
4440 65.7098
4444 65.7788
4448 65.8479
4452 65.9169
4456 65.986
4460 66.055
4464 66.1241
4468 66.1931
4472 66.2621
4476 66.3311
4480 66.4001
4484 66.4691
4488 66.5381
4492 66.6071
4496 66.6761
4500 66.7451
4504 66.814
4508 66.883
4512 66.9521
4516 67.0211
4520 67.0902
4524 67.1593
4528 67.2284
4532 67.2976
4536 67.3667
4540 67.4359
4544 67.5051
4548 67.5743
4552 67.6436
4556 67.7128
4560 67.7821
4564 67.8515
4568 67.9208
4572 67.9902
4576 68.0595
4580 68.1289
4584 68.1983
4588 68.2677
4592 68.3371
4596 68.4065
4600 68.4759
4604 68.5454
4608 68.6148
4612 68.6843
4616 68.7538
4620 68.8232
4624 68.8927
4628 68.9622
4632 69.0318
4636 69.1014
4640 69.171
4644 69.2406
4648 69.3102
4652 69.3798
4656 69.4494
4660 69.519
4664 69.5887
4668 69.6583
4672 69.7279
4676 69.7976
4680 69.8673
4684 69.9371
4688 70.0068
4692 70.0766
4696 70.1464
4700 70.2162
4704 70.286
4708 70.3559
4712 70.4257
4716 70.4956
4720 70.5654
4724 70.6352
4728 70.705
4732 70.7748
4736 70.8446
4740 70.9145
4744 70.9843
4748 71.0542
4752 71.1241
4756 71.194
4760 71.264
4764 71.3339
4768 71.4039
4772 71.4739
4776 71.544
4780 71.614
4784 71.684
4788 71.7541
4792 71.8241
4796 71.8942
4800 71.9643
4804 72.0344
4808 72.1045
4812 72.1746
4816 72.2448
4820 72.315
4824 72.3852
4828 72.4554
4832 72.5256
4836 72.5959
4840 72.6661
4844 72.7364
4848 72.8068
4852 72.8771
4856 72.9474
4860 73.0178
4864 73.0881
4868 73.1585
4872 73.2289
4876 73.2992
4880 73.3696
4884 73.4401
4888 73.5106
4892 73.5811
4896 73.6516
4900 73.7221
4904 73.7927
4908 73.8632
4912 73.9338
4916 74.0043
4920 74.0749
4924 74.1455
4928 74.216
4932 74.2866
4936 74.3572
4940 74.4277
4944 74.4983
4948 74.5688
4952 74.6394
4956 74.71
4960 74.7806
4964 74.8512
4968 74.9218
4972 74.9924
4976 75.0631
4980 75.1338
4984 75.2045
4988 75.2752
4992 75.3459
4996 75.4167
