1000 90.5159
1004 91.0746
1008 91.598
1012 92.13
1016 92.682
1020 93.2259
1024 93.7775
1028 94.322
1032 94.8507
1036 95.4135
1040 95.9801
1044 96.5793
1048 97.1404
1052 97.6451
1056 98.2157
1060 98.7187
1064 99.1866
1068 99.7056
1072 100.236
1076 100.755
1080 101.21
1084 101.731
1088 102.237
1092 102.721
1096 103.227
1100 103.758
1104 104.298
1108 104.876
1112 105.353
1116 105.932
1120 106.455
1124 107.018
1128 107.594
1132 108.161
1136 108.746
1140 109.319
1144 109.946
1148 110.497
1152 111.085
1156 111.671
1160 112.286
1164 112.821
1168 113.422
1172 113.959
1176 114.547
1180 115.079
1184 115.541
1188 116.12
1192 116.667
1196 117.166
1200 117.649
1204 118.109
1208 118.583
1212 119.1
1216 119.573
1220 120.102
1224 120.645
1228 121.149
1232 121.683
1236 122.225
1240 122.753
1244 123.283
1248 123.87
1252 124.5
1256 125.12
1260 125.665
1264 126.233
1268 126.74
1272 127.344
1276 127.875
1280 128.355
1284 128.841
1288 129.407
1292 129.941
1296 130.451
1300 130.906
1304 131.385
1308 131.91
1312 132.462
1316 132.931
1320 133.465
1324 134.04
1328 134.561
1332 135.062
1336 135.641
1340 136.173
1344 136.747
1348 137.309
1352 137.813
1356 138.269
1360 138.815
1364 139.389
1368 139.982
1372 140.528
1376 141.139
1380 141.645
1384 142.176
1388 142.79
1392 143.369
1396 143.957
1400 144.475
1404 145.024
1408 145.581
1412 146.147
1416 146.737
1420 147.361
1424 147.933
1428 148.506
1432 149.082
1436 149.661
1440 150.275
1444 150.829
1448 151.414
1452 151.912
1456 152.38
1460 152.989
1464 153.561
1468 154.079
1472 154.568
1476 155.072
1480 155.612
1484 156.064
1488 156.521
1492 156.975
1496 157.396
1500 157.921
1504 158.442
1508 158.975
1512 159.519
1516 160.022
1520 160.561
1524 161.02
1528 161.468
1532 161.964
1536 162.336
1540 162.727
1544 163.206
1548 163.721
1552 164.199
1556 164.734
1560 165.214
1564 165.685
1568 166.169
1572 166.683
1576 167.146
1580 167.659
1584 168.128
1588 168.662
1592 169.229
1596 169.771
1600 170.233
1604 170.723
1608 171.215
1612 171.751
1616 172.222
1620 172.706
1624 173.161
1628 173.629
1632 174.116
1636 174.627
1640 175.066
1644 175.567
1648 175.984
1652 176.505
1656 177.054
1660 177.532
1664 178.035
1668 178.592
1672 179.078
1676 179.541
1680 180.047
1684 180.542
1688 181.041
1692 181.557
1696 181.998
1700 182.513
1704 182.995
1708 183.483
1712 183.986
1716 184.44
1720 184.929
1724 185.446
1728 185.961
1732 186.5
1736 186.905
1740 187.204
1744 187.551
1748 187.991
1752 188.385
1756 188.827
1760 189.269
1764 189.774
1768 190.26
1772 190.707
1776 191.175
1780 191.602
1784 192.028
1788 192.491
1792 192.967
1796 193.417
1800 193.851
1804 194.234
1808 194.654
1812 195.068
1816 195.462
1820 195.777
1824 196.218
1828 196.694
1832 197.129
1836 197.556
1840 198.015
1844 198.528
1848 198.971
1852 199.342
1856 199.658
1860 200.013
1864 200.477
1868 200.823
1872 201.282
1876 201.679
1880 202.096
1884 202.569
1888 202.964
1892 203.466
1896 203.905
1900 204.387
1904 204.841
1908 205.331
1912 205.799
1916 206.246
1920 206.686
1924 207.121
1928 207.615
1932 208.151
1936 208.622
1940 209.034
1944 209.524
1948 209.981
1952 210.375
1956 210.73
1960 211.111
1964 211.514
1968 211.888
1972 212.195
1976 212.581
1980 212.902
1984 213.223
1988 213.514
1992 213.838
1996 214.2
2000 214.637
2004 214.933
2008 215.254
2012 215.54
2016 215.824
2020 216.219
2024 216.614
2028 216.911
2032 217.241
2036 217.523
2040 217.89
2044 218.226
2048 218.555
2052 218.891
2056 219.21
2060 219.514
2064 219.754
2068 220.052
2072 220.29
2076 220.469
2080 220.687
2084 220.993
2088 221.251
2092 221.44
2096 221.698
2100 221.981
2104 222.254
2108 222.544
2112 222.795
2116 223.023
2120 223.277
2124 223.461
2128 223.759
2132 224.086
2136 224.286
2140 224.612
2144 224.879
2148 225.222
2152 225.528
2156 225.762
2160 226.076
2164 226.38
2168 226.714
2172 227.005
2176 227.282
2180 227.542
2184 227.803
2188 228.071
2192 228.363
2196 228.497
2200 228.66
2204 228.904
2208 229.172
2212 229.426
2216 229.687
2220 229.903
2224 230.08
2228 230.244
2232 230.442
2236 230.626
2240 230.803
2244 230.997
2248 231.228
2252 231.425
2256 231.56
2260 231.767
2264 231.935
2268 232.147
2272 232.399
2276 232.567
2280 232.792
2284 232.998
2288 233.237
2292 233.42
2296 233.608
2300 233.795
2304 234.024
2308 234.24
2312 234.476
2316 234.699
2320 234.944
2324 235.186
2328 235.461
2332 235.74
2336 235.968
2340 236.228
2344 236.477
2348 236.69
2352 236.914
2356 237.138
2360 237.348
2364 237.54
2368 237.731
2372 237.93
2376 238.198
2380 238.448
2384 238.689
2388 238.906
2392 239.079
2396 239.356
2400 239.573
2404 239.762
2408 239.952
2412 240.231
2416 240.461
2420 240.669
2424 240.9
2428 241.123
2432 241.305
2436 241.452
2440 241.636
2444 241.821
2448 242.024
2452 242.161
2456 242.362
2460 242.526
2464 242.671
2468 242.789
2472 242.97
2476 243.081
2480 243.254
2484 243.417
2488 243.637
2492 243.857
2496 244.09
2500 244.268
2504 244.392
2508 244.571
2512 244.733
2516 244.934
2520 245.109
2524 245.326
2528 245.562
2532 245.764
2536 245.961
2540 246.154
2544 246.338
2548 246.524
2552 246.739
2556 246.907
2560 247.047
2564 247.19
2568 247.322
2572 247.412
2576 247.485
2580 247.46
2584 247.558
2588 247.574
2592 247.624
2596 247.701
2600 247.844
2604 247.864
2608 247.934
2612 248.02
2616 248.086
2620 248.098
2624 248.115
2628 248.092
2632 248.096
2636 248.061
2640 248.044
2644 248.061
2648 248.062
2652 248.05
2656 248.041
2660 248.021
2664 248.063
2668 248.098
2672 248.161
2676 248.187
2680 248.219
2684 248.138
2688 248.081
2692 248.031
2696 248.052
2700 247.957
2704 247.912
2708 247.819
2712 247.839
2716 247.751
2720 247.648
2724 247.59
2728 247.545
2732 247.531
2736 247.441
2740 247.359
2744 247.283
2748 247.253
2752 247.159
2756 247.101
2760 247.037
2764 246.947
2768 246.914
2772 246.89
2776 246.818
2780 246.786
2784 246.694
2788 246.627
2792 246.588
2796 246.563
2800 246.536
2804 246.599
2808 246.617
2812 246.596
2816 246.623
2820 246.601
2824 246.615
2828 246.624
2832 246.665
2836 246.676
2840 246.698
2844 246.754
2848 246.819
2852 246.911
2856 246.89
2860 246.97
2864 247.016
2868 247.04
2872 247.102
2876 247.148
2880 247.226
2884 247.324
2888 247.421
2892 247.555
2896 247.607
2900 247.651
2904 247.643
2908 247.73
2912 247.814
2916 247.899
2920 247.985
2924 248.05
2928 248.122
2932 248.177
2936 248.191
2940 248.234
2944 248.279
2948 248.294
2952 248.275
2956 248.228
2960 248.243
2964 248.179
2968 248.121
2972 248.062
2976 247.992
2980 247.926
2984 247.88
2988 247.798
2992 247.721
2996 247.675
3000 247.613
3004 247.599
3008 247.515
3012 247.483
3016 247.424
3020 247.426
3024 247.443
3028 247.398
3032 247.351
3036 247.318
3040 247.265
3044 247.224
3048 247.182
3052 247.163
3056 247.131
3060 247.117
3064 247.04
3068 246.996
3072 247.005
3076 247.001
3080 246.97
3084 246.978
3088 246.994
3092 246.968
3096 247.011
3100 247.043
3104 247.101
3108 247.16
3112 247.17
3116 247.248
3120 247.332
3124 247.405
3128 247.497
3132 247.594
3136 247.641
3140 247.686
3144 247.737
3148 247.753
3152 247.83
3156 247.92
3160 248
3164 248.12
3168 248.197
3172 248.339
3176 248.43
3180 248.543
3184 248.654
3188 248.846
3192 248.999
3196 249.186
3200 249.341
3204 249.472
3208 249.622
3212 249.752
3216 249.942
3220 250.145
3224 250.341
3228 250.556
3232 250.769
3236 250.984
3240 251.173
3244 251.357
3248 251.612
3252 251.8
3256 251.999
3260 252.189
3264 252.396
3268 252.614
3272 252.877
3276 253.169
3280 253.446
3284 253.734
3288 254.032
3292 254.358
3296 254.69
3300 254.969
3304 255.257
3308 255.502
3312 255.74
3316 255.968
3320 256.24
3324 256.507
3328 256.79
3332 257.064
3336 257.333
3340 257.597
3344 257.845
3348 258.137
3352 258.454
3356 258.707
3360 258.91
3364 259.08
3368 259.141
3372 259.331
3376 259.503
3380 259.634
3384 259.736
3388 259.896
3392 259.969
3396 260.115
3400 260.274
3404 260.399
3408 260.617
3412 260.811
3416 261.007
3420 261.193
3424 261.352
3428 261.504
3432 261.729
3436 261.916
3440 262.054
3444 262.176
3448 262.281
3452 262.425
3456 262.612
3460 262.792
3464 262.943
3468 263.192
3472 263.351
3476 263.555
3480 263.722
3484 263.908
3488 264.101
3492 264.306
3496 264.523
3500 264.701
3504 264.888
3508 265.074
3512 265.248
3516 265.434
3520 265.6
3524 265.785
3528 265.991
3532 266.226
3536 266.441
3540 266.627
3544 266.819
3548 267.002
3552 267.245
3556 267.4
3560 267.568
3564 267.759
3568 267.936
3572 268.137
3576 268.358
3580 268.512
3584 268.54
3588 268.691
3592 268.858
3596 269.01
3600 269.155
3604 269.3
3608 269.452
3612 269.61
3616 269.764
3620 269.903
3624 270.062
3628 270.214
3632 270.354
3636 270.475
3640 270.624
3644 270.796
3648 270.999
3652 271.174
3656 271.333
3660 271.497
3664 271.655
3668 271.804
3672 271.949
3676 272.084
3680 272.213
3684 272.336
3688 272.53
3692 272.755
3696 272.941
3700 273.108
3704 273.233
3708 273.402
3712 273.559
3716 273.748
3720 273.904
3724 274.092
3728 274.251
3732 274.447
3736 274.606
3740 274.757
3744 274.856
3748 275.083
3752 275.201
3756 275.383
3760 275.511
3764 275.624
3768 275.727
3772 275.866
3776 275.913
3780 276.038
3784 276.119
3788 276.23
3792 276.285
3796 276.393
3800 276.463
3804 276.631
3808 276.701
3812 276.791
3816 276.896
3820 276.95
3824 277.054
3828 277.13
3832 277.228
3836 277.317
3840 277.427
3844 277.567
3848 277.729
3852 277.805
3856 277.925
3860 278.065
3864 278.169
3868 278.259
3872 278.372
3876 278.494
3880 278.673
3884 278.833
3888 278.948
3892 279.049
3896 279.167
3900 279.282
3904 279.427
3908 279.554
3912 279.732
3916 279.904
3920 280.078
3924 280.247
3928 280.368
3932 280.477
3936 280.566
3940 280.768
3944 280.926
3948 281.101
3952 281.21
3956 281.401
3960 281.525
3964 281.693
3968 281.782
3972 281.898
3976 281.981
3980 282.122
3984 282.211
3988 282.31
3992 282.457
3996 282.608
4000 282.769
4004 282.924
4008 283.145
4012 283.304
4016 283.521
4020 283.702
4024 283.842
4028 283.937
4032 284.101
4036 284.27
4040 284.4
4044 284.54
4048 284.716
4052 284.878
4056 285.029
4060 285.19
4064 285.327
4068 285.454
4072 285.641
4076 285.754
4080 285.934
4084 286.103
4088 286.243
4092 286.375
4096 286.495
4100 286.638
4104 286.714
4108 286.778
4112 286.883
4116 287
4120 287.154
4124 287.238
4128 287.358
4132 287.437
4136 287.518
4140 287.618
4144 287.72
4148 287.838
4152 287.927
4156 287.979
4160 288.05
4164 288.214
4168 288.332
4172 288.382
4176 288.472
4180 288.609
4184 288.705
4188 288.806
4192 288.901
4196 288.991
4200 289.09
4204 289.124
4208 289.224
4212 289.268
4216 289.362
4220 289.495
4224 289.634
4228 289.733
4232 289.815
4236 289.902
4240 289.953
4244 290.041
4248 290.112
4252 290.124
4256 290.191
4260 290.248
4264 290.317
4268 290.416
4272 290.497
4276 290.541
4280 290.611
4284 290.628
4288 290.721
4292 290.733
4296 290.788
4300 290.857
4304 290.992
4308 291.075
4312 291.107
4316 291.074
4320 291.114
4324 291.148
4328 291.172
4332 291.164
4336 291.122
4340 291.062
4344 291.052
4348 291.017
4352 291.017
4356 291.033
4360 291.096
4364 291.133
4368 291.162
4372 291.18
4376 291.184
4380 291.177
4384 291.198
4388 291.228
4392 291.229
4396 291.284
4400 291.325
4404 291.36
4408 291.385
4412 291.409
4416 291.464
4420 291.475
4424 291.551
4428 291.58
4432 291.59
4436 291.642
4440 291.644
4444 291.713
4448 291.74
4452 291.763
4456 291.79
4460 291.831
4464 291.911
4468 291.975
4472 292.035
4476 292.077
4480 292.097
4484 292.157
4488 292.246
4492 292.33
4496 292.465
4500 292.525
4504 292.618
4508 292.691
4512 292.776
4516 292.946
4520 293.092
4524 293.188
4528 293.264
4532 293.424
4536 293.521
4540 293.677
4544 293.843
4548 294.003
4552 294.097
4556 294.219
4560 294.342
4564 294.478
4568 294.586
4572 294.729
4576 294.888
4580 295.018
4584 295.136
4588 295.313
4592 295.479
4596 295.641
4600 295.813
4604 295.911
4608 296.069
4612 296.206
4616 296.302
4620 296.399
4624 296.481
4628 296.616
4632 296.71
4636 296.857
4640 297.02
4644 297.134
4648 297.287
4652 297.448
4656 297.595
4660 297.708
4664 297.856
4668 298.019
4672 298.099
4676 298.214
4680 298.37
4684 298.544
4688 298.736
4692 298.919
4696 299.039
4700 299.161
4704 299.337
4708 299.488
4712 299.56
4716 299.707
4720 299.834
4724 299.931
4728 300.1
4732 300.27
4736 300.394
4740 300.579
4744 300.703
4748 300.846
4752 301.004
4756 301.123
4760 301.336
4764 301.511
4768 301.722
4772 301.921
4776 302.131
4780 302.36
4784 302.538
4788 302.73
4792 302.901
4796 303.095
4800 303.259
4804 303.466
4808 303.654
4812 303.872
4816 304.024
4820 304.216
4824 304.4
4828 304.644
4832 304.855
4836 304.984
4840 305.13
4844 305.299
4848 305.488
4852 305.664
4856 305.797
4860 305.98
4864 306.158
4868 306.367
4872 306.568
4876 306.806
4880 307.065
4884 307.349
4888 307.551
4892 307.758
4896 307.933
4900 308.149
4904 308.311
4908 308.438
4912 308.625
4916 308.824
4920 308.996
4924 309.148
4928 309.328
4932 309.472
4936 309.675
4940 309.859
4944 310.005
4948 310.135
4952 310.314
4956 310.493
4960 310.685
4964 310.944
4968 311.201
4972 311.425
4976 311.659
4980 311.82
4984 312.035
4988 312.242
4992 312.482
4996 312.655
