1000 397.692
1004 459.733
1008 433.451
1012 460.586
1016 413.272
1020 430.661
1024 473.844
1028 448.548
1032 522.518
1036 413.091
1040 443.779
1044 429.779
1048 434.802
1052 477.866
1056 452.455
1060 424.608
1064 489.051
1068 497.177
1072 548.309
1076 585.403
1080 530.936
1084 531.692
1088 475.754
1092 577.902
1096 459.287
1100 518.051
1104 493.998
1108 537.822
1112 490.277
1116 497.218
1120 501.077
1124 443.09
1128 504.853
1132 505.016
1136 601.143
1140 500.695
1144 552.386
1148 533.788
1152 491.321
1156 566.848
1160 512.123
1164 515.503
1168 545.986
1172 547.99
1176 506.92
1180 602.529
1184 537.975
1188 498.257
1192 597.022
1196 593.953
1200 512.426
1204 585.219
1208 515.148
1212 556.415
1216 496.394
1220 503.305
1224 528.261
1228 601.408
1232 504.047
1236 561.829
1240 593.377
1244 491.63
1248 455.071
1252 468.029
1256 504.598
1260 515.756
1264 432.177
1268 519.417
1272 501.83
1276 484.139
1280 523.68
1284 507.6
1288 550.122
1292 532.648
1296 559.65
1300 545.757
1304 595.8
1308 585.238
1312 587.522
1316 595.192
1320 574.127
1324 586.102
1328 593.137
1332 609.091
1336 574.589
1340 548.652
1344 497.297
1348 570.258
1352 643.51
1356 602.562
1360 562.081
1364 572.347
1368 512.231
1372 515.686
1376 528.542
1380 575.372
1384 517.634
1388 516.44
1392 566.302
1396 561.32
1400 666.476
1404 575.315
1408 586.404
1412 608.193
1416 568.03
1420 525.04
1424 562.378
1428 588.747
1432 586.958
1436 520.219
1440 485.067
1444 563.448
1448 555.9
1452 609.45
1456 519.565
1460 592.092
1464 523.786
1468 577.388
1472 571.283
1476 664.327
1480 577.1
1484 649.315
1488 679.976
1492 680.718
1496 656.781
1500 700.379
1504 607.131
1508 702.206
1512 615.901
1516 586.986
1520 682.411
1524 738.192
1528 697.208
1532 705.994
1536 655.174
1540 618.336
1544 592.911
1548 686.423
1552 625.837
1556 645.589
1560 684.354
1564 656.898
1568 598.346
1572 637.643
1576 597.651
1580 568.128
1584 609.738
1588 589.325
1592 563.624
1596 699.755
1600 671.028
1604 716.416
1608 763.509
1612 665.409
1616 669.596
1620 648.72
1624 653.873
1628 699.104
1632 607.729
1636 622.363
1640 680.295
1644 642.203
1648 746.676
1652 699.589
1656 740.775
1660 790.21
1664 751.893
1668 693.169
1672 728.072
1676 680.551
1680 783.666
1684 702.14
1688 717.519
1692 718.561
1696 638.425
1700 707.986
1704 619.661
1708 788.303
1712 676.971
1716 683.065
1720 751.151
1724 761.675
1728 703.848
1732 743.078
1736 814.511
1740 761.343
1744 822.316
1748 791.53
1752 757.371
1756 754.348
1760 665.361
1764 718.376
1768 701.777
1772 724.307
1776 753.822
1780 778.177
1784 808.948
1788 763.472
1792 772.257
1796 793.347
1800 729.124
1804 733.491
1808 677.042
1812 673.015
1816 729.33
1820 746.639
1824 789.257
1828 746.907
1832 709.739
1836 815.635
1840 699.122
1844 669.001
1848 802.913
1852 794.225
1856 736.862
1860 720.368
1864 708.648
1868 783.424
1872 817.151
1876 787.277
1880 730.391
1884 838.459
1888 835.595
1892 797.007
1896 812.733
1900 818.648
1904 787.615
1908 819.93
1912 755.556
1916 773.686
1920 862.652
1924 805.423
1928 839.439
1932 739.337
1936 835.098
1940 784.543
1944 785.022
1948 773.842
1952 817.206
1956 789.807
1960 744.811
1964 746.451
1968 839.545
1972 917.071
1976 993.323
1980 852.553
1984 841.515
1988 830.143
1992 769.39
1996 799.225
2000 749.763
2004 1021.72
2008 865.074
2012 831.952
2016 766.46
2020 762.381
2024 862.772
2028 783.281
2032 903.823
2036 839.479
2040 821.214
2044 917.948
2048 817.431
2052 749.389
2056 884.531
2060 853.542
2064 917.169
2068 902.188
2072 926.982
2076 869.739
2080 909.501
2084 832.656
2088 884.083
2092 965.758
2096 848.615
2100 828.733
2104 747.906
2108 915.98
2112 832.352
2116 898.754
2120 927.005
2124 855.828
2128 812.801
2132 826.547
2136 835.57
2140 867.687
2144 804.417
2148 728.584
2152 742.316
2156 689.764
2160 740.086
2164 756.3
2168 729.032
2172 687.566
2176 722.758
2180 766.437
2184 699.594
2188 774.548
2192 774.314
2196 853.355
2200 825.717
2204 706.575
2208 716.925
2212 751.05
2216 733.887
2220 683.217
2224 709.249
2228 685.203
2232 738.27
2236 799.522
2240 838.137
2244 722.653
2248 730.404
2252 811.92
2256 735.516
2260 772.764
2264 712.369
2268 691.911
2272 769.501
2276 841.396
2280 734.58
2284 832.802
2288 823.857
2292 797.521
2296 739.528
2300 759.874
2304 787.92
2308 826.692
2312 784.424
2316 749.443
2320 756.546
2324 749.98
2328 748.758
2332 812.736
2336 830.875
2340 807.447
2344 820.438
2348 875.744
2352 843.461
2356 762.466
2360 959.058
2364 852.71
2368 881.755
2372 861.82
2376 756.661
2380 902.247
2384 882.172
2388 916.564
2392 911.787
2396 837.361
2400 820.128
2404 850.235
2408 797.782
2412 833.487
2416 814.807
2420 771.799
2424 857.304
2428 763.645
2432 888.17
2436 766.989
2440 774.011
2444 754.393
2448 770.55
2452 737.882
2456 744.688
2460 720.156
2464 755.14
2468 772.52
2472 742.114
2476 777.796
2480 837.389
2484 782.812
2488 853.532
2492 822.025
2496 857.732
2500 823.348
2504 826.629
2508 779.373
2512 794.467
2516 842.437
2520 773.818
2524 919.66
2528 874.98
2532 846.873
2536 871.404
2540 855.307
2544 872.573
2548 875.052
2552 793.148
2556 842.391
2560 884.153
2564 877.118
2568 953.513
2572 963.314
2576 860.786
2580 936.692
2584 847.362
2588 943.778
2592 904.103
2596 908.706
2600 935.988
2604 1008.96
2608 972.116
2612 867.067
2616 993.059
2620 1027.31
2624 1022.15
2628 1090.67
2632 1026.09
2636 1000.98
2640 1000.79
2644 983.111
2648 994.526
2652 927.091
2656 1091.56
2660 1062.29
2664 952.474
2668 1061.44
2672 983.896
2676 1075.19
2680 968.06
2684 1015.05
2688 982.136
2692 890.948
2696 933.981
2700 1002.6
2704 932.374
2708 936.952
2712 948.082
2716 891.009
2720 942.269
2724 966.639
2728 1048.01
2732 919.622
2736 1027.09
2740 1062.21
2744 1035.6
2748 1038.92
2752 897.941
2756 935.56
2760 965.535
2764 974.825
2768 972.29
2772 1043.26
2776 940.881
2780 1071.38
2784 1012.63
2788 1062.11
2792 789.878
2796 898.487
2800 954.519
2804 964.625
2808 910.882
2812 932.36
2816 947.709
2820 886.623
2824 927.056
2828 940.6
2832 921.616
2836 976.069
2840 1040.72
2844 970.039
2848 971.997
2852 1042.5
2856 889.231
2860 1052.32
2864 1008.81
2868 985.562
2872 989.993
2876 1054.11
2880 1050.36
2884 958.692
2888 915.125
2892 905.772
2896 874.205
2900 926.986
2904 998.411
2908 888.902
2912 959.447
2916 982.856
2920 971.456
2924 909.568
2928 847.134
2932 874.815
2936 1133.85
2940 1219.33
2944 1082.37
2948 1095.44
2952 971.981
2956 1088.78
2960 1054.42
2964 1190.81
2968 960.424
2972 1201.5
2976 1036.67
2980 1012.42
2984 1031.77
2988 1077.73
2992 1249.61
2996 1025.19
3000 1002.21
3004 1057.29
3008 926.591
3012 1012.36
3016 980.832
3020 987.962
3024 1087.55
3028 1007.61
3032 1043.51
3036 1028.63
3040 1003.82
3044 1037.98
3048 1033.1
3052 1092.7
3056 1022.31
3060 1153.87
3064 926.696
3068 1138.79
3072 990.442
3076 897.065
3080 960.207
3084 997.147
3088 1108.91
3092 1125.74
3096 922.151
3100 1081.77
3104 1024.65
3108 966.333
3112 970.689
3116 917.063
3120 890.195
3124 966.795
3128 837.396
3132 955.362
3136 1011.84
3140 885.538
3144 900.79
3148 829.781
3152 827.861
3156 945.57
3160 957.663
3164 856.884
3168 992.289
3172 865.045
3176 927.767
3180 891.896
3184 919.177
3188 969.906
3192 895.935
3196 922.516
3200 937.857
3204 949.136
3208 977.912
3212 1034.81
3216 959.689
3220 996.923
3224 1168.23
3228 973.998
3232 961.447
3236 928.33
3240 871.295
3244 964.293
3248 903.738
3252 1002.32
3256 988.151
3260 889.194
3264 844.243
3268 949.248
3272 895.298
3276 868.316
3280 869.538
3284 791.387
3288 861.111
3292 844.555
3296 897.734
3300 1005.18
3304 1009.54
3308 1002.83
3312 885.559
3316 878.374
3320 819.972
3324 817.049
3328 764.032
3332 839.751
3336 784.454
3340 841.684
3344 838.449
3348 913.804
3352 798.569
3356 883.042
3360 995.068
3364 896.766
3368 1185.13
3372 880.636
3376 887.891
3380 944.134
3384 1028.04
3388 992.446
3392 921.714
3396 930.749
3400 969.803
3404 931.747
3408 827.729
3412 902.25
3416 829.25
3420 864.943
3424 860.198
3428 888.104
3432 930.842
3436 912.981
3440 941.85
3444 957.645
3448 918.617
3452 934.425
3456 841.16
3460 966.985
3464 867.703
3468 811.99
3472 867.069
3476 850.341
3480 859.057
3484 874.917
3488 937.343
3492 877.42
3496 966.167
3500 989.322
3504 897.454
3508 974.941
3512 907.411
3516 877.708
3520 902.722
3524 887.719
3528 1035.35
3532 917.118
3536 895.428
3540 907.257
3544 939.111
3548 924.412
3552 904.498
3556 894.407
3560 798.691
3564 824.375
3568 823.943
3572 904.886
3576 878.857
3580 1033.36
3584 971.75
3588 993.346
3592 935.385
3596 954.165
3600 889.719
3604 950.154
3608 927.921
3612 841.262
3616 931.021
3620 886.706
3624 956.148
3628 937.788
3632 903.209
3636 887.751
3640 938.956
3644 886.497
3648 922.354
3652 906.89
3656 931.31
3660 903.118
3664 975.238
3668 909.456
3672 890.027
3676 889.565
3680 1047.05
3684 934.865
3688 879.968
3692 917.717
3696 890.671
3700 961.426
3704 1199.8
3708 1059.66
3712 1201.95
3716 966.32
3720 1147.38
3724 1012.09
3728 1022.94
3732 1032.16
3736 953.317
3740 1078.48
3744 936.419
3748 983.829
3752 920.765
3756 1041.85
3760 1036.41
3764 954.721
3768 875.222
3772 1032.23
3776 1001.41
3780 894.938
3784 994
3788 1067.87
3792 977.969
3796 991.385
3800 1051.06
3804 932.853
3808 946.209
3812 1084.83
3816 1015.07
3820 1108.08
3824 969.107
3828 1071.32
3832 1077.86
3836 1037.73
3840 1038.41
3844 984.1
3848 1006.13
3852 1035.04
3856 1000.94
3860 993.711
3864 888.003
3868 994.568
3872 982.283
3876 1093.99
3880 951.44
3884 1014.68
3888 983.609
3892 979.581
3896 1013.88
3900 1025.41
3904 1021.07
3908 1139.66
3912 960.321
3916 1105.26
3920 999.195
3924 993.319
3928 952.844
3932 1070.52
3936 1033.5
3940 1063.96
3944 1069.89
3948 1058.87
3952 1084.51
3956 1021.91
3960 1124.56
3964 1012.88
3968 1162.29
3972 1147.95
3976 1141.95
3980 1068.9
3984 1051.2
3988 933.352
3992 922.544
3996 901.896
4000 1041.41
4004 1047.76
4008 974.448
4012 964.793
4016 984.402
4020 968.676
4024 1076.29
4028 1047.96
4032 988.056
4036 1046.73
4040 1172.72
4044 1070.44
4048 1050.61
4052 986.431
4056 962.413
4060 907.942
4064 928.51
4068 857.783
4072 836.873
4076 961.263
4080 909.33
4084 968.834
4088 1022.44
4092 920.061
4096 898.195
4100 840.918
4104 840.339
4108 886.097
4112 813.122
4116 872.875
4120 843.582
4124 825.107
4128 804.14
4132 864.241
4136 915.745
4140 952.704
4144 840.2
4148 777.271
4152 915.792
4156 886.473
4160 872.595
4164 837.759
4168 910.719
4172 909.172
4176 883.696
4180 906.811
4184 948.097
4188 965.077
4192 894.94
4196 1029.31
4200 949.611
4204 954.299
4208 964.082
4212 944.381
4216 966.478
4220 863.187
4224 986.5
4228 919.813
4232 943.514
4236 916.674
4240 871.932
4244 980.296
4248 943.206
4252 981.881
4256 935.989
4260 888.562
4264 968.484
4268 843.454
4272 790.992
4276 803.533
4280 938.015
4284 896.182
4288 913.108
4292 843.385
4296 879.513
4300 834.239
4304 849.671
4308 869.236
4312 966.631
4316 830.664
4320 902.78
4324 807.875
4328 994.585
4332 896.255
4336 920.396
4340 939.145
4344 861.926
4348 866.808
4352 899.035
4356 906.369
4360 876.802
4364 953.471
4368 933.388
4372 930.282
4376 922.551
4380 850.458
4384 940.187
4388 887.02
4392 988.546
4396 880.269
4400 896.418
4404 838.624
4408 1028.35
4412 946.567
4416 916.368
4420 870.038
4424 929.497
4428 1028.74
4432 1063.3
4436 1014.2
4440 1053.06
4444 1159.46
4448 1071.4
4452 923.217
4456 888.906
4460 893.269
4464 992.639
4468 988.12
4472 908.488
4476 950.501
4480 923.974
4484 928.394
4488 938.786
4492 944.885
4496 1023.38
4500 987.166
4504 947.254
4508 983.267
4512 1113.68
4516 1033.54
4520 1030.26
4524 970.584
4528 984.414
4532 932.294
4536 980.76
4540 936.566
4544 971.778
4548 968.056
4552 893.447
4556 951.907
4560 1068.92
4564 1053.41
4568 906.738
4572 894.443
4576 1026.59
4580 1072.29
4584 1079.68
4588 999.722
4592 1069.97
4596 1022.83
4600 977.452
4604 1085.62
4608 1069.39
4612 985.777
4616 1088.35
4620 1029.47
4624 958.068
4628 1063.25
4632 938.741
4636 993.238
4640 994.361
4644 1054.87
4648 922.441
4652 1056.46
4656 963.56
4660 1100.95
4664 1093.78
4668 1088.81
4672 1066.41
4676 1039.66
4680 952.393
4684 908.371
4688 1056.01
4692 913.329
4696 1072.03
4700 957.971
4704 982.243
4708 1059.77
4712 991.219
4716 925.497
4720 968.131
4724 1023.2
4728 991.971
4732 1024.96
4736 993.527
4740 956.339
4744 929.863
4748 1044.2
4752 963.048
4756 963.485
4760 943.846
4764 967.35
4768 972.132
4772 914.138
4776 914.636
4780 1014.81
4784 929.872
4788 864.202
4792 907.571
4796 920.992
4800 932.96
4804 914.998
4808 922.179
4812 947.775
4816 884.011
4820 955.763
4824 909.026
4828 931.971
4832 930.16
4836 973.566
4840 917.483
4844 904.777
4848 1004.87
4852 927.926
4856 960.653
4860 976.389
4864 971.297
4868 978.932
4872 1023.55
4876 986.439
4880 933.781
4884 954.221
4888 976.57
4892 960.08
4896 1103.13
4900 981.594
4904 876.444
4908 842.255
4912 952.96
4916 1014.21
4920 932.736
4924 873.449
4928 951.177
4932 895.091
4936 984.977
4940 956.328
4944 982.617
4948 1033.41
4952 1023.13
4956 944.844
4960 911.658
4964 1006.15
4968 954.813
4972 1035.08
4976 943.439
4980 958.132
4984 941.188
4988 947.452
4992 907.368
4996 947.148
