1000 0.0249026
1004 0.0103871
1008 0.00309655
1012 -0.00290567
1016 -0.0331796
1020 0.00762759
1024 -0.00904651
1028 0.00217971
1032 -0.00120906
1036 0.00126603
1040 -0.00252501
1044 0.00223226
1048 -0.00214594
1052 0.245433
1056 -0.00557792
1060 -0.00206523
1064 0.00349085
1068 -0.00636636
1072 -0.0181739
1076 -0.00212679
1080 -0.0455822
1084 -0.00274141
1088 0.00468386
1092 -0.00356709
1096 -0.0148029
1100 0.0140989
1104 -0.00166835
1108 0.00211265
1112 -0.00456325
1116 -0.00559568
1120 0.0016459
1124 -0.00162779
1128 -0.00298762
1132 0.00409312
1136 -0.0430212
1140 -0.0566376
1144 -0.00377361
1148 0.00106569
1152 -0.00145225
1156 -0.011722
1160 -0.0030166
1164 -0.00185802
1168 0.00252386
1172 -0.00189638
1176 -0.00569352
1180 -0.00173435
1184 0.00108504
1188 -0.00151134
1192 -0.0024229
1196 0.00670318
1200 -0.00507904
1204 -0.00252393
1208 -0.00263908
1212 0.00147813
1216 -0.00377124
1220 0.00258122
1224 -0.0198851
1228 0.00382557
1232 0.00716083
1236 -0.00447968
1240 0.00279047
1244 -0.0127874
1248 0.00942312
1252 -0.0225443
1256 -0.0143241
1260 -0.00787103
1264 0.0025306
1268 -0.00141392
1272 0.00248047
1276 -0.00337093
1280 -0.00172454
1284 0.00215892
1288 -0.00183429
1292 -0.00492876
1296 -0.00198285
1300 -0.00840565
1304 0.0027431
1308 -0.0209904
1312 0.00922045
1316 0.0021383
1320 -0.00780296
1324 0.00301409
1328 0.00259045
1332 -0.00240681
1336 -0.00934706
1340 0.00305777
1344 -0.00941033
1348 0.00306199
1352 -0.00204496
1356 0.00329461
1360 0.00122417
1364 -0.00173021
1368 -0.00546473
1372 -0.00185233
1376 0.0279461
1380 0.00200536
1384 -0.00187288
1388 0.00426933
1392 -0.0112812
1396 -0.00195995
1400 0.00240463
1404 -0.00281895
1408 -0.0310965
1412 0.0095052
1416 0.00148064
1420 0.0024708
1424 -0.00400668
1428 0.0023317
1432 -0.00356784
1436 0.00173472
1440 0.00195681
1444 0.00961497
1448 0.00193152
1452 -0.000734064
1456 0.000689423
1460 -0.00107585
1464 0.00316015
1468 0.0068746
1472 0.0126028
1476 0.00158964
1480 -0.00542172
1484 0.00234117
1488 -0.00128454
1492 0.00189793
1496 -0.00137485
1500 0.0034583
1504 0.00198051
1508 -0.00203179
1512 0.00285929
1516 0.00116116
1520 -0.000918696
1524 0.012277
1528 -0.00183329
1532 -0.0100072
1536 0.0040903
1540 0.514186
1544 -0.00394246
1548 0.00120865
1552 0.00450119
1556 0.0140204
1560 0.00898418
1564 0.00372638
1568 0.00694456
1572 0.551708
1576 0.198616
1580 2.66933
1584 0.579432
1588 0.315396
1592 -0.558495
1596 0.95478
1600 -3.38332
1604 3.08564
1608 0.835164
1612 3.10079
1616 1.93566
1620 4.36703
1624 1.86501
1628 1.16131
1632 -3.22552
1636 3.39475
1640 18.7625
1644 8.09321
1648 3.24745
1652 37.7863
1656 4.69512
1660 -11.1183
1664 8.54467
1668 -7.99665
1672 132.413
1676 5.1557
1680 -11.3707
1684 7.3723
1688 15.3858
1692 20.4871
1696 5.42986
1700 36.0809
1704 9.46008
1708 32.0051
1712 6.41978
1716 17.7192
1720 10.335
1724 23.5812
1728 6.39084
1732 -12.7854
1736 -41.1434
1740 15.2457
1744 49.8505
1748 -88.4021
1752 70.9319
1756 60.6888
1760 18.9101
1764 46.2813
1768 67.0105
1772 56.7603
1776 15.2159
1780 -172.593
1784 13.3839
1788 41.2483
1792 -203.577
1796 -441.003
1800 20.4407
1804 96.1873
1808 -182.139
1812 31.6441
1816 309.572
1820 74.7437
1824 -33.9257
1828 19.7903
1832 35.6828
1836 -107.149
1840 55.5306
1844 27.346
1848 98.4135
1852 94.09
1856 312.167
1860 21.0402
1864 -83.3814
1868 25.9898
1872 51.5315
1876 38.477
1880 56.0565
1884 30.3926
1888 97.0017
1892 116.182
1896 5087.46
1900 183.032
1904 68.5516
1908 55.7782
1912 32.8687
1916 -241.65
1920 62.4245
1924 315.923
1928 49.078
1932 -2392.63
1936 231.185
1940 289.361
1944 270.643
1948 51.7595
1952 -284.826
1956 -2080.04
1960 -134.764
1964 18689.7
1968 6458.75
1972 75.2482
1976 122.601
1980 253.149
1984 90.5001
1988 88.8705
1992 75.7807
1996 -618.144
2000 38.2455
2004 -86.4542
2008 85.7014
2012 141.382
2016 72.3167
2020 -182.433
2024 71.075
2028 -4438.75
2032 -284.077
2036 129.397
2040 1169.87
2044 213.411
2048 434.029
2052 2710.33
2056 77.0114
2060 151.497
2064 -624.602
2068 188.07
2072 -239.992
2076 420.918
2080 289.015
2084 359.904
2088 155.004
2092 119.572
2096 124.877
2100 -88.9883
2104 123.92
2108 -133.028
2112 72.5437
2116 829.192
2120 -167.253
2124 65.6061
2128 -177.074
2132 365.746
2136 284.661
2140 268.099
2144 87.8049
2148 -672.668
2152 -211.709
2156 239.067
2160 145.021
2164 1348.84
2168 192.71
2172 259.737
2176 -515.029
2180 -487.139
2184 95.6818
2188 237.952
2192 -1039.52
2196 428.485
2200 -575.021
2204 262.709
2208 285.835
2212 203.045
2216 3768.42
2220 76.5935
2224 -490.457
2228 129.313
2232 -376.203
2236 123.816
2240 190.62
2244 252.119
2248 -2616.64
2252 -550.892
2256 271.369
2260 164.168
2264 265.463
2268 286.515
2272 -304.347
2276 125.723
2280 571.779
2284 154.61
2288 -438.667
2292 166.316
2296 -1278.96
2300 574.484
2304 3691.49
2308 364.467
2312 320.702
2316 244.032
2320 -2354.43
2324 886.287
2328 869.167
2332 1936.42
2336 261.616
2340 -393.18
2344 492.144
2348 918.413
2352 -499.247
2356 679.511
2360 1161.26
2364 -1168.51
2368 883.61
2372 -2523.37
2376 783.269
2380 -576.974
2384 1416.21
2388 340.283
2392 -1343.45
2396 605.158
2400 -190.244
2404 111.456
2408 -202.326
2412 435.88
2416 -166.75
2420 155.883
2424 -215.816
2428 351.775
2432 -165.741
2436 171.866
2440 -270.899
2444 200.464
2448 -147.306
2452 437.787
2456 -556.184
2460 -515.438
2464 556.821
2468 1701.92
2472 213.853
2476 -1398.94
2480 -465.505
2484 339.438
2488 -335.949
2492 -649.569
2496 -2187.11
2500 -984.699
2504 2446.07
2508 -19663.4
2512 620.793
2516 -823.504
2520 -265.309
2524 -690.175
2528 -9310.41
2532 2250.62
2536 -10168.3
2540 -368.11
2544 2507.38
2548 5454.64
2552 -692.285
2556 904.79
2560 171.505
2564 1735.47
2568 1369.79
2572 628.601
2576 -612.893
2580 1010.67
2584 -625.64
2588 209.992
2592 1231.28
2596 634.517
2600 1059.63
2604 -3808.97
2608 335.899
2612 291.732
2616 832.935
2620 -753.14
2624 305.264
2628 -723.629
2632 -1795.61
2636 890.416
2640 -880.708
2644 159.808
2648 -413.116
2652 -1483.06
2656 1644.32
2660 194.372
2664 -779.315
2668 2589.42
2672 526.58
2676 -10040.3
2680 503.959
2684 816.395
2688 -182.481
2692 164.718
2696 -274.517
2700 169.674
2704 -1549.59
2708 -2845.13
2712 242.496
2716 -262.869
2720 -5588.59
2724 -758.174
2728 -215.066
2732 827.516
2736 133.435
2740 -382.683
2744 2059.16
2748 837.051
2752 438.687
2756 -395.404
2760 186.269
2764 -13584.3
2768 4955.47
2772 -466.57
2776 -180176
2780 3106.71
2784 446.836
2788 -680.977
2792 -270.133
2796 -4047.04
2800 195.402
2804 -1785.72
2808 -1035.07
2812 -1595.67
2816 928.362
2820 -235.698
2824 3751.85
2828 -250.477
2832 471.062
2836 -240.523
2840 309.27
2844 269.176
2848 -249.097
2852 -317.691
2856 16211.6
2860 907.787
2864 339.885
2868 -682.35
2872 280.661
2876 -859.349
2880 -601.264
2884 689.183
2888 -266.149
2892 -1006.22
2896 364.943
2900 593.414
2904 155.272
2908 -588.366
2912 -465.712
2916 -624.329
2920 311.573
2924 -792.555
2928 136.513
2932 421.072
2936 155.033
2940 -2599.32
2944 381.32
2948 158.42
2952 251.785
2956 137.333
2960 445.285
2964 242.115
2968 198.011
2972 141.11
2976 202.953
2980 -454.128
2984 108.9
2988 7876.63
2992 100.364
2996 666.378
3000 113.834
3004 -1983.54
3008 617.469
3012 190.709
3016 908.553
3020 -1629.62
3024 106.721
3028 -1039.86
3032 102.076
3036 -2290.49
3040 310.204
3044 313.693
3048 519.644
3052 145.382
3056 -537.473
3060 468.374
3064 134.241
3068 409.999
3072 196.133
3076 416.463
3080 -394.184
3084 159.433
3088 -799.757
3092 218.504
3096 230.489
3100 154.096
3104 142.019
3108 105.715
3112 -386.908
3116 90.8985
3120 278.182
3124 -11505.3
3128 472.786
3132 -1273.27
3136 -3965.56
3140 123.496
3144 5431.47
3148 183.367
3152 593.119
3156 214.749
3160 -990.566
3164 257.676
3168 440.81
3172 437.27
3176 176.202
3180 1139.92
3184 124.548
3188 -234.422
3192 185.887
3196 291.241
3200 -596.166
3204 382.212
3208 188.51
3212 336.154
3216 85.609
3220 -259.81
3224 127.866
3228 -457.442
3232 -333.248
3236 135.757
3240 793.423
3244 85.2811
3248 -1570.64
3252 148.942
3256 190.107
3260 137.001
3264 1271.17
3268 330.604
3272 131.377
3276 -887.306
3280 314.543
3284 118.886
3288 102.065
3292 192.871
3296 -454.227
3300 403.443
3304 361.759
3308 581.509
3312 143.803
3316 166.915
3320 181.25
3324 11787.9
3328 -335.194
3332 193.814
3336 -1413.29
3340 -5386.57
3344 155.781
3348 -159.847
3352 187.989
3356 487.575
3360 873.936
3364 245.964
3368 1197.42
3372 134.66
3376 -518.636
3380 283.444
3384 -832.457
3388 480.322
3392 126.491
3396 868.364
3400 241.108
3404 430.911
3408 178.605
3412 -497.178
3416 144.537
3420 -163.192
3424 124.012
3428 1504.5
3432 128.309
3436 452.69
3440 157.349
3444 -2722.55
3448 204.711
3452 253.155
3456 223.854
3460 152.026
3464 2174.42
3468 234.963
3472 1751.44
3476 262.918
3480 252.212
3484 212.229
3488 192.407
3492 1025.92
3496 281.218
3500 238.827
3504 777.824
3508 1579.31
3512 260.653
3516 182.455
3520 -1111.76
3524 342.374
3528 4765.86
3532 -414.706
3536 1644.93
3540 -628.702
3544 209.746
3548 2896.09
3552 -2086.55
3556 177.097
3560 147.8
3564 -327.693
3568 176.617
3572 327.122
3576 1381.62
3580 143.175
3584 -479.476
3588 594.29
3592 339.071
3596 4938.78
3600 -1679.66
3604 272.376
3608 234.413
3612 380.241
3616 250.912
3620 5408.87
3624 208.067
3628 1180.3
3632 202.148
3636 974.289
3640 212.992
3644 -1689.57
3648 143.49
3652 3083.7
3656 405.529
3660 246.483
3664 -180.863
3668 10566.4
3672 230.783
3676 664.917
3680 300.836
3684 2196.39
3688 779.924
3692 170.723
3696 389.425
3700 224.676
3704 302.5
3708 206.914
3712 -228.235
3716 446.713
3720 -667.811
3724 336.367
3728 318.015
3732 347.19
3736 303.799
3740 -1237.47
3744 235.724
3748 189.865
3752 2681.04
3756 164.746
3760 991.205
3764 322.733
3768 238.824
3772 -660.347
3776 153.565
3780 371.846
3784 456.254
3788 846.412
3792 173.216
3796 -1257.33
3800 179.15
3804 458.834
3808 908.154
3812 640.598
3816 886.097
3820 362.385
3824 512.145
3828 -689.385
3832 212.589
3836 -6633.03
3840 474.104
3844 267.022
3848 -953.902
3852 1024.87
3856 429.858
3860 239.711
3864 988.391
3868 606.391
3872 448.955
3876 -823.832
3880 305.237
3884 3724.5
3888 966.526
3892 4268.75
3896 382.003
3900 -545.205
3904 917.556
3908 477.763
3912 419.194
3916 1059.84
3920 998.99
3924 -836.465
3928 487.317
3932 -1179.77
3936 587.57
3940 360.107
3944 -427.686
3948 564.41
3952 6560.63
3956 2302.73
3960 371.415
3964 5425.72
3968 132.254
3972 754.334
3976 388.349
3980 556.103
3984 954.669
3988 909.796
3992 322.64
3996 -803.072
4000 -10209.3
4004 2455.81
4008 115059
4012 260.377
4016 -1436.65
4020 309.334
4024 -1749.42
4028 352.011
4032 418.005
4036 847.277
4040 316.772
4044 579.151
4048 -1229.57
4052 514.503
4056 497.976
4060 823.681
4064 1406.86
4068 338.216
4072 321.849
4076 389.763
4080 -3278.88
4084 474.526
4088 758.058
4092 1354.85
4096 1392.56
4100 830.351
4104 977.251
4108 618.324
4112 843.139
4116 -2446.67
4120 644.926
4124 958.73
4128 10313.3
4132 2568.82
4136 862.468
4140 334.985
4144 24158.4
4148 879.733
4152 566.351
4156 473.076
4160 1012.83
4164 232.38
4168 3861.46
4172 323.4
4176 -1080.59
4180 275.113
4184 833.92
4188 1301.06
4192 467.387
4196 599.803
4200 5592.29
4204 629.699
4208 86285.5
4212 937.462
4216 8003.89
4220 -1058.38
4224 486.755
4228 721.93
4232 1338.53
4236 634.767
4240 439.482
4244 -682.876
4248 -1429.33
4252 3303.45
4256 1051.12
4260 482.867
4264 287.53
4268 -2188.99
4272 731.789
4276 5564.54
4280 1147.29
4284 -1029.8
4288 924.634
4292 1579.51
4296 1117.69
4300 -24286.7
4304 -8380.98
4308 281.499
4312 1558.21
4316 773.508
4320 516.115
4324 -955.471
4328 406.882
4332 1822.62
4336 460.425
4340 914.56
4344 2020.13
4348 1502.67
4352 1765.95
4356 729.834
4360 -5955.76
4364 391.568
4368 721.212
4372 424.621
4376 -1801.51
4380 766.92
4384 -684.549
4388 385.435
4392 -23390.6
4396 1614.07
4400 530.11
4404 1317
4408 4111.84
4412 619.257
4416 6301.91
4420 4233.2
4424 1051.74
4428 859.884
4432 -733.687
4436 627.54
4440 1447.33
4444 -951.491
4448 376.66
4452 488.832
4456 -2980.26
4460 2526.04
4464 910.797
4468 1047.07
4472 411.301
4476 3020.66
4480 992.847
4484 397.807
4488 895.593
4492 1758.8
4496 478.811
4500 1218.25
4504 641.809
4508 859.831
4512 4015.84
4516 947.179
4520 -6422.36
4524 532.287
4528 -2213.72
4532 569.806
4536 -537.887
4540 876.945
4544 1117.57
4548 1037.6
4552 504.705
4556 2629.12
4560 3996.26
4564 585.745
4568 -2487.04
4572 -4813.51
4576 -65870.1
4580 432.25
4584 -862.286
4588 485.77
4592 -36640
4596 -2395.85
4600 1277.08
4604 1055.89
4608 1418.47
4612 1895.47
4616 983.785
4620 -2181.59
4624 1485.21
4628 2894.44
4632 1031.4
4636 5973.98
4640 1118.61
4644 5056.44
4648 2879.37
4652 17965.2
4656 611.26
4660 -1702.61
4664 696.575
4668 1448.67
4672 -1321.92
4676 394.425
4680 607.475
4684 1650.29
4688 2675.25
4692 1206.89
4696 633.134
4700 -1620.08
4704 522.516
4708 2468.26
4712 2193.26
4716 860.316
4720 691.696
4724 9443.05
4728 498.926
4732 1987.74
4736 637.657
4740 12651.5
4744 919.889
4748 1213.75
4752 -12488.5
4756 1064.89
4760 595.865
4764 1605.74
4768 -833.765
4772 532.786
4776 2244.87
4780 -16105.3
4784 668.856
4788 -2806.82
4792 399.95
4796 -1213.34
4800 326.755
4804 -1814.02
4808 687.033
4812 542.897
4816 1020.66
4820 870.629
4824 1741.31
4828 3471.13
4832 1377.71
4836 5469.96
4840 1171.13
4844 667.331
4848 -4448.17
4852 510.654
4856 687.27
4860 708.545
4864 1785.23
4868 814.109
4872 -20382.4
4876 2431.1
4880 894.23
4884 662.476
4888 3753.26
4892 1888.04
4896 1195.91
4900 1101.49
4904 973.163
4908 1808.37
4912 432.364
4916 1594.04
4920 -5500.42
4924 1010.19
4928 925.316
4932 1111.28
4936 814.688
4940 2515.65
4944 530.748
4948 916.648
4952 37020.2
4956 5539.69
4960 918.695
4964 1092.61
4968 925.528
4972 4064.88
4976 781.981
4980 3091.2
4984 417.072
4988 -2119.65
4992 2151.82
4996 623.466
