100000 148.373
104900 190.875
109800 192.33
114700 192.476
119600 192.711
124500 193.312
129400 193.575
134300 196.672
139200 200.634
144100 204.951
149000 208.042
153900 210.791
158800 213.804
163700 217.368
168600 219.405
173500 220.879
178400 221.614
183300 222.116
188200 222.877
193100 223.03
198000 222.955
202900 222.887
207800 223.036
212700 223.049
217600 222.877
222500 223.295
227400 223.624
232300 223.763
237200 223.683
242100 223.852
247000 224.084
251900 223.52
256800 223.265
261700 223.219
266600 223.073
271500 223.226
276400 223.115
281300 223.074
286200 223.136
291100 223.26
296000 223.515
300900 223.608
305800 223.552
310700 223.451
315600 223.214
320500 223.209
325400 223.224
330300 223.153
335200 222.978
340100 222.812
345000 222.489
349900 222.467
354800 222.598
359700 222.537
364600 222.414
369500 222.442
374400 222.777
379300 223.083
384200 223.482
389100 223.697
394000 223.856
398900 223.791
403800 223.586
408700 223.436
413600 223.478
418500 223.355
423400 223.226
428300 223.244
433200 223.158
438100 222.9
443000 222.837
447900 222.695
452800 222.721
457700 222.612
462600 222.509
467500 222.321
472400 222.042
477300 221.907
482200 221.765
487100 221.668
492000 221.555
496900 221.329
501800 221.348
506700 221.256
511600 221.076
516500 220.883
521400 220.802
526300 220.867
531200 220.752
536100 220.583
541000 220.636
545900 220.51
550800 220.558
555700 220.49
560600 220.632
565500 220.637
570400 220.598
575300 220.703
580200 220.865
585100 220.868
590000 220.871
594900 221.025
599800 221.051
604700 221.057
609600 221.146
614500 221.211
619400 221.319
624300 221.493
629200 221.629
634100 221.789
639000 222.045
643900 222.193
648800 222.403
653700 222.665
658600 222.836
663500 223.045
668400 223.291
673300 223.566
678200 223.771
683100 224.029
688000 224.359
692900 224.574
697800 224.871
702700 225.19
707600 225.534
712500 225.873
717400 226.213
722300 226.449
727200 226.696
732100 227.062
737000 227.394
741900 227.623
746800 227.843
751700 228.123
756600 228.352
761500 228.536
766400 228.736
771300 228.912
776200 229.129
781100 229.361
786000 229.573
790900 229.743
795800 230.005
800700 230.292
805600 230.569
810500 230.777
815400 231.025
820300 231.245
825200 231.497
830100 231.71
835000 231.898
839900 232.017
844800 232.19
849700 232.346
854600 232.52
859500 232.656
864400 232.819
869300 232.944
874200 233.045
879100 233.181
884000 233.314
888900 233.355
893800 233.372
898700 233.375
903600 233.364
908500 233.416
913400 233.432
918300 233.41
923200 233.445
928100 233.54
933000 233.528
937900 233.543
942800 233.648
947700 233.669
952600 233.678
957500 233.723
962400 233.697
967300 233.657
972200 233.649
977100 233.601
982000 233.529
986900 233.459
991800 233.403
996700 233.384
1.0016e+06 233.306
1.0065e+06 233.255
1.0114e+06 233.239
1.0163e+06 233.246
1.0212e+06 233.264
1.0261e+06 233.252
1.031e+06 233.227
1.0359e+06 233.156
1.0408e+06 233.149
1.0457e+06 233.167
1.0506e+06 233.155
1.0555e+06 233.217
1.0604e+06 233.325
1.0653e+06 233.468
1.0702e+06 233.529
1.0751e+06 233.597
1.08e+06 233.71
1.0849e+06 233.837
1.0898e+06 233.946
1.0947e+06 234.061
1.0996e+06 234.147
1.1045e+06 234.258
1.1094e+06 234.365
1.1143e+06 234.465
1.1192e+06 234.648
1.1241e+06 234.836
1.129e+06 235.064
1.1339e+06 235.25
1.1388e+06 235.465
1.1437e+06 235.63
1.1486e+06 235.799
1.1535e+06 235.952
1.1584e+06 236.146
1.1633e+06 236.308
1.1682e+06 236.478
1.1731e+06 236.624
1.178e+06 236.768
1.1829e+06 236.949
1.1878e+06 237.131
1.1927e+06 237.276
1.1976e+06 237.502
1.2025e+06 237.703
1.2074e+06 237.879
1.2123e+06 238.06
1.2172e+06 238.292
1.2221e+06 238.535
1.227e+06 238.756
1.2319e+06 238.988
1.2368e+06 239.22
1.2417e+06 239.422
1.2466e+06 239.61
1.2515e+06 239.823
1.2564e+06 239.973
1.2613e+06 240.161
1.2662e+06 240.356
1.2711e+06 240.561
1.276e+06 240.793
1.2809e+06 241.041
1.2858e+06 241.285
1.2907e+06 241.53
1.2956e+06 241.743
1.3005e+06 242.005
1.3054e+06 242.172
1.3103e+06 242.348
1.3152e+06 242.557
1.3201e+06 242.721
1.325e+06 242.88
1.3299e+06 243.086
1.3348e+06 243.271
1.3397e+06 243.398
1.3446e+06 243.521
1.3495e+06 243.719
1.3544e+06 243.861
1.3593e+06 244.01
1.3642e+06 244.142
1.3691e+06 244.291
1.374e+06 244.413
1.3789e+06 244.552
1.3838e+06 244.699
1.3887e+06 244.839
1.3936e+06 244.959
1.3985e+06 245.056
1.4034e+06 245.192
1.4083e+06 245.332
1.4132e+06 245.509
1.4181e+06 245.648
1.423e+06 245.794
1.4279e+06 245.903
1.4328e+06 246.028
1.4377e+06 246.156
1.4426e+06 246.257
1.4475e+06 246.321
1.4524e+06 246.42
1.4573e+06 246.513
1.4622e+06 246.596
1.4671e+06 246.708
1.472e+06 246.782
1.4769e+06 246.814
1.4818e+06 246.915
1.4867e+06 247.034
1.4916e+06 247.099
1.4965e+06 247.183
1.5014e+06 247.316
1.5063e+06 247.427
1.5112e+06 247.486
1.5161e+06 247.537
1.521e+06 247.599
1.5259e+06 247.649
1.5308e+06 247.702
1.5357e+06 247.76
1.5406e+06 247.824
1.5455e+06 247.892
1.5504e+06 247.922
1.5553e+06 247.965
1.5602e+06 248.017
1.5651e+06 248.034
1.57e+06 248.023
1.5749e+06 247.989
1.5798e+06 247.983
1.5847e+06 247.928
1.5896e+06 247.942
1.5945e+06 247.934
1.5994e+06 247.887
1.6043e+06 247.86
1.6092e+06 247.863
1.6141e+06 247.811
1.619e+06 247.741
1.6239e+06 247.716
1.6288e+06 247.695
1.6337e+06 247.679
1.6386e+06 247.661
1.6435e+06 247.575
1.6484e+06 247.54
1.6533e+06 247.494
1.6582e+06 247.435
1.6631e+06 247.436
1.668e+06 247.4
1.6729e+06 247.392
1.6778e+06 247.367
1.6827e+06 247.328
1.6876e+06 247.294
1.6925e+06 247.259
1.6974e+06 247.218
1.7023e+06 247.174
1.7072e+06 247.123
1.7121e+06 247.067
1.717e+06 247.027
1.7219e+06 246.988
1.7268e+06 246.925
1.7317e+06 246.872
1.7366e+06 246.79
1.7415e+06 246.722
1.7464e+06 246.683
1.7513e+06 246.618
1.7562e+06 246.566
1.7611e+06 246.476
1.766e+06 246.443
1.7709e+06 246.357
1.7758e+06 246.29
1.7807e+06 246.254
1.7856e+06 246.177
1.7905e+06 246.138
1.7954e+06 246.083
1.8003e+06 245.997
1.8052e+06 245.96
1.8101e+06 245.895
1.815e+06 245.842
1.8199e+06 245.836
1.8248e+06 245.801
1.8297e+06 245.752
1.8346e+06 245.71
1.8395e+06 245.686
1.8444e+06 245.641
1.8493e+06 245.621
1.8542e+06 245.594
1.8591e+06 245.57
1.864e+06 245.533
1.8689e+06 245.493
1.8738e+06 245.458
1.8787e+06 245.434
1.8836e+06 245.428
1.8885e+06 245.425
1.8934e+06 245.441
1.8983e+06 245.437
1.9032e+06 245.431
1.9081e+06 245.411
1.913e+06 245.403
1.9179e+06 245.402
1.9228e+06 245.389
1.9277e+06 245.347
1.9326e+06 245.333
1.9375e+06 245.311
1.9424e+06 245.274
1.9473e+06 245.231
1.9522e+06 245.186
1.9571e+06 245.146
1.962e+06 245.092
1.9669e+06 245.083
1.9718e+06 245.06
1.9767e+06 245.038
1.9816e+06 244.984
1.9865e+06 244.928
1.9914e+06 244.869
1.9963e+06 244.811
2.0012e+06 244.765
2.0061e+06 244.717
2.011e+06 244.665
2.0159e+06 244.633
2.0208e+06 244.588
2.0257e+06 244.555
2.0306e+06 244.496
2.0355e+06 244.455
2.0404e+06 244.399
2.0453e+06 244.381
2.0502e+06 244.341
2.0551e+06 244.328
2.06e+06 244.288
2.0649e+06 244.246
2.0698e+06 244.201
2.0747e+06 244.16
2.0796e+06 244.13
2.0845e+06 244.095
2.0894e+06 244.066
2.0943e+06 244.05
2.0992e+06 244.018
2.1041e+06 243.978
2.109e+06 243.927
2.1139e+06 243.881
2.1188e+06 243.81
2.1237e+06 243.767
2.1286e+06 243.696
2.1335e+06 243.682
2.1384e+06 243.638
2.1433e+06 243.604
2.1482e+06 243.562
2.1531e+06 243.514
2.158e+06 243.469
2.1629e+06 243.44
2.1678e+06 243.405
2.1727e+06 243.398
2.1776e+06 243.355
2.1825e+06 243.307
2.1874e+06 243.253
2.1923e+06 243.217
2.1972e+06 243.186
2.2021e+06 243.137
2.207e+06 243.091
2.2119e+06 243.059
2.2168e+06 243.013
2.2217e+06 242.956
2.2266e+06 242.887
2.2315e+06 242.824
2.2364e+06 242.754
2.2413e+06 242.686
2.2462e+06 242.629
2.2511e+06 242.551
2.256e+06 242.476
2.2609e+06 242.39
2.2658e+06 242.298
2.2707e+06 242.202
2.2756e+06 242.14
2.2805e+06 242.059
2.2854e+06 241.954
2.2903e+06 241.869
2.2952e+06 241.806
2.3001e+06 241.74
2.305e+06 241.671
2.3099e+06 241.611
2.3148e+06 241.549
2.3197e+06 241.492
2.3246e+06 241.433
2.3295e+06 241.378
2.3344e+06 241.332
2.3393e+06 241.286
2.3442e+06 241.245
2.3491e+06 241.196
2.354e+06 241.14
2.3589e+06 241.063
2.3638e+06 240.992
2.3687e+06 240.935
2.3736e+06 240.874
2.3785e+06 240.824
2.3834e+06 240.767
2.3883e+06 240.696
2.3932e+06 240.63
2.3981e+06 240.571
2.403e+06 240.522
2.4079e+06 240.471
2.4128e+06 240.415
2.4177e+06 240.39
2.4226e+06 240.34
2.4275e+06 240.283
2.4324e+06 240.245
2.4373e+06 240.219
2.4422e+06 240.167
2.4471e+06 240.156
2.452e+06 240.134
2.4569e+06 240.097
2.4618e+06 240.05
2.4667e+06 240.013
2.4716e+06 239.969
2.4765e+06 239.924
2.4814e+06 239.88
2.4863e+06 239.842
2.4912e+06 239.824
2.4961e+06 239.786
2.501e+06 239.739
2.5059e+06 239.721
2.5108e+06 239.671
2.5157e+06 239.644
2.5206e+06 239.638
2.5255e+06 239.61
2.5304e+06 239.598
2.5353e+06 239.59
2.5402e+06 239.574
2.5451e+06 239.563
2.55e+06 239.541
2.5549e+06 239.532
2.5598e+06 239.505
2.5647e+06 239.459
2.5696e+06 239.431
2.5745e+06 239.418
2.5794e+06 239.379
2.5843e+06 239.388
2.5892e+06 239.365
2.5941e+06 239.335
2.599e+06 239.304
2.6039e+06 239.285
2.6088e+06 239.279
2.6137e+06 239.237
2.6186e+06 239.219
2.6235e+06 239.193
2.6284e+06 239.139
2.6333e+06 239.104
2.6382e+06 239.094
2.6431e+06 239.063
2.648e+06 239.031
2.6529e+06 239.018
2.6578e+06 238.992
2.6627e+06 238.973
2.6676e+06 238.945
2.6725e+06 238.921
2.6774e+06 238.917
2.6823e+06 238.909
2.6872e+06 238.894
2.6921e+06 238.874
2.697e+06 238.857
2.7019e+06 238.85
2.7068e+06 238.851
2.7117e+06 238.827
2.7166e+06 238.809
2.7215e+06 238.786
2.7264e+06 238.765
2.7313e+06 238.75
2.7362e+06 238.737
2.7411e+06 238.739
2.746e+06 238.72
2.7509e+06 238.709
2.7558e+06 238.67
2.7607e+06 238.65
2.7656e+06 238.613
2.7705e+06 238.608
2.7754e+06 238.598
2.7803e+06 238.595
2.7852e+06 238.55
2.7901e+06 238.549
2.795e+06 238.521
2.7999e+06 238.507
2.8048e+06 238.473
2.8097e+06 238.46
2.8146e+06 238.443
2.8195e+06 238.413
2.8244e+06 238.38
2.8293e+06 238.359
2.8342e+06 238.326
2.8391e+06 238.325
2.844e+06 238.309
2.8489e+06 238.304
2.8538e+06 238.285
2.8587e+06 238.243
2.8636e+06 238.213
2.8685e+06 238.192
2.8734e+06 238.166
2.8783e+06 238.145
2.8832e+06 238.126
2.8881e+06 238.105
2.893e+06 238.094
2.8979e+06 238.085
2.9028e+06 238.053
2.9077e+06 238.027
2.9126e+06 238.02
2.9175e+06 238.02
2.9224e+06 238.007
2.9273e+06 238.005
2.9322e+06 238.02
2.9371e+06 238.011
2.942e+06 238.007
2.9469e+06 237.993
2.9518e+06 237.967
2.9567e+06 237.949
2.9616e+06 237.939
2.9665e+06 237.918
2.9714e+06 237.914
2.9763e+06 237.905
2.9812e+06 237.899
2.9861e+06 237.897
2.991e+06 237.893
2.9959e+06 237.871
3.0008e+06 237.854
3.0057e+06 237.845
3.0106e+06 237.847
3.0155e+06 237.834
3.0204e+06 237.827
3.0253e+06 237.798
3.0302e+06 237.789
3.0351e+06 237.768
3.04e+06 237.756
3.0449e+06 237.735
3.0498e+06 237.725
3.0547e+06 237.721
3.0596e+06 237.726
3.0645e+06 237.713
3.0694e+06 237.697
3.0743e+06 237.69
3.0792e+06 237.686
3.0841e+06 237.683
3.089e+06 237.667
3.0939e+06 237.65
3.0988e+06 237.627
3.1037e+06 237.607
3.1086e+06 237.588
3.1135e+06 237.575
3.1184e+06 237.556
3.1233e+06 237.536
3.1282e+06 237.52
3.1331e+06 237.513
3.138e+06 237.505
3.1429e+06 237.504
3.1478e+06 237.481
3.1527e+06 237.471
3.1576e+06 237.439
3.1625e+06 237.424
3.1674e+06 237.407
3.1723e+06 237.393
3.1772e+06 237.345
3.1821e+06 237.327
3.187e+06 237.309
3.1919e+06 237.292
3.1968e+06 237.273
3.2017e+06 237.246
3.2066e+06 237.232
3.2115e+06 237.204
3.2164e+06 237.184
3.2213e+06 237.143
3.2262e+06 237.108
3.2311e+06 237.064
3.236e+06 237.027
3.2409e+06 236.997
3.2458e+06 236.947
3.2507e+06 236.901
3.2556e+06 236.85
3.2605e+06 236.804
3.2654e+06 236.762
3.2703e+06 236.726
3.2752e+06 236.689
3.2801e+06 236.643
3.285e+06 236.605
3.2899e+06 236.552
3.2948e+06 236.505
3.2997e+06 236.471
3.3046e+06 236.43
3.3095e+06 236.407
3.3144e+06 236.371
3.3193e+06 236.329
3.3242e+06 236.293
3.3291e+06 236.265
3.334e+06 236.229
3.3389e+06 236.205
3.3438e+06 236.184
3.3487e+06 236.165
3.3536e+06 236.146
3.3585e+06 236.108
3.3634e+06 236.069
3.3683e+06 236.05
3.3732e+06 236.017
3.3781e+06 235.988
3.383e+06 235.959
3.3879e+06 235.918
3.3928e+06 235.882
3.3977e+06 235.861
3.4026e+06 235.836
3.4075e+06 235.822
3.4124e+06 235.79
3.4173e+06 235.772
3.4222e+06 235.751
3.4271e+06 235.714
3.432e+06 235.693
3.4369e+06 235.653
3.4418e+06 235.615
3.4467e+06 235.584
3.4516e+06 235.526
3.4565e+06 235.488
3.4614e+06 235.463
3.4663e+06 235.432
3.4712e+06 235.4
3.4761e+06 235.362
3.481e+06 235.315
3.4859e+06 235.281
3.4908e+06 235.248
3.4957e+06 235.215
3.5006e+06 235.191
3.5055e+06 235.181
3.5104e+06 235.168
3.5153e+06 235.141
3.5202e+06 235.115
3.5251e+06 235.064
3.53e+06 235.028
3.5349e+06 234.984
3.5398e+06 234.949
3.5447e+06 234.909
3.5496e+06 234.872
3.5545e+06 234.819
3.5594e+06 234.772
3.5643e+06 234.729
3.5692e+06 234.684
3.5741e+06 234.64
3.579e+06 234.604
3.5839e+06 234.564
3.5888e+06 234.537
3.5937e+06 234.494
3.5986e+06 234.463
3.6035e+06 234.421
3.6084e+06 234.39
3.6133e+06 234.36
3.6182e+06 234.351
3.6231e+06 234.318
3.628e+06 234.284
3.6329e+06 234.24
3.6378e+06 234.211
3.6427e+06 234.168
3.6476e+06 234.127
3.6525e+06 234.092
3.6574e+06 234.05
3.6623e+06 234.033
3.6672e+06 234.004
3.6721e+06 233.98
3.677e+06 233.95
3.6819e+06 233.92
3.6868e+06 233.891
3.6917e+06 233.867
3.6966e+06 233.828
3.7015e+06 233.807
3.7064e+06 233.797
3.7113e+06 233.777
3.7162e+06 233.753
3.7211e+06 233.734
3.726e+06 233.703
3.7309e+06 233.666
3.7358e+06 233.631
3.7407e+06 233.599
3.7456e+06 233.58
3.7505e+06 233.544
3.7554e+06 233.498
3.7603e+06 233.472
3.7652e+06 233.438
3.7701e+06 233.408
3.775e+06 233.37
3.7799e+06 233.34
3.7848e+06 233.302
3.7897e+06 233.261
3.7946e+06 233.22
3.7995e+06 233.184
3.8044e+06 233.142
3.8093e+06 233.113
3.8142e+06 233.106
3.8191e+06 233.078
3.824e+06 233.053
3.8289e+06 233.029
3.8338e+06 233.002
3.8387e+06 232.981
3.8436e+06 232.954
3.8485e+06 232.929
3.8534e+06 232.909
3.8583e+06 232.882
3.8632e+06 232.852
3.8681e+06 232.842
3.873e+06 232.824
3.8779e+06 232.811
3.8828e+06 232.788
3.8877e+06 232.771
3.8926e+06 232.751
3.8975e+06 232.739
3.9024e+06 232.733
3.9073e+06 232.709
3.9122e+06 232.687
3.9171e+06 232.668
3.922e+06 232.643
3.9269e+06 232.621
3.9318e+06 232.596
3.9367e+06 232.575
3.9416e+06 232.552
3.9465e+06 232.531
3.9514e+06 232.523
3.9563e+06 232.501
3.9612e+06 232.473
3.9661e+06 232.47
3.971e+06 232.461
3.9759e+06 232.436
3.9808e+06 232.407
3.9857e+06 232.388
3.9906e+06 232.362
3.9955e+06 232.338
4.0004e+06 232.335
4.0053e+06 232.318
4.0102e+06 232.303
4.0151e+06 232.287
4.02e+06 232.26
4.0249e+06 232.22
4.0298e+06 232.194
4.0347e+06 232.161
4.0396e+06 232.123
4.0445e+06 232.091
4.0494e+06 232.067
4.0543e+06 232.035
4.0592e+06 232.005
4.0641e+06 231.99
4.069e+06 231.965
4.0739e+06 231.953
4.0788e+06 231.934
4.0837e+06 231.91
4.0886e+06 231.876
4.0935e+06 231.835
4.0984e+06 231.786
4.1033e+06 231.747
4.1082e+06 231.72
4.1131e+06 231.687
4.118e+06 231.648
4.1229e+06 231.618
4.1278e+06 231.586
4.1327e+06 231.556
4.1376e+06 231.528
4.1425e+06 231.487
4.1474e+06 231.45
4.1523e+06 231.411
4.1572e+06 231.367
4.1621e+06 231.328
4.167e+06 231.284
4.1719e+06 231.251
4.1768e+06 231.205
4.1817e+06 231.159
4.1866e+06 231.109
4.1915e+06 231.061
4.1964e+06 231.006
4.2013e+06 230.954
4.2062e+06 230.912
4.2111e+06 230.863
4.216e+06 230.818
4.2209e+06 230.775
4.2258e+06 230.719
4.2307e+06 230.676
4.2356e+06 230.625
4.2405e+06 230.583
4.2454e+06 230.544
4.2503e+06 230.515
4.2552e+06 230.484
4.2601e+06 230.452
4.265e+06 230.413
4.2699e+06 230.381
4.2748e+06 230.342
4.2797e+06 230.315
4.2846e+06 230.279
4.2895e+06 230.255
4.2944e+06 230.216
4.2993e+06 230.189
4.3042e+06 230.157
4.3091e+06 230.137
4.314e+06 230.11
4.3189e+06 230.091
4.3238e+06 230.067
4.3287e+06 230.046
4.3336e+06 230.014
4.3385e+06 229.983
4.3434e+06 229.942
4.3483e+06 229.921
4.3532e+06 229.886
4.3581e+06 229.838
4.363e+06 229.805
4.3679e+06 229.756
4.3728e+06 229.711
4.3777e+06 229.682
4.3826e+06 229.65
4.3875e+06 229.618
4.3924e+06 229.593
4.3973e+06 229.556
4.4022e+06 229.52
4.4071e+06 229.497
4.412e+06 229.47
4.4169e+06 229.453
4.4218e+06 229.429
4.4267e+06 229.397
4.4316e+06 229.352
4.4365e+06 229.325
4.4414e+06 229.295
4.4463e+06 229.281
4.4512e+06 229.253
4.4561e+06 229.227
4.461e+06 229.208
4.4659e+06 229.182
4.4708e+06 229.163
4.4757e+06 229.145
4.4806e+06 229.134
4.4855e+06 229.11
4.4904e+06 229.091
4.4953e+06 229.066
4.5002e+06 229.048
4.5051e+06 229.028
4.51e+06 229.009
4.5149e+06 228.994
4.5198e+06 228.979
4.5247e+06 228.955
4.5296e+06 228.946
4.5345e+06 228.926
4.5394e+06 228.91
4.5443e+06 228.891
4.5492e+06 228.873
4.5541e+06 228.86
4.559e+06 228.843
4.5639e+06 228.828
4.5688e+06 228.817
4.5737e+06 228.794
4.5786e+06 228.78
4.5835e+06 228.762
4.5884e+06 228.744
4.5933e+06 228.736
4.5982e+06 228.725
4.6031e+06 228.715
4.608e+06 228.7
4.6129e+06 228.683
4.6178e+06 228.676
4.6227e+06 228.654
4.6276e+06 228.636
4.6325e+06 228.619
4.6374e+06 228.604
4.6423e+06 228.598
4.6472e+06 228.571
4.6521e+06 228.549
4.657e+06 228.531
4.6619e+06 228.513
4.6668e+06 228.492
4.6717e+06 228.47
4.6766e+06 228.457
4.6815e+06 228.442
4.6864e+06 228.418
4.6913e+06 228.399
4.6962e+06 228.382
4.7011e+06 228.356
4.706e+06 228.341
4.7109e+06 228.321
4.7158e+06 228.308
4.7207e+06 228.287
4.7256e+06 228.278
4.7305e+06 228.256
4.7354e+06 228.249
4.7403e+06 228.234
4.7452e+06 228.215
4.7501e+06 228.207
4.755e+06 228.2
4.7599e+06 228.183
4.7648e+06 228.171
4.7697e+06 228.165
4.7746e+06 228.16
4.7795e+06 228.165
4.7844e+06 228.159
4.7893e+06 228.15
4.7942e+06 228.14
4.7991e+06 228.134
4.804e+06 228.132
4.8089e+06 228.121
4.8138e+06 228.111
4.8187e+06 228.1
4.8236e+06 228.09
4.8285e+06 228.079
4.8334e+06 228.079
4.8383e+06 228.065
4.8432e+06 228.06
4.8481e+06 228.053
4.853e+06 228.033
4.8579e+06 228.017
4.8628e+06 228.008
4.8677e+06 227.999
4.8726e+06 227.985
4.8775e+06 227.971
4.8824e+06 227.965
4.8873e+06 227.942
4.8922e+06 227.929
4.8971e+06 227.918
4.902e+06 227.895
4.9069e+06 227.881
4.9118e+06 227.866
4.9167e+06 227.863
4.9216e+06 227.853
4.9265e+06 227.838
4.9314e+06 227.828
4.9363e+06 227.811
4.9412e+06 227.805
4.9461e+06 227.791
4.951e+06 227.781
4.9559e+06 227.765
4.9608e+06 227.762
4.9657e+06 227.752
4.9706e+06 227.749
4.9755e+06 227.743
4.9804e+06 227.733
4.9853e+06 227.72
4.9902e+06 227.721
4.9951e+06 227.705
