100000 148.373
104900 216.152
109800 180.465
114700 173.928
119600 178.227
124500 198.504
129400 207.956
134300 220.96
139200 245.253
144100 263.066
149000 275.284
153900 219.863
158800 295.581
163700 249.393
168600 249.211
173500 211.169
178400 234.283
183300 267.529
188200 207.109
193100 208.809
198000 206.834
202900 296.728
207800 229.399
212700 220.881
217600 240.868
222500 226.677
227400 259.663
232300 224.687
237200 225.272
242100 226.555
247000 199.707
251900 187.79
256800 251.137
261700 272.969
266600 240.198
271500 181.416
276400 197.508
281300 213.878
286200 243.562
291100 235.071
296000 221.752
300900 251.741
305800 216.294
310700 212.44
315600 206.747
320500 234.821
325400 229.862
330300 265.34
335200 209.029
340100 241.296
345000 216.121
349900 186.711
354800 213.549
359700 202.617
364600 183.6
369500 217.478
374400 229.883
379300 277.691
384200 215.825
389100 222.337
394000 277.839
398900 218.106
403800 210.355
408700 221.461
413600 225.284
418500 232.734
423400 215.146
428300 216.895
433200 196.032
438100 213.046
443000 236.53
447900 198.566
452800 221.759
457700 195.461
462600 231.444
467500 204.715
472400 246.306
477300 202.207
482200 220.347
487100 177.368
492000 202.15
496900 265.558
501800 234.492
506700 193.333
511600 327.294
516500 201.193
521400 220.334
526300 220.798
531200 196.256
536100 192.407
541000 199.438
545900 222.192
550800 186.424
555700 190.309
560600 199.04
565500 217.486
570400 312.823
575300 239.232
580200 221.061
585100 245.064
590000 210.061
594900 218.192
599800 217.1
604700 211.236
609600 303.568
614500 222.279
619400 252.299
624300 256.536
629200 247.553
634100 244.51
639000 258.936
643900 258.2
648800 246.898
653700 285.254
658600 272.184
663500 317.5
668400 268.926
673300 229.441
678200 291.395
683100 298.36
688000 249.794
692900 232.291
697800 268.405
702700 238.744
707600 373.675
712500 271.372
717400 267.123
722300 308.136
727200 248.461
732100 273.438
737000 209.834
741900 276.878
746800 259.555
751700 345.134
756600 269.062
761500 333.208
766400 236.691
771300 263.811
776200 247.45
781100 242.983
786000 226.859
790900 256.32
795800 275.921
800700 281.318
805600 257.61
810500 268.478
815400 247.702
820300 270.908
825200 231.511
830100 239.296
835000 276.148
839900 271.178
844800 288.588
849700 286.062
854600 226.024
859500 261.268
864400 264.861
869300 303.395
874200 332.523
879100 213.199
884000 234.219
888900 240.043
893800 199.694
898700 214.419
903600 213.884
908500 197.144
913400 249.418
918300 242.848
923200 312.113
928100 264.443
933000 241.488
937900 269.031
942800 258.24
947700 236.604
952600 311.371
957500 255.859
962400 253.601
967300 197.486
972200 217.915
977100 198.192
982000 250.422
986900 261.528
991800 246.259
996700 204.348
1.0016e+06 206.157
1.0065e+06 235.664
1.0114e+06 234.037
1.0163e+06 214.496
1.0212e+06 213.747
1.0261e+06 307.142
1.031e+06 221.885
1.0359e+06 290.802
1.0408e+06 204.745
1.0457e+06 228.587
1.0506e+06 285.622
1.0555e+06 257.375
1.0604e+06 322.431
1.0653e+06 260.112
1.0702e+06 268.515
1.0751e+06 281.784
1.08e+06 246.996
1.0849e+06 256.72
1.0898e+06 246.311
1.0947e+06 282.091
1.0996e+06 271.075
1.1045e+06 220.368
1.1094e+06 194.762
1.1143e+06 278.526
1.1192e+06 323.55
1.1241e+06 353.579
1.129e+06 324.124
1.1339e+06 283.838
1.1388e+06 318.464
1.1437e+06 272.036
1.1486e+06 249.601
1.1535e+06 271.913
1.1584e+06 273.305
1.1633e+06 331.219
1.1682e+06 226.936
1.1731e+06 269.279
1.178e+06 338.456
1.1829e+06 299.383
1.1878e+06 265.653
1.1927e+06 262.783
1.1976e+06 291.325
1.2025e+06 274.694
1.2074e+06 299.648
1.2123e+06 281.587
1.2172e+06 287.961
1.2221e+06 298.438
1.227e+06 273.134
1.2319e+06 248.405
1.2368e+06 314.432
1.2417e+06 263.103
1.2466e+06 281.118
1.2515e+06 264.406
1.2564e+06 249.522
1.2613e+06 277.659
1.2662e+06 251.049
1.2711e+06 251.094
1.276e+06 338.26
1.2809e+06 349.997
1.2858e+06 271.622
1.2907e+06 257.331
1.2956e+06 289.73
1.3005e+06 336.579
1.3054e+06 286.176
1.3103e+06 321.879
1.3152e+06 334.196
1.3201e+06 296.454
1.325e+06 268.701
1.3299e+06 293.859
1.3348e+06 251.073
1.3397e+06 237.657
1.3446e+06 276.744
1.3495e+06 263.98
1.3544e+06 234.496
1.3593e+06 276.077
1.3642e+06 302.444
1.3691e+06 270.13
1.374e+06 291.831
1.3789e+06 318.5
1.3838e+06 253.494
1.3887e+06 364.706
1.3936e+06 240.89
1.3985e+06 284.997
1.4034e+06 247.577
1.4083e+06 301.84
1.4132e+06 298.065
1.4181e+06 337.199
1.423e+06 304.162
1.4279e+06 284.649
1.4328e+06 248.896
1.4377e+06 311.805
1.4426e+06 249.257
1.4475e+06 245.619
1.4524e+06 320.66
1.4573e+06 252.674
1.4622e+06 325.318
1.4671e+06 287.196
1.472e+06 229.096
1.4769e+06 255.393
1.4818e+06 263.975
1.4867e+06 284.354
1.4916e+06 241.962
1.4965e+06 335.044
1.5014e+06 297.771
1.5063e+06 272.144
1.5112e+06 249.259
1.5161e+06 253.959
1.521e+06 348.355
1.5259e+06 287.846
1.5308e+06 281.366
1.5357e+06 338.103
1.5406e+06 255.513
1.5455e+06 318.243
1.5504e+06 290.082
1.5553e+06 267.551
1.5602e+06 207.61
1.5651e+06 214.027
1.57e+06 259.884
1.5749e+06 228.683
1.5798e+06 268.61
1.5847e+06 255.571
1.5896e+06 316.379
1.5945e+06 340.893
1.5994e+06 238.027
1.6043e+06 219.965
1.6092e+06 246.053
1.6141e+06 233.492
1.619e+06 267.9
1.6239e+06 265.032
1.6288e+06 234.79
1.6337e+06 234.737
1.6386e+06 294.17
1.6435e+06 238.262
1.6484e+06 212.928
1.6533e+06 242.661
1.6582e+06 249.527
1.6631e+06 214.42
1.668e+06 254.94
1.6729e+06 291.702
1.6778e+06 216.053
1.6827e+06 179.451
1.6876e+06 306.209
1.6925e+06 199.087
1.6974e+06 219.817
1.7023e+06 214.618
1.7072e+06 223.521
1.7121e+06 256.272
1.717e+06 204.364
1.7219e+06 207.562
1.7268e+06 220.423
1.7317e+06 189.695
1.7366e+06 285.531
1.7415e+06 253.948
1.7464e+06 205.878
1.7513e+06 196.098
1.7562e+06 217.477
1.7611e+06 196.02
1.766e+06 212.505
1.7709e+06 242.998
1.7758e+06 221.1
1.7807e+06 220.304
1.7856e+06 219.219
1.7905e+06 264.368
1.7954e+06 269.801
1.8003e+06 201.862
1.8052e+06 261.305
1.8101e+06 238.985
1.815e+06 286.048
1.8199e+06 263.444
1.8248e+06 244.42
1.8297e+06 244.232
1.8346e+06 233.832
1.8395e+06 201.109
1.8444e+06 265.469
1.8493e+06 204.504
1.8542e+06 292.912
1.8591e+06 219.857
1.864e+06 248.559
1.8689e+06 225.252
1.8738e+06 251.717
1.8787e+06 173.514
1.8836e+06 225.008
1.8885e+06 236.578
1.8934e+06 286.61
1.8983e+06 238.092
1.9032e+06 240.343
1.9081e+06 231.718
1.913e+06 221.694
1.9179e+06 240.56
1.9228e+06 281.539
1.9277e+06 265.233
1.9326e+06 238.654
1.9375e+06 271.906
1.9424e+06 331.829
1.9473e+06 209.157
1.9522e+06 330.112
1.9571e+06 238.045
1.962e+06 244.16
1.9669e+06 279.88
1.9718e+06 208.983
1.9767e+06 193.716
1.9816e+06 219.668
1.9865e+06 200.197
1.9914e+06 278.056
1.9963e+06 201.337
2.0012e+06 215.302
2.0061e+06 206.857
2.011e+06 217.453
2.0159e+06 228.968
2.0208e+06 216.466
2.0257e+06 236.868
2.0306e+06 252.279
2.0355e+06 177.525
2.0404e+06 198.447
2.0453e+06 240.33
2.0502e+06 277.498
2.0551e+06 203.917
2.06e+06 199.055
2.0649e+06 275.788
2.0698e+06 203.566
2.0747e+06 242.442
2.0796e+06 191.85
2.0845e+06 272.773
2.0894e+06 211.901
2.0943e+06 281.091
2.0992e+06 199.032
2.1041e+06 197.357
2.109e+06 237.526
2.1139e+06 273.919
2.1188e+06 221.793
2.1237e+06 195.934
2.1286e+06 282.584
2.1335e+06 260.928
2.1384e+06 190.652
2.1433e+06 247.141
2.1482e+06 248.751
2.1531e+06 221.348
2.158e+06 214.35
2.1629e+06 339.572
2.1678e+06 203.594
2.1727e+06 215.47
2.1776e+06 250.553
2.1825e+06 206.435
2.1874e+06 217.334
2.1923e+06 222.058
2.1972e+06 194.101
2.2021e+06 222.683
2.207e+06 249.801
2.2119e+06 185.187
2.2168e+06 203.825
2.2217e+06 210.32
2.2266e+06 233.161
2.2315e+06 200.418
2.2364e+06 201.16
2.2413e+06 166.84
2.2462e+06 179.757
2.2511e+06 222.721
2.256e+06 211.258
2.2609e+06 238.252
2.2658e+06 211.361
2.2707e+06 232.768
2.2756e+06 215.832
2.2805e+06 194.461
2.2854e+06 166.45
2.2903e+06 240.172
2.2952e+06 249.404
2.3001e+06 195.502
2.305e+06 217.125
2.3099e+06 215.612
2.3148e+06 220.039
2.3197e+06 229.83
2.3246e+06 180.566
2.3295e+06 213.478
2.3344e+06 241.583
2.3393e+06 188.269
2.3442e+06 203.483
2.3491e+06 209.245
2.354e+06 220.662
2.3589e+06 214.64
2.3638e+06 217.035
2.3687e+06 187.136
2.3736e+06 220.335
2.3785e+06 226.328
2.3834e+06 242.992
2.3883e+06 185.377
2.3932e+06 239.193
2.3981e+06 183.688
2.403e+06 191.381
2.4079e+06 226.005
2.4128e+06 197.769
2.4177e+06 203.722
2.4226e+06 217.503
2.4275e+06 199.928
2.4324e+06 171.57
2.4373e+06 252.938
2.4422e+06 209.405
2.4471e+06 249.383
2.452e+06 255.684
2.4569e+06 258.352
2.4618e+06 197.986
2.4667e+06 228.54
2.4716e+06 245.685
2.4765e+06 180.448
2.4814e+06 219.822
2.4863e+06 192.614
2.4912e+06 165.746
2.4961e+06 213.034
2.501e+06 263.838
2.5059e+06 197.7
2.5108e+06 225.883
2.5157e+06 215.059
2.5206e+06 192.489
2.5255e+06 210.473
2.5304e+06 283.511
2.5353e+06 281.368
2.5402e+06 220.332
2.5451e+06 226.441
2.55e+06 234.505
2.5549e+06 218.468
2.5598e+06 286.324
2.5647e+06 214.349
2.5696e+06 287.324
2.5745e+06 252.543
2.5794e+06 197.8
2.5843e+06 243.942
2.5892e+06 203.384
2.5941e+06 226.498
2.599e+06 233.354
2.6039e+06 204.821
2.6088e+06 193.75
2.6137e+06 220.833
2.6186e+06 215.576
2.6235e+06 220.358
2.6284e+06 179.801
2.6333e+06 201.893
2.6382e+06 290.854
2.6431e+06 246.708
2.648e+06 276.993
2.6529e+06 170.926
2.6578e+06 225.997
2.6627e+06 213.288
2.6676e+06 285.261
2.6725e+06 201.112
2.6774e+06 226.96
2.6823e+06 202.428
2.6872e+06 206.265
2.6921e+06 308.741
2.697e+06 222.245
2.7019e+06 255.571
2.7068e+06 221.324
2.7117e+06 240.132
2.7166e+06 264.191
2.7215e+06 248.816
2.7264e+06 231.067
2.7313e+06 225.819
2.7362e+06 256.653
2.7411e+06 207.93
2.746e+06 229.791
2.7509e+06 191.139
2.7558e+06 252.417
2.7607e+06 248.145
2.7656e+06 188.911
2.7705e+06 221.104
2.7754e+06 211.842
2.7803e+06 243.275
2.7852e+06 216.299
2.7901e+06 227.725
2.795e+06 272.097
2.7999e+06 212.909
2.8048e+06 196.29
2.8097e+06 209.657
2.8146e+06 219.304
2.8195e+06 256.65
2.8244e+06 208.898
2.8293e+06 218.668
2.8342e+06 227.592
2.8391e+06 223.793
2.844e+06 246.442
2.8489e+06 231.939
2.8538e+06 224.713
2.8587e+06 233.141
2.8636e+06 211.029
2.8685e+06 191.472
2.8734e+06 229.843
2.8783e+06 281.287
2.8832e+06 214.007
2.8881e+06 251.888
2.893e+06 202.682
2.8979e+06 243.167
2.9028e+06 228.562
2.9077e+06 292.474
2.9126e+06 286.286
2.9175e+06 232.093
2.9224e+06 289.32
2.9273e+06 191.618
2.9322e+06 242.353
2.9371e+06 277.303
2.942e+06 259.29
2.9469e+06 230.879
2.9518e+06 228.545
2.9567e+06 191.125
2.9616e+06 269.749
2.9665e+06 220.183
2.9714e+06 221.376
2.9763e+06 236.509
2.9812e+06 222.249
2.9861e+06 257.495
2.991e+06 239.489
2.9959e+06 203.775
3.0008e+06 248.555
3.0057e+06 226.625
3.0106e+06 244.588
3.0155e+06 245.771
3.0204e+06 193.62
3.0253e+06 226.247
3.0302e+06 216.835
3.0351e+06 246.258
3.04e+06 267.971
3.0449e+06 198.539
3.0498e+06 311.282
3.0547e+06 299.526
3.0596e+06 260.895
3.0645e+06 255.448
3.0694e+06 216.4
3.0743e+06 237.631
3.0792e+06 186.716
3.0841e+06 198.521
3.089e+06 225.79
3.0939e+06 251.726
3.0988e+06 199.786
3.1037e+06 243.83
3.1086e+06 250.257
3.1135e+06 245.15
3.1184e+06 243.365
3.1233e+06 183.973
3.1282e+06 258.148
3.1331e+06 197.892
3.138e+06 230.024
3.1429e+06 239.188
3.1478e+06 203.316
3.1527e+06 205.57
3.1576e+06 253.527
3.1625e+06 227.629
3.1674e+06 282.878
3.1723e+06 217.374
3.1772e+06 201.691
3.1821e+06 227.132
3.187e+06 271.037
3.1919e+06 200.058
3.1968e+06 221.481
3.2017e+06 181.748
3.2066e+06 255.795
3.2115e+06 264.594
3.2164e+06 201.574
3.2213e+06 210.653
3.2262e+06 178.76
3.2311e+06 217.705
3.236e+06 223.463
3.2409e+06 170.144
3.2458e+06 225.325
3.2507e+06 204.49
3.2556e+06 215.8
3.2605e+06 225.911
3.2654e+06 194.546
3.2703e+06 263.987
3.2752e+06 228.336
3.2801e+06 216.899
3.285e+06 229.487
3.2899e+06 176.278
3.2948e+06 211.634
3.2997e+06 183.303
3.3046e+06 223.098
3.3095e+06 235.333
3.3144e+06 218.469
3.3193e+06 225.339
3.3242e+06 199.165
3.3291e+06 198.281
3.334e+06 207.36
3.3389e+06 221.247
3.3438e+06 211.984
3.3487e+06 201.416
3.3536e+06 247.708
3.3585e+06 253.536
3.3634e+06 272.82
3.3683e+06 279.831
3.3732e+06 242.407
3.3781e+06 203.013
3.383e+06 196.825
3.3879e+06 237.628
3.3928e+06 254.631
3.3977e+06 197.834
3.4026e+06 212.048
3.4075e+06 210.735
3.4124e+06 215.614
3.4173e+06 197.815
3.4222e+06 226.63
3.4271e+06 168.003
3.432e+06 189.75
3.4369e+06 206.679
3.4418e+06 205.859
3.4467e+06 195.574
3.4516e+06 201.442
3.4565e+06 178.727
3.4614e+06 184.451
3.4663e+06 212.278
3.4712e+06 204.01
3.4761e+06 201.729
3.481e+06 178.549
3.4859e+06 189.766
3.4908e+06 210.708
3.4957e+06 207.322
3.5006e+06 219.438
3.5055e+06 207.991
3.5104e+06 215.497
3.5153e+06 214.458
3.5202e+06 232.456
3.5251e+06 203.417
3.53e+06 191.551
3.5349e+06 239.383
3.5398e+06 240.924
3.5447e+06 188.97
3.5496e+06 190.403
3.5545e+06 188.675
3.5594e+06 185.147
3.5643e+06 209.182
3.5692e+06 189.944
3.5741e+06 188
3.579e+06 229.07
3.5839e+06 196.895
3.5888e+06 196.233
3.5937e+06 224.491
3.5986e+06 198.238
3.6035e+06 209.663
3.6084e+06 227.15
3.6133e+06 232.678
3.6182e+06 211.473
3.6231e+06 226.934
3.628e+06 232.855
3.6329e+06 215.638
3.6378e+06 196.385
3.6427e+06 232.18
3.6476e+06 227.446
3.6525e+06 255.633
3.6574e+06 296.529
3.6623e+06 215.925
3.6672e+06 319.525
3.6721e+06 250.957
3.677e+06 189.899
3.6819e+06 199.988
3.6868e+06 239.266
3.6917e+06 221.467
3.6966e+06 241.222
3.7015e+06 246.537
3.7064e+06 312.707
3.7113e+06 202.09
3.7162e+06 197.413
3.7211e+06 195.557
3.726e+06 274.636
3.7309e+06 186.035
3.7358e+06 228.123
3.7407e+06 188.989
3.7456e+06 226.66
3.7505e+06 194.782
3.7554e+06 211.436
3.7603e+06 257.233
3.7652e+06 235.466
3.7701e+06 251.896
3.775e+06 264.604
3.7799e+06 222.627
3.7848e+06 241.998
3.7897e+06 199.647
3.7946e+06 219.237
3.7995e+06 237.344
3.8044e+06 195.566
3.8093e+06 234.676
3.8142e+06 201.344
3.8191e+06 221.413
3.824e+06 206.159
3.8289e+06 226.212
3.8338e+06 207.892
3.8387e+06 245.06
3.8436e+06 204.176
3.8485e+06 209.913
3.8534e+06 183.203
3.8583e+06 225.52
3.8632e+06 216.871
3.8681e+06 201.036
3.873e+06 258.944
3.8779e+06 209.18
3.8828e+06 209.649
3.8877e+06 222.145
3.8926e+06 252.268
3.8975e+06 285.669
3.9024e+06 195.086
3.9073e+06 233.352
3.9122e+06 197.77
3.9171e+06 254.975
3.922e+06 190.195
3.9269e+06 225.412
3.9318e+06 246.518
3.9367e+06 227.871
3.9416e+06 176.803
3.9465e+06 228.595
3.9514e+06 190.302
3.9563e+06 280.875
3.9612e+06 220.394
3.9661e+06 213.629
3.971e+06 255.836
3.9759e+06 182.691
3.9808e+06 243.573
3.9857e+06 197.485
3.9906e+06 218.135
3.9955e+06 188.981
4.0004e+06 214.317
4.0053e+06 306.963
4.0102e+06 202.33
4.0151e+06 185.279
4.02e+06 206.252
4.0249e+06 161.509
4.0298e+06 186.074
4.0347e+06 234.798
4.0396e+06 209.155
4.0445e+06 198.539
4.0494e+06 227.323
4.0543e+06 208.981
4.0592e+06 272.177
4.0641e+06 223.986
4.069e+06 261.523
4.0739e+06 217.288
4.0788e+06 242.671
4.0837e+06 216.091
4.0886e+06 220.173
4.0935e+06 166.578
4.0984e+06 186.413
4.1033e+06 188.433
4.1082e+06 172.451
4.1131e+06 184.151
4.118e+06 179.631
4.1229e+06 202.812
4.1278e+06 221.4
4.1327e+06 197.874
4.1376e+06 225.819
4.1425e+06 175.654
4.1474e+06 192.83
4.1523e+06 186.175
4.1572e+06 188.883
4.1621e+06 161.89
4.167e+06 207.563
4.1719e+06 216.373
4.1768e+06 189.33
4.1817e+06 224.266
4.1866e+06 205.714
4.1915e+06 206.612
4.1964e+06 180.936
4.2013e+06 165.109
4.2062e+06 190.384
4.2111e+06 188.486
4.216e+06 168.982
4.2209e+06 262.22
4.2258e+06 213.017
4.2307e+06 177.147
4.2356e+06 240.127
4.2405e+06 217.752
4.2454e+06 188.685
4.2503e+06 191.366
4.2552e+06 207.506
4.2601e+06 232.338
4.265e+06 180.996
4.2699e+06 194.102
4.2748e+06 196.425
4.2797e+06 201.999
4.2846e+06 190.534
4.2895e+06 234.13
4.2944e+06 181.638
4.2993e+06 280.334
4.3042e+06 193.538
4.3091e+06 215.154
4.314e+06 196.541
4.3189e+06 166.633
4.3238e+06 222.175
4.3287e+06 200.88
4.3336e+06 191.267
4.3385e+06 186.241
4.3434e+06 213.6
4.3483e+06 174.679
4.3532e+06 202.903
4.3581e+06 192.147
4.363e+06 180.975
4.3679e+06 177.953
4.3728e+06 204.539
4.3777e+06 204.172
4.3826e+06 214.412
4.3875e+06 206.777
4.3924e+06 209.398
4.3973e+06 171.618
4.4022e+06 187.776
4.4071e+06 158.717
4.412e+06 207.136
4.4169e+06 233.726
4.4218e+06 176.724
4.4267e+06 270.991
4.4316e+06 180.578
4.4365e+06 172.689
4.4414e+06 201.957
4.4463e+06 236.817
4.4512e+06 193.885
4.4561e+06 241.211
4.461e+06 204.423
4.4659e+06 178.001
4.4708e+06 201.66
4.4757e+06 209.489
4.4806e+06 202.126
4.4855e+06 200.01
4.4904e+06 248.394
4.4953e+06 257.212
4.5002e+06 212.954
4.5051e+06 207.086
4.51e+06 219.198
4.5149e+06 239.036
4.5198e+06 189.407
4.5247e+06 203.557
4.5296e+06 194.252
4.5345e+06 183.533
4.5394e+06 275.424
4.5443e+06 210.437
4.5492e+06 271.197
4.5541e+06 208.457
4.559e+06 210.012
4.5639e+06 223.186
4.5688e+06 218.101
4.5737e+06 242.444
4.5786e+06 217.878
4.5835e+06 192.038
4.5884e+06 257.213
4.5933e+06 198.177
4.5982e+06 174.859
4.6031e+06 285.789
4.608e+06 243.289
4.6129e+06 237.571
4.6178e+06 195.892
4.6227e+06 201.102
4.6276e+06 189.408
4.6325e+06 195.281
4.6374e+06 305.044
4.6423e+06 215.211
4.6472e+06 247.669
4.6521e+06 256.367
4.657e+06 203.188
4.6619e+06 179.55
4.6668e+06 155.823
4.6717e+06 279.506
4.6766e+06 223.274
4.6815e+06 221.396
4.6864e+06 217.778
4.6913e+06 205.218
4.6962e+06 177.919
4.7011e+06 224.185
4.706e+06 198.28
4.7109e+06 203.486
4.7158e+06 267.352
4.7207e+06 230.937
4.7256e+06 195.271
4.7305e+06 190.706
4.7354e+06 332.765
4.7403e+06 228.262
4.7452e+06 242.386
4.7501e+06 209.467
4.755e+06 233.153
4.7599e+06 194.575
4.7648e+06 238.232
4.7697e+06 230.678
4.7746e+06 197.39
4.7795e+06 213.842
4.7844e+06 202.779
4.7893e+06 232.643
4.7942e+06 195.847
4.7991e+06 196.29
4.804e+06 262.438
4.8089e+06 175.139
4.8138e+06 268.375
4.8187e+06 206.591
4.8236e+06 189.742
4.8285e+06 230.432
4.8334e+06 247.409
4.8383e+06 210.003
4.8432e+06 189.233
4.8481e+06 272.26
4.853e+06 209.101
4.8579e+06 216.961
4.8628e+06 262.118
4.8677e+06 201.531
4.8726e+06 200.673
4.8775e+06 210.515
4.8824e+06 227.079
4.8873e+06 224.029
4.8922e+06 203.169
4.8971e+06 337.069
4.902e+06 194.363
4.9069e+06 233.264
4.9118e+06 213.065
4.9167e+06 220.541
4.9216e+06 210.871
4.9265e+06 239.35
4.9314e+06 186.472
4.9363e+06 166.902
4.9412e+06 241.547
4.9461e+06 200.207
4.951e+06 195.543
4.9559e+06 249.5
4.9608e+06 206.604
4.9657e+06 254.765
4.9706e+06 217.375
4.9755e+06 240.813
4.9804e+06 226.915
4.9853e+06 264.364
4.9902e+06 201.2
4.9951e+06 190.87
