1000 1229.71
1004 830.854
1008 867.861
1012 818.852
1016 864.571
1020 903.772
1024 875.912
1028 907.961
1032 855.219
1036 901.813
1040 916.378
1044 922.956
1048 938.096
1052 938.63
1056 956.72
1060 925.633
1064 956.454
1068 941.304
1072 963.302
1076 980.36
1080 965.741
1084 983.812
1088 973.451
1092 991.134
1096 979.054
1100 999.471
1104 999.545
1108 993.014
1112 1009.98
1116 997.913
1120 1017.57
1124 1011.39
1128 1018.48
1132 1020.46
1136 1028.22
1140 1025.91
1144 1028.58
1148 1036.6
1152 1043.78
1156 1040.2
1160 1049.32
1164 1040.85
1168 1050.42
1172 1046.59
1176 1054.66
1180 1050.52
1184 1059.66
1188 1058.52
1192 1065.33
1196 1068.91
1200 1070.07
1204 1082.4
1208 1082.43
1212 1078.77
1216 1085.63
1220 1086.08
1224 1089.45
1228 1091.01
1232 1099.07
1236 1101.26
1240 1108.02
1244 1107.07
1248 1113.51
1252 1116.89
1256 1119
1260 1120.84
1264 1122.62
1268 1132.47
1272 1129.47
1276 1133.75
1280 1136.86
1284 1140.69
1288 1141.08
1292 1148.41
1296 1146.33
1300 1158.01
1304 1155.92
1308 1164.05
1312 1164.11
1316 1166.2
1320 1166.82
1324 1177.52
1328 1176.93
1332 1184.16
1336 1184.37
1340 1192.43
1344 1192.54
1348 1195.87
1352 1200.13
1356 1199.21
1360 1208.89
1364 1206.47
1368 1211.96
1372 1215.41
1376 1220.05
1380 1222.35
1384 1225.67
1388 1224.65
1392 1228.21
1396 1231.93
1400 1229.38
1404 1236.24
1408 1238.6
1412 1236.58
1416 1243.79
1420 1247.27
1424 1246.35
1428 1253.58
1432 1254.89
1436 1260.28
1440 1263.15
1444 1267.95
1448 1268.76
1452 1273.89
1456 1271.13
1460 1279.58
1464 1274.61
1468 1283.14
1472 1281.04
1476 1287.9
1480 1285.41
1484 1296.46
1488 1293.73
1492 1299.45
1496 1300.28
1500 1310.81
1504 1308.88
1508 1318
1512 1314.81
1516 1320.15
1520 1321.44
1524 1323.91
1528 1328.89
1532 1327.2
1536 1333.62
1540 1333.8
1544 1338.44
1548 1340.22
1552 1343.98
1556 1344.25
1560 1349.39
1564 1348.77
1568 1352.69
1572 1351.11
1576 1358.11
1580 1354.86
1584 1362.17
1588 1363.32
1592 1362.57
1596 1368.77
1600 1370.99
1604 1376.86
1608 1381.87
1612 1384.77
1616 1387.16
1620 1391.39
1624 1395.82
1628 1403.84
1632 1403.46
1636 1408.22
1640 1408.69
1644 1415.04
1648 1415.67
1652 1422.17
1656 1421.27
1660 1425.35
1664 1431.19
1668 1431.77
1672 1439.45
1676 1439.62
1680 1443.3
1684 1448.82
1688 1450.62
1692 1451.31
1696 1457.93
1700 1458.48
1704 1463.9
1708 1465.53
1712 1469.29
1716 1472.19
1720 1475.54
1724 1479.03
1728 1482.19
1732 1485.07
1736 1491.32
1740 1491.52
1744 1496.36
1748 1497.55
1752 1502.5
1756 1504.56
1760 1506.59
1764 1506.32
1768 1507.48
1772 1506.91
1776 1509.29
1780 1507.81
1784 1505
1788 1507.39
1792 1503.88
1796 1505.39
1800 1510.48
1804 1505.19
1808 1506.53
1812 1505.36
1816 1506.13
1820 1505.27
1824 1505.18
1828 1502.98
1832 1503.65
1836 1500.77
1840 1500.21
1844 1501.33
1848 1502.58
1852 1503.13
1856 1501.01
1860 1500.7
1864 1499.96
1868 1499.37
1872 1499.55
1876 1500.09
1880 1497.71
1884 1497.3
1888 1501.41
1892 1499.57
1896 1500.91
1900 1498.22
1904 1499.82
1908 1498.74
1912 1497.6
1916 1500.45
1920 1497.93
1924 1498.76
1928 1501.04
1932 1500.69
1936 1501.01
1940 1502.44
1944 1502.37
1948 1502.46
1952 1503.67
1956 1502.83
1960 1505.85
1964 1506.46
1968 1505.71
1972 1506.1
1976 1506.57
1980 1508.16
1984 1509.7
1988 1510.56
1992 1510.4
1996 1513.11
2000 1514.68
2004 1514.42
2008 1516.37
2012 1516.76
2016 1519.11
2020 1519.26
2024 1519.03
2028 1519.01
2032 1517.26
2036 1518.4
2040 1520.49
2044 1521.15
2048 1522.12
2052 1523.16
2056 1524.27
2060 1525.59
2064 1524.77
2068 1527.07
2072 1526.1
2076 1528.99
2080 1527.67
2084 1529.51
2088 1528.17
2092 1530.38
2096 1532.11
2100 1532.12
2104 1533.28
2108 1532.56
2112 1534.1
2116 1535.99
2120 1539.16
2124 1539.21
2128 1541.5
2132 1541.5
2136 1544.12
2140 1544.18
2144 1545.41
2148 1546.32
2152 1549.51
2156 1548.63
2160 1550.4
2164 1551.83
2168 1552.41
2172 1551.34
2176 1555.43
2180 1554.61
2184 1556.93
2188 1559.35
2192 1558.24
2196 1560
2200 1560.91
2204 1563.87
2208 1564.12
2212 1567.4
2216 1568.84
2220 1569.79
2224 1572.77
2228 1574.13
2232 1574.75
2236 1576.27
2240 1577.81
2244 1578.05
2248 1579.53
2252 1581.44
2256 1582.15
2260 1585.85
2264 1585.71
2268 1587.52
2272 1588.71
2276 1588.85
2280 1590.22
2284 1591.98
2288 1593.01
2292 1593.3
2296 1595.4
2300 1595.52
2304 1599.87
2308 1598.8
2312 1602.65
2316 1602.69
2320 1604.01
2324 1606.03
2328 1606.46
2332 1610.5
2336 1609.26
2340 1611.61
2344 1612.89
2348 1617.16
2352 1617.38
2356 1619.13
2360 1620.51
2364 1621.58
2368 1624.15
2372 1625.31
2376 1628.02
2380 1629.65
2384 1631.22
2388 1631.88
2392 1634.14
2396 1634.48
2400 1636.02
2404 1638.72
2408 1638.84
2412 1640.87
2416 1642.32
2420 1644.58
2424 1645.49
2428 1646.23
2432 1649.18
2436 1651.26
2440 1651.95
2444 1655.23
2448 1657.25
2452 1660.2
2456 1661.08
2460 1661.67
2464 1664.53
2468 1666.41
2472 1668.17
2476 1669.64
2480 1671.02
2484 1673.87
2488 1675.15
2492 1676.64
2496 1679.78
2500 1680.91
2504 1682.22
2508 1684.32
2512 1684.29
2516 1687.57
2520 1688.87
2524 1691.52
2528 1692.65
2532 1694.73
2536 1695.74
2540 1698.09
2544 1699.71
2548 1702.15
2552 1702.98
2556 1706.49
2560 1707.83
2564 1710.08
2568 1713.46
2572 1715.41
2576 1716.57
2580 1718.34
2584 1719.51
2588 1722.11
2592 1722.89
2596 1725.48
2600 1727.36
2604 1728.8
2608 1732.15
2612 1731.27
2616 1735.78
2620 1734.92
2624 1738.18
2628 1739.27
2632 1741.12
2636 1743.08
2640 1744.51
2644 1746.52
2648 1748.58
2652 1749.59
2656 1752.74
2660 1753.39
2664 1756.14
2668 1758.97
2672 1758.94
2676 1764.12
2680 1763.89
2684 1768.33
2688 1769.21
2692 1772.67
2696 1774.19
2700 1775.94
2704 1778.69
2708 1780.57
2712 1781.96
2716 1784.34
2720 1786.76
2724 1788.31
2728 1791.42
2732 1792.27
2736 1794.95
2740 1797.35
2744 1799.34
2748 1801.89
2752 1804.47
2756 1805.72
2760 1807.6
2764 1809.83
2768 1811.94
2772 1814.11
2776 1817.7
2780 1818.41
2784 1822.24
2788 1822.82
2792 1825.11
2796 1827.25
2800 1829.59
2804 1831.22
2808 1833.44
2812 1835.09
2816 1838.16
2820 1840.66
2824 1842.52
2828 1844.94
2832 1847.06
2836 1849.77
2840 1850.95
2844 1853.04
2848 1855
2852 1856.74
2856 1858.47
2860 1861.69
2864 1863.69
2868 1866.72
2872 1868.01
2876 1870.36
2880 1872.7
2884 1875.38
2888 1876.62
2892 1879.34
2896 1880.92
2900 1882.61
2904 1885.22
2908 1888.26
2912 1889.62
2916 1891.27
2920 1894.33
2924 1896.14
2928 1897.28
2932 1900.48
2936 1901.8
2940 1905.75
2944 1907.26
2948 1910.45
2952 1911.54
2956 1914.69
2960 1915.31
2964 1919.71
2968 1921.67
2972 1924.28
2976 1927.18
2980 1928.81
2984 1931.73
2988 1933.85
2992 1935.5
2996 1938.53
3000 1940.39
3004 1942.25
3008 1945.57
3012 1947.23
3016 1950.45
3020 1951.56
3024 1954.62
3028 1956.97
3032 1958.18
3036 1961.36
3040 1962.89
3044 1965
3048 1966.77
3052 1970.26
3056 1970.77
3060 1974.49
3064 1975.16
3068 1978.93
3072 1980.29
3076 1983.01
3080 1984.38
3084 1987.26
3088 1989.17
3092 1990.94
3096 1994.15
3100 1995.75
3104 1999.28
3108 1998.9
3112 2003.17
3116 2004.22
3120 2007.02
3124 2009.03
3128 2011.71
3132 2013.3
3136 2015.5
3140 2017.75
3144 2020.18
3148 2023.06
3152 2026.29
3156 2027.16
3160 2031.07
3164 2031.83
3168 2036.51
3172 2036.8
3176 2040.64
3180 2043.43
3184 2045.26
3188 2047.08
3192 2048.77
3196 2051.86
3200 2052.98
3204 2055.77
3208 2059.29
3212 2061.34
3216 2064.08
3220 2065.89
3224 2068.61
3228 2070.39
3232 2073.51
3236 2075.22
3240 2078.04
3244 2081.28
3248 2083.32
3252 2085.82
3256 2088.85
3260 2090.81
3264 2093.1
3268 2094.59
3272 2098.37
3276 2100.25
3280 2102.63
3284 2106
3288 2107.81
3292 2110.17
3296 2113.24
3300 2115.56
3304 2116.9
3308 2120.86
3312 2123.79
3316 2125.37
3320 2127.7
3324 2130.73
3328 2133.58
3332 2136.85
3336 2138.93
3340 2141.84
3344 2143.95
3348 2147.06
3352 2148.84
3356 2151.4
3360 2153.78
3364 2156.59
3368 2158.68
3372 2162.03
3376 2163.73
3380 2166.63
3384 2168.3
3388 2170.72
3392 2173.66
3396 2176.4
3400 2179.36
3404 2181.81
3408 2184.79
3412 2186.21
3416 2189.56
3420 2191.44
3424 2194.9
3428 2196.45
3432 2200.57
3436 2201.16
3440 2205.74
3444 2206.22
3448 2208.84
3452 2211.3
3456 2214.81
3460 2216.57
3464 2218.88
3468 2220.77
3472 2223.55
3476 2225.78
3480 2228.41
3484 2230.6
3488 2233.94
3492 2236.76
3496 2239.51
3500 2242.36
3504 2244.6
3508 2246.92
3512 2250.1
3516 2252.05
3520 2255.52
3524 2258.01
3528 2259.75
3532 2262.34
3536 2264.89
3540 2267.06
3544 2270.84
3548 2271.59
3552 2274.93
3556 2276
3560 2278.24
3564 2280.87
3568 2284.17
3572 2285.37
3576 2288.26
3580 2290.77
3584 2293.34
3588 2295.25
3592 2298.27
3596 2301.55
3600 2303.87
3604 2306.73
3608 2310.16
3612 2314.13
3616 2315.8
3620 2318.11
3624 2320.88
3628 2323.99
3632 2325.28
3636 2328.98
3640 2330.33
3644 2333.28
3648 2335.67
3652 2336.99
3656 2339.91
3660 2342.48
3664 2344.73
3668 2347.89
3672 2348.99
3676 2352.25
3680 2353.57
3684 2356
3688 2358.28
3692 2360.36
3696 2364.31
3700 2366.56
3704 2369.69
3708 2371.58
3712 2373.84
3716 2376.79
3720 2379.75
3724 2382.02
3728 2384.98
3732 2387.06
3736 2389.34
3740 2391.93
3744 2394.08
3748 2398.05
3752 2399.43
3756 2401.98
3760 2404.99
3764 2406.9
3768 2409.01
3772 2411.79
3776 2414.74
3780 2416.28
3784 2420.08
3788 2421.71
3792 2424.79
3796 2426.87
3800 2430.44
3804 2432.41
3808 2436
3812 2437.84
3816 2441.08
3820 2442.77
3824 2445.91
3828 2449.09
3832 2452.1
3836 2455.05
3840 2456.73
3844 2460.34
3848 2463.22
3852 2464.9
3856 2467.81
3860 2471.51
3864 2472.78
3868 2476.87
3872 2478.75
3876 2481.3
3880 2485.27
3884 2485.54
3888 2489.18
3892 2492.1
3896 2494.08
3900 2496.5
3904 2499.63
3908 2502.8
3912 2504.4
3916 2507.69
3920 2509.58
3924 2512.56
3928 2514.5
3932 2517.22
3936 2520.14
3940 2523.42
3944 2525.82
3948 2529.04
3952 2531.58
3956 2534.69
3960 2537.4
3964 2539.13
3968 2542.83
3972 2544.41
3976 2548.35
3980 2549.97
3984 2552.49
3988 2556.08
3992 2558.37
3996 2561.35
4000 2562.45
4004 2566.21
4008 2568.7
4012 2571.3
4016 2574.9
4020 2575.94
4024 2579.87
4028 2582.04
4032 2584.78
4036 2588.54
4040 2590.72
4044 2593.58
4048 2596.82
4052 2599.4
4056 2602
4060 2603.7
4064 2606.09
4068 2607.87
4072 2611.57
4076 2613.46
4080 2616.87
4084 2619.58
4088 2622.35
4092 2624.76
4096 2627.61
4100 2630.32
4104 2632.22
4108 2635.76
4112 2638.29
4116 2641.37
4120 2643.95
4124 2646.24
4128 2648.75
4132 2652.56
4136 2653.97
4140 2657.75
4144 2660.3
4148 2662.44
4152 2665.85
4156 2669.23
4160 2672.64
4164 2675.01
4168 2677.87
4172 2681
4176 2682.65
4180 2686.51
4184 2689.28
4188 2692.71
4192 2694.53
4196 2697.81
4200 2701.26
4204 2703.28
4208 2705.68
4212 2707.72
4216 2710.82
4220 2713.18
4224 2717.35
4228 2719.72
4232 2721.13
4236 2724.59
4240 2726.52
4244 2730
4248 2731.81
4252 2735.43
4256 2738.01
4260 2740.57
4264 2742.23
4268 2744.56
4272 2747.54
4276 2749.66
4280 2752
4284 2754.9
4288 2757.24
4292 2761.03
4296 2763.52
4300 2766.21
4304 2768.21
4308 2770.51
4312 2774.04
4316 2775.77
4320 2778.84
4324 2780.56
4328 2784.12
4332 2786.2
4336 2789.22
4340 2791.58
4344 2794.35
4348 2798.14
4352 2799.05
4356 2802.66
4360 2804.5
4364 2807.99
4368 2809.86
4372 2813.68
4376 2816.19
4380 2817.98
4384 2822.64
4388 2823.78
4392 2827.37
4396 2830.18
4400 2832.49
4404 2835.54
4408 2838.13
4412 2841.13
4416 2843.38
4420 2846.36
4424 2849
4428 2851.42
4432 2854.08
4436 2857.09
4440 2859.37
4444 2861.84
4448 2865.52
4452 2868.47
4456 2870.95
4460 2874.26
4464 2877.23
4468 2879.3
4472 2883.07
4476 2886.03
4480 2889.54
4484 2892.81
4488 2895.36
4492 2898.56
4496 2900.56
4500 2903.57
4504 2906.02
4508 2908.73
4512 2911.57
4516 2914.26
4520 2916.85
4524 2919.45
4528 2922.32
4532 2925.43
4536 2927.96
4540 2930.7
4544 2932.78
4548 2935.75
4552 2937.87
4556 2941.47
4560 2943.75
4564 2946.17
4568 2949.75
4572 2951.36
4576 2954.23
4580 2957.24
4584 2959.88
4588 2963.43
4592 2965.85
4596 2969.11
4600 2971.88
4604 2974.04
4608 2976.9
4612 2980.07
4616 2983.12
4620 2985.82
4624 2988.08
4628 2990.97
4632 2993.27
4636 2995.94
4640 2997.83
4644 3001.45
4648 3005.18
4652 3007.42
4656 3009.94
4660 3013.24
4664 3015.77
4668 3018.9
4672 3021.08
4676 3023.99
4680 3026.15
4684 3030.2
4688 3031.89
4692 3034.32
4696 3037.51
4700 3040.13
4704 3043.26
4708 3045.34
4712 3048.29
4716 3052.15
4720 3055.05
4724 3058.52
4728 3060.7
4732 3063.58
4736 3065.51
4740 3069.45
4744 3072.24
4748 3074.13
4752 3077.18
4756 3079.03
4760 3081.98
4764 3085.54
4768 3087.08
4772 3090.64
4776 3092.71
4780 3096.07
4784 3099.29
4788 3101.79
4792 3104.11
4796 3107.42
4800 3109.89
4804 3112.33
4808 3115.45
4812 3117.29
4816 3120.86
4820 3123.28
4824 3125.4
4828 3128.9
4832 3131.47
4836 3134.74
4840 3136.42
4844 3139.34
4848 3141.84
4852 3144.74
4856 3147.71
4860 3150.64
4864 3153.6
4868 3155.84
4872 3158.82
4876 3161.87
4880 3164.15
4884 3167.22
4888 3169.77
4892 3171.62
4896 3175.26
4900 3178.4
4904 3180.32
4908 3184.12
4912 3187.28
4916 3189.33
4920 3193.1
4924 3195.59
4928 3198.03
4932 3201.2
4936 3203.9
4940 3207.22
4944 3210.01
4948 3212.59
4952 3215.48
4956 3218.95
4960 3220.94
4964 3225.37
4968 3226.37
4972 3230.34
4976 3232.45
4980 3235.43
4984 3238.06
4988 3240.41
4992 3243.5
4996 3245.76
