1000 0.0249026
1004 -0.00698813
1008 0.652704
1012 -0.0146013
1016 -0.0874079
1020 -0.100696
1024 0.176801
1028 -0.0583112
1032 -0.0333731
1036 0.0472706
1040 -0.118204
1044 -0.0728923
1048 -0.370159
1052 -0.0568745
1056 -1.09208
1060 0.154878
1064 -0.0604127
1068 1.8567
1072 -0.0816001
1076 0.301598
1080 3.81046
1084 -0.599165
1088 -0.241008
1092 -30.0546
1096 -0.226168
1100 -0.522971
1104 -0.106528
1108 -0.311047
1112 -0.212332
1116 0.428335
1120 -0.195507
1124 0.396309
1128 -0.188941
1132 -0.549764
1136 -0.214386
1140 -0.169726
1144 1.29039
1148 -2.40395
1152 -0.501993
1156 -0.858179
1160 2.20457
1164 -0.170724
1168 0.265238
1172 -0.519835
1176 -0.204701
1180 1.05102
1184 -0.246886
1188 -1.04107
1192 -0.311237
1196 0.499451
1200 -0.240291
1204 -0.459379
1208 -0.203212
1212 -1.12068
1216 -0.174054
1220 3.36227
1224 -0.248825
1228 -0.276393
1232 -0.496292
1236 0.450093
1240 -0.855406
1244 -1.1484
1248 3.57116
1252 -0.237628
1256 -0.464771
1260 -4.258
1264 0.852591
1268 -0.354673
1272 -0.436116
1276 -0.965061
1280 1.80077
1284 -0.440516
1288 0.470472
1292 0.798566
1296 -0.360872
1300 -1.04184
1304 -19.6062
1308 0.970199
1312 -0.519125
1316 -0.440491
1320 0.855903
1324 -0.400811
1328 -0.542705
1332 1.72763
1336 -1.13591
1340 4.03852
1344 -0.736015
1348 1.37326
1352 -0.677677
1356 1.22895
1360 -0.288143
1364 0.431655
1368 -0.562593
1372 1.49387
1376 -0.558006
1380 4.37286
1384 -0.411351
1388 -2.15791
1392 2.33547
1396 -807.252
1400 -5.42069
1404 -2.39049
1408 -0.405341
1412 -3.5365
1416 -0.709348
1420 2.07263
1424 -0.54884
1428 -0.963819
1432 -0.540942
1436 -3.7229
1440 -1.03411
1444 -0.688488
1448 -0.591872
1452 -1.65387
1456 4.15897
1460 -1.46827
1464 -0.883066
1468 -1.73939
1472 -1.73734
1476 11.9131
1480 -2.61674
1484 1.34462
1488 -0.448495
1492 -1.47845
1496 -11.3136
1500 -1.13418
1504 -1.1629
1508 -1.49747
1512 -0.720105
1516 -0.545531
1520 1.04851
1524 -1.85243
1528 -1.3606
1532 -0.504621
1536 2.73675
1540 -0.649687
1544 -0.680702
1548 -0.697309
1552 2.7748
1556 -1.14988
1560 -1.1771
1564 0.481743
1568 1.2088
1572 0.204003
1576 0.145927
1580 0.213859
1584 0.198357
1588 0.287909
1592 0.310536
1596 0.401513
1600 0.468558
1604 0.574096
1608 0.663629
1612 0.811609
1616 0.900548
1620 1.10144
1624 1.24
1628 1.44148
1632 1.60434
1636 1.77579
1640 1.92461
1644 2.16209
1648 2.29957
1652 2.6353
1656 2.75284
1660 3.07919
1664 3.43027
1668 3.63929
1672 3.95225
1676 4.29932
1680 4.46152
1684 4.83294
1688 5.01858
1692 5.33082
1696 5.68511
1700 5.9209
1704 6.27062
1708 6.56616
1712 6.88644
1716 7.39659
1720 7.70022
1724 7.99783
1728 8.46123
1732 8.75439
1736 9.29428
1740 9.56769
1744 10.3851
1748 10.5157
1752 11.0787
1756 11.4961
1760 12.0321
1764 12.4193
1768 13.0038
1772 13.2803
1776 14.1768
1780 14.2744
1784 15.0203
1788 15.5454
1792 15.9177
1796 16.6551
1800 17.016
1804 17.6492
1808 18.067
1812 18.9466
1816 19.2931
1820 19.9547
1824 20.5376
1828 21.0648
1832 21.8825
1836 22.3729
1840 22.8962
1844 23.6526
1848 24.295
1852 25.1614
1856 25.6686
1860 26.3921
1864 27.0608
1868 27.7744
1872 28.2225
1876 29.1639
1880 29.7601
1884 30.4099
1888 31.3144
1892 31.77
1896 32.7428
1900 33.0033
1904 34.2252
1908 34.6415
1912 35.5231
1916 36.3925
1920 37.1817
1924 37.6498
1928 38.762
1932 39.0266
1936 40.1405
1940 40.7298
1944 41.8939
1948 42.2636
1952 43.8607
1956 44.4209
1960 45.2823
1964 46.1481
1968 46.9949
1972 47.8296
1976 48.832
1980 49.5732
1984 50.3518
1988 51.4052
1992 51.9762
1996 53.1417
2000 54.009
2004 54.679
2008 55.6375
2012 56.6846
2016 57.3746
2020 58.4518
2024 59.6192
2028 60.4438
2032 61.3459
2036 62.3903
2040 63.2482
2044 64.4345
2048 65.5636
2052 66.3479
2056 67.4124
2060 68.2541
2064 69.654
2068 70.5708
2072 71.5361
2076 72.9128
2080 73.7571
2084 74.8344
2088 76.1826
2092 76.5315
2096 78.4079
2100 79.2516
2104 80.1597
2108 81.5552
2112 82.6247
2116 83.8549
2120 84.9113
2124 86.2364
2128 87.2245
2132 88.0952
2136 89.4266
2140 91.0132
2144 91.7089
2148 93.2092
2152 93.7101
2156 95.2768
2160 96.4304
2164 97.5385
2168 98.9272
2172 100.019
2176 100.881
2180 102.498
2184 103.517
2188 104.603
2192 105.657
2196 107.195
2200 107.725
2204 109.529
2208 110.648
2212 111.882
2216 112.913
2220 114.04
2224 115.458
2228 116.184
2232 118.006
2236 118.629
2240 120.635
2244 121.104
2248 123.432
2252 123.885
2256 125.716
2260 126.452
2264 128.455
2268 129.582
2272 131.106
2276 131.929
2280 133.253
2284 134.652
2288 135.558
2292 136.666
2296 138.214
2300 139.614
2304 140.867
2308 142.373
2312 143.52
2316 144.702
2320 146.365
2324 147.713
2328 149.765
2332 152.251
2336 153.891
2340 156.393
2344 158.626
2348 160.438
2352 162.416
2356 164.653
2360 166.686
2364 168.47
2368 171.111
2372 172.802
2376 174.883
2380 176.499
2384 179.387
2388 181.343
2392 182.989
2396 185.566
2400 186.581
2404 189.304
2408 190.729
2412 193.82
2416 195.207
2420 197.318
2424 198.801
2428 202.973
2432 202.814
2436 205.342
2440 207.383
2444 209.263
2448 211.787
2452 212.928
2456 216.325
2460 217.548
2464 219.565
2468 221.766
2472 223.443
2476 225.644
2480 228.33
2484 228.461
2488 232.325
2492 233.749
2496 234.939
2500 236.986
2504 239.4
2508 241.343
2512 243.673
2516 244.691
2520 246.949
2524 248.29
2528 251.15
2532 252.291
2536 256.024
2540 256.162
2544 258.18
2548 260.509
2552 263.419
2556 263.922
2560 267.253
2564 268.296
2568 270.41
2572 271.456
2576 273.359
2580 276.885
2584 277.938
2588 278.863
2592 282.197
2596 283.619
2600 284.722
2604 287.877
2608 288.426
2612 291.741
2616 292.586
2620 294.134
2624 296.957
2628 299.077
2632 301.019
2636 301.788
2640 305.189
2644 305.601
2648 308.379
2652 310.744
2656 312.419
2660 313.498
2664 314.298
2668 317.123
2672 318.665
2676 320.858
2680 323.361
2684 324.411
2688 326.196
2692 328.798
2696 330.581
2700 332.004
2704 333.835
2708 335.752
2712 336.734
2716 339.52
2720 340.5
2724 342.656
2728 344.156
2732 346.337
2736 348.283
2740 350.246
2744 351.685
2748 353.281
2752 355.596
2756 357.282
2760 357.592
2764 361.583
2768 361.796
2772 363.717
2776 367.256
2780 367.259
2784 371.23
2788 370.592
2792 373.404
2796 373.794
2800 375.243
2804 378.482
2808 379.545
2812 380.999
2816 384.117
2820 384.366
2824 387.983
2828 388.72
2832 390.626
2836 392.195
2840 393.63
2844 395.356
2848 397.679
2852 399.011
2856 401.282
2860 402.975
2864 403.471
2868 405.825
2872 407.628
2876 409.667
2880 409.973
2884 413.605
2888 412.018
2892 418.754
2896 416.836
2900 418.82
2904 422.927
2908 421.005
2912 426.723
2916 424.725
2920 428.237
2924 426.853
2928 427.615
2932 426.086
2936 425.784
2940 424.479
2944 424.525
2948 422.175
2952 423.185
2956 422.372
2960 420.901
2964 419.957
2968 420.798
2972 419.919
2976 418.239
2980 417.537
2984 417.855
2988 416.048
2992 416.034
2996 415.405
3000 414.535
3004 413.989
3008 413.839
3012 413.735
3016 411.403
3020 412.18
3024 410.926
3028 411.411
3032 410.389
3036 409.49
3040 408.501
3044 408.025
3048 408.976
3052 407.78
3056 407.087
3060 406.486
3064 406.113
3068 405.574
3072 405.561
3076 404.384
3080 405.969
3084 403.199
3088 404.702
3092 402.814
3096 403.518
3100 403.265
3104 401.116
3108 402.173
3112 401.533
3116 400.28
3120 401.301
3124 399.829
3128 399.929
3132 399.515
3136 398.766
3140 398.418
3144 398.081
3148 397.707
3152 397.194
3156 396.527
3160 396.261
3164 395.695
3168 395.233
3172 394.741
3176 395.681
3180 395.559
3184 394.863
3188 395.179
3192 394.476
3196 395.675
3200 394.755
3204 396.079
3208 394.801
3212 394.827
3216 393.685
3220 393.82
3224 393.095
3228 392.861
3232 393.87
3236 391.895
3240 392.899
3244 392.183
3248 392.26
3252 391.299
3256 391.006
3260 391.84
3264 389.963
3268 390.636
3272 390.121
3276 389.096
3280 389.325
3284 389.587
3288 389.718
3292 388.47
3296 387.226
3300 389.034
3304 387.447
3308 389.308
3312 388.149
3316 388.724
3320 388.433
3324 388.117
3328 388.243
3332 387.761
3336 388.507
3340 387.944
3344 388.17
3348 388.193
3352 388.134
3356 388.415
3360 388.096
3364 387.82
3368 387.426
3372 387.411
3376 387.307
3380 386.908
3384 387.442
3388 387.535
3392 387.761
3396 387.24
3400 387.212
3404 388.034
3408 387.539
3412 386.939
3416 388.025
3420 387.021
3424 386.785
3428 386.601
3432 387.572
3436 386.757
3440 386.553
3444 387.074
3448 386.985
3452 386.469
3456 387.275
3460 386.898
3464 386.656
3468 386.238
3472 386.749
3476 386.507
3480 387.482
3484 386.771
3488 387.285
3492 386.818
3496 387.075
3500 387.493
3504 387.238
3508 388.093
3512 387.434
3516 387.403
3520 388.043
3524 387.963
3528 387.946
3532 388.098
3536 387.956
3540 388.424
3544 388.195
3548 388.842
3552 388.669
3556 388.771
3560 388.992
3564 389.457
3568 390.507
3572 389.758
3576 390.423
3580 390.223
3584 389.735
3588 390.81
3592 391.032
3596 391.362
3600 391.842
3604 391.22
3608 391.49
3612 392.545
3616 392.141
3620 392.522
3624 393.713
3628 393.41
3632 393.96
3636 394.14
3640 393.973
3644 395.295
3648 395.059
3652 395.124
3656 395.893
3660 395.256
3664 396.69
3668 396.153
3672 396.515
3676 397.846
3680 396.708
3684 397.339
3688 398.347
3692 397.675
3696 398.71
3700 398.838
3704 398.416
3708 399.457
3712 400.375
3716 399.545
3720 400.312
3724 400.869
3728 401.012
3732 401.756
3736 401.745
3740 402.425
3744 401.858
3748 403.055
3752 403.727
3756 403.423
3760 403.496
3764 404.564
3768 404.218
3772 405.662
3776 405.334
3780 405.979
3784 406.248
3788 406.975
3792 407.118
3796 408.08
3800 408.038
3804 407.722
3808 409.492
3812 409.06
3816 409.442
3820 409.96
3824 410.669
3828 410.797
3832 411.073
3836 412.423
3840 411.707
3844 412.261
3848 412.881
3852 412.887
3856 413.513
3860 414.022
3864 413.611
3868 414.807
3872 414.979
3876 415.45
3880 416.238
3884 416.819
3888 418.042
3892 418.03
3896 418.967
3900 418.933
3904 419.604
3908 420.703
3912 420.856
3916 421.89
3920 422.159
3924 422.446
3928 423.104
3932 423.91
3936 424.329
3940 424.772
3944 425.692
3948 426.307
3952 426.731
3956 426.835
3960 428.162
3964 427.375
3968 429.001
3972 428.781
3976 429.869
3980 430.241
3984 430.864
3988 431.225
3992 432.201
3996 433.164
4000 433.379
4004 433.74
4008 434.303
4012 435.182
4016 434.933
4020 435.882
4024 435.705
4028 437.518
4032 437.368
4036 438.846
4040 438.335
4044 439.473
4048 440.075
4052 440.643
4056 441.773
4060 441.545
4064 443.04
4068 443.163
4072 443.776
4076 444.578
4080 444.533
4084 445.501
4088 446.255
4092 447.15
4096 447.404
4100 448.486
4104 449.469
4108 449.151
4112 450.662
4116 451.085
4120 452.177
4124 453.069
4128 453.375
4132 454.531
4136 455.006
4140 455.955
4144 456.521
4148 456.595
4152 457.462
4156 457.96
4160 458.534
4164 459.719
4168 459.447
4172 460.334
4176 460.832
4180 462.047
4184 462.054
4188 463.653
4192 463.489
4196 464.782
4200 464.778
4204 466.787
4208 466.709
4212 468.019
4216 469.22
4220 469.972
4224 470.993
4228 471.887
4232 472.302
4236 473.487
4240 473.768
4244 474.928
4248 475.558
4252 477.058
4256 477.655
4260 478.619
4264 479.277
4268 480.147
4272 480.784
4276 481.623
4280 482.6
4284 483.623
4288 484.727
4292 484.832
4296 486.247
4300 487.235
4304 488.154
4308 489.126
4312 490.624
4316 490.382
4320 492.46
4324 492.981
4328 493.265
4332 494.825
4336 495.827
4340 495.784
4344 497.233
4348 498.35
4352 498.727
4356 499.979
4360 500.783
4364 502.415
4368 502.875
4372 504.04
4376 504.825
4380 505.429
4384 506.597
4388 507.229
4392 508.58
4396 509.394
4400 509.892
4404 511.376
4408 511.45
4412 512.21
4416 513.447
4420 514.754
4424 515.386
4428 516.389
4432 517.491
4436 518.178
4440 519.376
4444 520.378
4448 521.13
4452 522.199
4456 522.808
4460 523.983
4464 524.735
4468 525.986
4472 527.232
4476 528.331
4480 529.368
4484 530.679
4488 531.431
4492 532.569
4496 533.027
4500 534.502
4504 535.95
4508 536.47
4512 538.072
4516 538.945
4520 540.193
4524 541.503
4528 541.86
4532 543.816
4536 544.403
4540 545.763
4544 546.471
4548 547.543
4552 547.836
4556 549.29
4560 550.28
4564 551.49
4568 552.325
4572 553.616
4576 554.846
4580 555.516
4584 557.255
4588 557.559
4592 559.051
4596 559.809
4600 561.273
4604 562.163
4608 562.787
4612 564.328
4616 565.82
4620 566.853
4624 568.267
4628 568.888
4632 570.703
4636 571.154
4640 572.52
4644 573.187
4648 574.679
4652 575.129
4656 576.791
4660 577.708
4664 579.046
4668 579.974
4672 581.048
4676 582.581
4680 583.933
4684 585.253
4688 585.802
4692 587.187
4696 587.449
4700 589.47
4704 589.731
4708 591.037
4712 591.867
4716 593.078
4720 594.34
4724 595.578
4728 596.476
4732 597.375
4736 598.512
4740 599.011
4744 601.291
4748 601.048
4752 603.062
4756 603.677
4760 605.714
4764 606.168
4768 607.028
4772 608.41
4776 608.994
4780 610.621
4784 611.758
4788 612.787
4792 613.958
4796 614.682
4800 616.234
4804 617.247
4808 618.269
4812 619.989
4816 620.663
4820 622.268
4824 622.254
4828 624.488
4832 625.297
4836 626.74
4840 626.965
4844 628.793
4848 629.329
4852 631.23
4856 632.049
4860 633.56
4864 634.072
4868 635.35
4872 636.283
4876 637.893
4880 639.093
4884 640.053
4888 640.969
4892 642.742
4896 643.254
4900 644.742
4904 645.635
4908 647.749
4912 648.547
4916 649.532
4920 650.522
4924 652.535
4928 653.077
4932 655.107
4936 655.818
4940 657.499
4944 659.261
4948 659.681
4952 661.719
4956 662.687
4960 663.619
4964 665.09
4968 665.906
4972 667.1
4976 668.668
4980 670.241
4984 671.506
4988 672.318
4992 673.887
4996 674.933
