20000 7435.9
22380 8215.57
24760 8611.75
27140 8736.64
29520 9703.22
31900 11157.5
34280 12512.8
36660 13533.5
39040 14558.2
41420 15522
43800 15609.5
46180 15854.3
48560 16282.6
50940 17144.3
53320 17874.5
55700 18683.6
58080 19709.4
60460 20749.8
62840 21681.7
65220 22115.4
67600 22454.5
69980 22535.8
72360 22572.7
74740 22498.1
77120 22471.6
79500 22588.4
81880 22834.7
84260 23163.1
86640 23284.1
89020 23483.1
91400 23871.2
93780 24361.7
96160 24708.6
98540 24838
100920 24857.6
103300 24986.4
105680 25026.1
108060 25032
110440 24942.1
112820 24890.8
115200 24765.5
117580 24527.2
119960 24314.7
122340 24085
124720 23926.9
127100 23686.7
129480 23520.6
131860 23540.9
134240 23566.5
136620 23499.8
139000 23520.4
141380 23524.8
143760 23424
146140 23276.3
148520 23147.5
150900 23088.3
153280 22934.4
155660 22806.7
158040 22805.2
160420 22834
162800 22754.1
165180 22657.3
167560 22686.8
169940 22699.9
172320 22731.8
174700 22710.2
177080 22775.3
179460 22931.6
181840 23064.1
184220 23159.6
186600 23238.8
188980 23269
191360 23307.7
193740 23233.3
196120 23133.6
198500 23057.5
200880 23012.7
203260 23007.9
205640 23076.7
208020 23197.6
210400 23324.7
212780 23477.7
215160 23642
217540 23721.1
219920 23770.2
222300 23796.6
224680 23816.1
227060 23889.7
229440 23983.5
231820 24062.5
234200 24123.5
236580 24202.1
238960 24328.3
241340 24491.8
243720 24591.3
246100 24652.5
248480 24759.9
250860 24907
253240 25053.7
255620 25209.2
258000 25347.6
260380 25481
262760 25575.4
265140 25644.7
267520 25726.7
269900 25780.1
272280 25847.6
274660 25889.2
277040 25970.5
279420 26047.4
281800 26136.2
284180 26253.6
286560 26341.1
288940 26420.9
291320 26512.4
293700 26617.9
296080 26696.8
298460 26737.6
300840 26800
303220 26849.4
305600 26910.8
307980 26970.1
310360 26938.6
312740 26872
315120 26792.8
317500 26704.9
319880 26607.6
322260 26546.3
324640 26487.2
327020 26485.6
329400 26514
331780 26533.2
334160 26520.4
336540 26511.2
338920 26533.5
341300 26621.3
343680 26658.5
346060 26654.2
348440 26677
350820 26702.9
353200 26707
355580 26736.3
357960 26791.1
360340 26867.5
362720 26923.1
365100 26973.8
367480 27044.1
369860 27042.4
372240 27012
374620 26959.5
377000 26903.5
379380 26860.1
381760 26819
384140 26764.6
386520 26694.9
388900 26613.9
391280 26527.6
393660 26488.3
396040 26487.1
398420 26509.4
400800 26547.3
403180 26589.5
405560 26665.9
407940 26740.9
410320 26853.3
412700 26923.6
415080 26963.1
417460 26954.1
419840 26965.6
422220 27005.5
424600 27023
426980 27037.8
429360 27041.9
431740 27084.1
434120 27141.9
436500 27176
438880 27214.7
441260 27246.2
443640 27281.4
446020 27349.3
448400 27426.4
450780 27465.1
453160 27500.2
455540 27572.3
457920 27642.5
460300 27697.2
462680 27714.2
465060 27728.2
467440 27745.5
469820 27779.4
472200 27830
474580 27895.7
476960 27987.3
479340 28058.8
481720 28103.8
484100 28157.8
486480 28218.3
488860 28259.1
491240 28308.5
493620 28360
496000 28436.6
498380 28534.4
500760 28615.8
503140 28662
505520 28716.2
507900 28768.1
510280 28799.2
512660 28818.9
515040 28891.1
517420 28965.6
519800 29041
522180 29122.7
524560 29191.9
526940 29259.1
529320 29337.2
531700 29395.5
534080 29402.8
536460 29405.1
538840 29410.3
541220 29410.7
543600 29403.3
545980 29373.6
548360 29369.2
550740 29385.3
553120 29433.6
555500 29511.2
557880 29576.6
560260 29626.2
562640 29688.2
565020 29764.8
567400 29831.4
569780 29901.8
572160 29972
574540 30055
576920 30132.4
579300 30195.3
581680 30256.8
584060 30302.7
586440 30354
588820 30412.2
591200 30479.6
593580 30538.6
595960 30562.8
598340 30610.5
600720 30668.2
603100 30720.1
605480 30760.6
607860 30799.8
610240 30840.5
612620 30884.6
615000 30917.6
617380 30951.2
619760 30971.4
622140 31022.4
624520 31075.6
626900 31116.6
629280 31143.1
631660 31177.5
634040 31189.1
636420 31196.2
638800 31207.6
641180 31228.2
643560 31249.7
645940 31258.3
648320 31274.4
650700 31307.1
653080 31347.4
655460 31384.9
657840 31423.1
660220 31440.9
662600 31455.9
664980 31487.9
667360 31532.2
669740 31612.6
672120 31700.7
674500 31799.7
676880 31895.4
679260 31974.7
681640 32036.1
684020 32064.3
686400 32080.7
688780 32078.1
691160 32065.2
693540 32074.1
695920 32079.7
698300 32074.8
700680 32062.3
703060 32067.4
705440 32074.3
707820 32084.6
710200 32100.3
712580 32122.9
714960 32163.3
717340 32199.9
719720 32211.5
722100 32205.8
724480 32196.7
726860 32204.8
729240 32222.1
731620 32235.5
734000 32257.1
736380 32292.1
738760 32326.1
741140 32354.2
743520 32375.4
745900 32414.4
748280 32462.5
750660 32520.7
753040 32569
755420 32610
757800 32633.2
760180 32662.9
762560 32710
764940 32765.9
767320 32822.3
769700 32872.2
772080 32916.1
774460 32937.9
776840 32965.8
779220 33006.1
781600 33052.2
783980 33127.5
786360 33218.3
788740 33302.9
791120 33365.4
793500 33392.9
795880 33404.1
798260 33416.4
800640 33417.5
803020 33400.2
805400 33381
807780 33383.9
810160 33390.8
812540 33397.8
814920 33414.8
817300 33421.6
819680 33440.6
822060 33451.4
824440 33467.5
826820 33501.8
829200 33526.7
831580 33535.6
833960 33541.9
836340 33544.7
838720 33537.5
841100 33547.9
843480 33573.5
845860 33593.9
848240 33625.2
850620 33663.8
853000 33685
855380 33706.5
857760 33730.3
860140 33784.8
862520 33849.1
864900 33884.5
867280 33926.2
869660 33955.2
872040 33979.1
874420 33998.2
876800 34011.1
879180 34017.5
881560 34044.9
883940 34058.3
886320 34066.5
888700 34064.9
891080 34064.2
893460 34062.6
895840 34053.7
898220 34054.1
900600 34062.3
902980 34063.4
905360 34080
907740 34109.5
910120 34137.8
912500 34162.9
914880 34190.9
917260 34218.3
919640 34255.8
922020 34311.6
924400 34360.5
926780 34387.7
929160 34387.8
931540 34370.6
933920 34359.2
936300 34352.1
938680 34352.1
941060 34349.1
943440 34323.6
945820 34306.9
948200 34296.7
950580 34279.3
952960 34262.6
955340 34255.2
957720 34254.1
960100 34264.3
962480 34266
964860 34249.2
967240 34238.6
969620 34269.5
972000 34307.2
974380 34332.5
976760 34359.8
979140 34386.8
981520 34396.2
983900 34396.1
986280 34386.7
988660 34370.2
991040 34350.4
993420 34334.1
995800 34327.5
998180 34332.3
1.00056e+06 34349.5
1.00294e+06 34366.5
1.00532e+06 34377.9
1.0077e+06 34380.3
1.01008e+06 34374.3
1.01246e+06 34379.9
1.01484e+06 34395.2
1.01722e+06 34415.6
1.0196e+06 34446.1
1.02198e+06 34481.2
1.02436e+06 34505.1
1.02674e+06 34520.2
1.02912e+06 34542.7
1.0315e+06 34579.9
1.03388e+06 34613.7
1.03626e+06 34637.6
1.03864e+06 34658.7
1.04102e+06 34693.7
1.0434e+06 34712.2
1.04578e+06 34719.7
1.04816e+06 34738.1
1.05054e+06 34761.9
1.05292e+06 34778.7
1.0553e+06 34802.4
1.05768e+06 34823
1.06006e+06 34825.9
1.06244e+06 34834.2
1.06482e+06 34816.2
1.0672e+06 34786.3
1.06958e+06 34738
1.07196e+06 34709.2
1.07434e+06 34675.3
1.07672e+06 34642.9
1.0791e+06 34614.3
1.08148e+06 34603.9
1.08386e+06 34591.6
1.08624e+06 34583.3
1.08862e+06 34571.7
1.091e+06 34556.7
1.09338e+06 34536.6
1.09576e+06 34527.1
1.09814e+06 34524.9
1.10052e+06 34549.1
1.1029e+06 34563.7
1.10528e+06 34560.7
1.10766e+06 34565.9
1.11004e+06 34560.8
1.11242e+06 34568.7
1.1148e+06 34573.6
1.11718e+06 34586.6
1.11956e+06 34606.6
1.12194e+06 34611.3
1.12432e+06 34617.9
1.1267e+06 34629.4
1.12908e+06 34653.3
1.13146e+06 34681.3
1.13384e+06 34711.3
1.13622e+06 34753
1.1386e+06 34786.3
1.14098e+06 34813.5
1.14336e+06 34852.2
1.14574e+06 34888.5
1.14812e+06 34916.3
1.1505e+06 34956.2
1.15288e+06 35006
1.15526e+06 35053.4
1.15764e+06 35085
1.16002e+06 35111
1.1624e+06 35139
1.16478e+06 35151.5
1.16716e+06 35167.1
1.16954e+06 35189
1.17192e+06 35213.4
1.1743e+06 35235.8
1.17668e+06 35237.6
1.17906e+06 35220.2
1.18144e+06 35210.7
1.18382e+06 35194.2
1.1862e+06 35177.3
1.18858e+06 35166.4
1.19096e+06 35153.5
1.19334e+06 35142.6
1.19572e+06 35140
1.1981e+06 35133.4
1.20048e+06 35121.9
1.20286e+06 35116.5
1.20524e+06 35122.3
1.20762e+06 35124.8
1.21e+06 35127.9
1.21238e+06 35129.8
1.21476e+06 35126.8
1.21714e+06 35140.1
1.21952e+06 35153.7
1.2219e+06 35160.8
1.22428e+06 35149.2
1.22666e+06 35146.7
1.22904e+06 35154.6
1.23142e+06 35168.9
1.2338e+06 35180
1.23618e+06 35205.4
1.23856e+06 35246.8
1.24094e+06 35277.9
1.24332e+06 35305.4
1.2457e+06 35328.6
1.24808e+06 35359.2
1.25046e+06 35386.3
1.25284e+06 35413.3
1.25522e+06 35439.9
1.2576e+06 35465.3
1.25998e+06 35487.6
1.26236e+06 35513.7
1.26474e+06 35528.7
1.26712e+06 35548.9
1.2695e+06 35575.6
1.27188e+06 35595.5
1.27426e+06 35608.2
1.27664e+06 35622.9
1.27902e+06 35635.4
1.2814e+06 35638.2
1.28378e+06 35644.3
1.28616e+06 35644.7
1.28854e+06 35641.3
1.29092e+06 35649.3
1.2933e+06 35654.1
1.29568e+06 35656.7
1.29806e+06 35658.8
1.30044e+06 35653.7
1.30282e+06 35648.9
1.3052e+06 35642.1
1.30758e+06 35634.8
1.30996e+06 35638.3
1.31234e+06 35644.6
1.31472e+06 35644.1
1.3171e+06 35647.9
1.31948e+06 35640.7
1.32186e+06 35634.1
1.32424e+06 35628.2
1.32662e+06 35613.2
1.329e+06 35609.6
1.33138e+06 35603.7
1.33376e+06 35603.3
1.33614e+06 35608.7
1.33852e+06 35630.1
1.3409e+06 35650.4
1.34328e+06 35681.1
1.34566e+06 35714
1.34804e+06 35755.7
1.35042e+06 35816.2
1.3528e+06 35876.6
1.35518e+06 35935.2
1.35756e+06 35997
1.35994e+06 36043.7
1.36232e+06 36076.1
1.3647e+06 36105
1.36708e+06 36135.9
1.36946e+06 36154
1.37184e+06 36173.7
1.37422e+06 36206.3
1.3766e+06 36237.9
1.37898e+06 36276.4
1.38136e+06 36311
1.38374e+06 36344.1
1.38612e+06 36385.4
1.3885e+06 36422.9
1.39088e+06 36452.2
1.39326e+06 36472
1.39564e+06 36480.3
1.39802e+06 36489.1
1.4004e+06 36497
1.40278e+06 36495.1
1.40516e+06 36510.8
1.40754e+06 36508.1
1.40992e+06 36490.3
1.4123e+06 36480.2
1.41468e+06 36453.2
1.41706e+06 36431
1.41944e+06 36412.1
1.42182e+06 36404.6
1.4242e+06 36408.8
1.42658e+06 36402.2
1.42896e+06 36400.5
1.43134e+06 36405.1
1.43372e+06 36419.5
1.4361e+06 36432.8
1.43848e+06 36460.5
1.44086e+06 36504.9
1.44324e+06 36534.2
1.44562e+06 36556.5
1.448e+06 36569.3
1.45038e+06 36585.8
1.45276e+06 36608.4
1.45514e+06 36626.3
1.45752e+06 36642.9
1.4599e+06 36664.3
1.46228e+06 36694.9
1.46466e+06 36724.9
1.46704e+06 36749.7
1.46942e+06 36781
1.4718e+06 36799.3
1.47418e+06 36806.5
1.47656e+06 36804.6
1.47894e+06 36801.8
1.48132e+06 36795.5
1.4837e+06 36791.4
1.48608e+06 36782.1
1.48846e+06 36777.6
1.49084e+06 36782.3
1.49322e+06 36789.1
1.4956e+06 36799.8
1.49798e+06 36819.4
1.50036e+06 36846.4
1.50274e+06 36866.4
1.50512e+06 36879.5
1.5075e+06 36880.9
1.50988e+06 36882.1
1.51226e+06 36892.9
1.51464e+06 36902.6
1.51702e+06 36916.8
1.5194e+06 36926.9
1.52178e+06 36950.4
1.52416e+06 36974.6
1.52654e+06 36998
1.52892e+06 37023.5
1.5313e+06 37044.5
1.53368e+06 37076.2
1.53606e+06 37099.5
1.53844e+06 37113.6
1.54082e+06 37120.8
1.5432e+06 37131.6
1.54558e+06 37151.1
1.54796e+06 37161.2
1.55034e+06 37157.1
1.55272e+06 37147.1
1.5551e+06 37143.6
1.55748e+06 37140.4
1.55986e+06 37145.4
1.56224e+06 37148.4
1.56462e+06 37161.4
1.567e+06 37161.2
1.56938e+06 37159.1
1.57176e+06 37139.8
1.57414e+06 37113.3
1.57652e+06 37080.3
1.5789e+06 37044.4
1.58128e+06 37000.6
1.58366e+06 36960
1.58604e+06 36918.3
1.58842e+06 36866.9
1.5908e+06 36818
1.59318e+06 36776.9
1.59556e+06 36749.5
1.59794e+06 36740
1.60032e+06 36734.8
1.6027e+06 36729.7
1.60508e+06 36720.3
1.60746e+06 36715.2
1.60984e+06 36715.5
1.61222e+06 36712.4
1.6146e+06 36715.1
1.61698e+06 36724.6
1.61936e+06 36726
1.62174e+06 36718.3
1.62412e+06 36715.5
1.6265e+06 36715.7
1.62888e+06 36719.4
1.63126e+06 36715.7
1.63364e+06 36723.4
1.63602e+06 36744.1
1.6384e+06 36764.1
1.64078e+06 36781.9
1.64316e+06 36797.3
1.64554e+06 36814.2
1.64792e+06 36837.2
1.6503e+06 36859
1.65268e+06 36881.6
1.65506e+06 36896.3
1.65744e+06 36910.3
1.65982e+06 36922.5
1.6622e+06 36943.3
1.66458e+06 36966.5
1.66696e+06 36989.5
1.66934e+06 37012.4
1.67172e+06 37034.1
1.6741e+06 37047.2
1.67648e+06 37057.6
1.67886e+06 37066.9
1.68124e+06 37070
1.68362e+06 37077.2
1.686e+06 37086.7
1.68838e+06 37102.4
1.69076e+06 37122.5
1.69314e+06 37137
1.69552e+06 37149.2
1.6979e+06 37160.7
1.70028e+06 37166.8
1.70266e+06 37163.4
1.70504e+06 37162.2
1.70742e+06 37157.4
1.7098e+06 37158.4
1.71218e+06 37162.7
1.71456e+06 37166.3
1.71694e+06 37160.7
1.71932e+06 37162.7
1.7217e+06 37171.7
1.72408e+06 37174.4
1.72646e+06 37174.2
1.72884e+06 37156.9
1.73122e+06 37153.4
1.7336e+06 37150.8
1.73598e+06 37153.4
1.73836e+06 37159.2
1.74074e+06 37160
1.74312e+06 37156
1.7455e+06 37155.7
1.74788e+06 37166.2
1.75026e+06 37182.6
1.75264e+06 37191
1.75502e+06 37193.3
1.7574e+06 37191
1.75978e+06 37175.7
1.76216e+06 37165.6
1.76454e+06 37152
1.76692e+06 37137
1.7693e+06 37118.1
1.77168e+06 37115.5
1.77406e+06 37115.2
1.77644e+06 37118.6
1.77882e+06 37127
1.7812e+06 37138.8
1.78358e+06 37154.3
1.78596e+06 37171.1
1.78834e+06 37192.5
1.79072e+06 37209.1
1.7931e+06 37222.2
1.79548e+06 37232.8
1.79786e+06 37247.8
1.80024e+06 37259.3
1.80262e+06 37264.1
1.805e+06 37272.2
1.80738e+06 37286.8
1.80976e+06 37307.5
1.81214e+06 37324.1
1.81452e+06 37339
1.8169e+06 37348.9
1.81928e+06 37356.2
1.82166e+06 37376.8
1.82404e+06 37393.1
1.82642e+06 37398.3
1.8288e+06 37392.4
1.83118e+06 37378.1
1.83356e+06 37369
1.83594e+06 37355.1
1.83832e+06 37355.1
1.8407e+06 37372.1
1.84308e+06 37385
1.84546e+06 37390.8
1.84784e+06 37400.9
1.85022e+06 37408.8
1.8526e+06 37424
1.85498e+06 37438.9
1.85736e+06 37456
1.85974e+06 37480.4
1.86212e+06 37494.9
1.8645e+06 37494.2
1.86688e+06 37482.2
1.86926e+06 37462.5
1.87164e+06 37439.3
1.87402e+06 37422.6
1.8764e+06 37412.9
1.87878e+06 37401.5
1.88116e+06 37391
1.88354e+06 37375.3
1.88592e+06 37353.3
1.8883e+06 37328.4
1.89068e+06 37295.5
1.89306e+06 37261.2
1.89544e+06 37241.9
1.89782e+06 37232.8
1.9002e+06 37231.1
1.90258e+06 37236.3
1.90496e+06 37236.3
1.90734e+06 37233.1
1.90972e+06 37242
1.9121e+06 37252.2
1.91448e+06 37258.4
1.91686e+06 37264
1.91924e+06 37263.8
1.92162e+06 37267.5
1.924e+06 37275.9
1.92638e+06 37281
1.92876e+06 37290.2
1.93114e+06 37293.1
1.93352e+06 37289.3
1.9359e+06 37290.7
1.93828e+06 37295
1.94066e+06 37303.2
1.94304e+06 37310.8
1.94542e+06 37317.2
1.9478e+06 37326.2
1.95018e+06 37341.3
1.95256e+06 37360
1.95494e+06 37374.6
1.95732e+06 37380.9
1.9597e+06 37377
1.96208e+06 37379.6
1.96446e+06 37382.6
1.96684e+06 37375.5
1.96922e+06 37368.5
1.9716e+06 37363.1
1.97398e+06 37362.1
1.97636e+06 37359.7
1.97874e+06 37359.4
1.98112e+06 37366.1
1.9835e+06 37375.2
1.98588e+06 37374.8
1.98826e+06 37375.6
1.99064e+06 37379.5
1.99302e+06 37389.2
1.9954e+06 37406.1
1.99778e+06 37420.1
2.00016e+06 37433.5
2.00254e+06 37448.3
2.00492e+06 37461.8
2.0073e+06 37467.8
2.00968e+06 37467.2
2.01206e+06 37472.4
2.01444e+06 37486.8
2.01682e+06 37496.2
2.0192e+06 37500.9
2.02158e+06 37500.9
2.02396e+06 37498.9
2.02634e+06 37504.2
2.02872e+06 37508.3
2.0311e+06 37507.8
2.03348e+06 37507.4
2.03586e+06 37498.8
2.03824e+06 37495.5
2.04062e+06 37493.8
2.043e+06 37491.4
2.04538e+06 37485.5
2.04776e+06 37470.7
2.05014e+06 37459.1
2.05252e+06 37463.9
2.0549e+06 37475.9
2.05728e+06 37485.9
2.05966e+06 37488.7
2.06204e+06 37510.8
2.06442e+06 37537.3
2.0668e+06 37563.5
2.06918e+06 37584.2
2.07156e+06 37598.2
2.07394e+06 37599.4
2.07632e+06 37598.6
2.0787e+06 37604.5
2.08108e+06 37605.6
2.08346e+06 37605
2.08584e+06 37614.3
2.08822e+06 37618.1
2.0906e+06 37623
2.09298e+06 37623.2
2.09536e+06 37627.8
2.09774e+06 37639.8
2.10012e+06 37660
2.1025e+06 37682.5
2.10488e+06 37707.3
2.10726e+06 37724.8
2.10964e+06 37741.7
2.11202e+06 37754.6
2.1144e+06 37764.2
2.11678e+06 37767.5
2.11916e+06 37771.7
2.12154e+06 37780.2
2.12392e+06 37788.8
2.1263e+06 37807.8
2.12868e+06 37824.8
2.13106e+06 37831.5
2.13344e+06 37830.9
2.13582e+06 37832.9
2.1382e+06 37829.7
2.14058e+06 37827.7
2.14296e+06 37827.9
2.14534e+06 37824.8
2.14772e+06 37822.2
2.1501e+06 37820.2
2.15248e+06 37817.9
2.15486e+06 37811.2
2.15724e+06 37813.3
2.15962e+06 37814.3
2.162e+06 37815.6
2.16438e+06 37820.2
2.16676e+06 37824.6
2.16914e+06 37820.8
2.17152e+06 37813
2.1739e+06 37805.2
2.17628e+06 37798.1
2.17866e+06 37788.9
2.18104e+06 37788.7
2.18342e+06 37786.2
2.1858e+06 37779.9
2.18818e+06 37776.3
2.19056e+06 37771.7
2.19294e+06 37769.3
2.19532e+06 37765.6
2.1977e+06 37758.1
2.20008e+06 37759.6
2.20246e+06 37755.9
2.20484e+06 37748.4
2.20722e+06 37739.8
2.2096e+06 37730.5
2.21198e+06 37723.2
2.21436e+06 37716.4
2.21674e+06 37706.6
2.21912e+06 37701.8
2.2215e+06 37690.6
2.22388e+06 37686.7
2.22626e+06 37687.3
2.22864e+06 37692.5
2.23102e+06 37694.3
2.2334e+06 37689.5
2.23578e+06 37685.1
2.23816e+06 37680
2.24054e+06 37672.7
2.24292e+06 37673
2.2453e+06 37666.5
2.24768e+06 37660.8
2.25006e+06 37665.4
2.25244e+06 37670.2
2.25482e+06 37672.6
2.2572e+06 37675.7
2.25958e+06 37679.6
2.26196e+06 37689.9
2.26434e+06 37692.5
2.26672e+06 37688.8
2.2691e+06 37676.7
2.27148e+06 37662.1
2.27386e+06 37642.1
2.27624e+06 37626.7
2.27862e+06 37615
2.281e+06 37607.1
2.28338e+06 37607.4
2.28576e+06 37614.7
2.28814e+06 37613.3
2.29052e+06 37614.7
2.2929e+06 37619.8
2.29528e+06 37627.5
2.29766e+06 37636.8
2.30004e+06 37648.9
2.30242e+06 37657.3
2.3048e+06 37657.4
2.30718e+06 37657
2.30956e+06 37656.8
2.31194e+06 37649.2
2.31432e+06 37638.8
2.3167e+06 37630
2.31908e+06 37621.9
2.32146e+06 37617.3
2.32384e+06 37616.6
2.32622e+06 37624.3
2.3286e+06 37636.1
2.33098e+06 37645.3
2.33336e+06 37652.3
2.33574e+06 37657
2.33812e+06 37660.2
2.3405e+06 37653.3
2.34288e+06 37639.3
2.34526e+06 37625.3
2.34764e+06 37609.4
2.35002e+06 37595
2.3524e+06 37584.4
2.35478e+06 37578.6
2.35716e+06 37577.2
2.35954e+06 37581.8
2.36192e+06 37594
2.3643e+06 37608.5
2.36668e+06 37626.4
2.36906e+06 37650.4
2.37144e+06 37678.4
2.37382e+06 37701.8
2.3762e+06 37713.1
2.37858e+06 37722.5
2.38096e+06 37735.7
2.38334e+06 37751.1
2.38572e+06 37764.2
2.3881e+06 37775.6
2.39048e+06 37784.3
2.39286e+06 37794
2.39524e+06 37810
2.39762e+06 37819
