2e+06 26043.8
2.003e+06 27437.7
2.006e+06 28682
2.009e+06 29097.6
2.012e+06 28800.8
2.015e+06 29649.3
2.018e+06 30689.6
2.021e+06 32392.3
2.024e+06 33037.6
2.027e+06 33786.9
2.03e+06 34309.8
2.033e+06 34439.4
2.036e+06 35079.4
2.039e+06 35994.5
2.042e+06 36289.3
2.045e+06 36554.5
2.048e+06 37042.8
2.051e+06 37220.3
2.054e+06 37392.5
2.057e+06 37404
2.06e+06 37493.3
2.063e+06 37521.5
2.066e+06 37479.8
2.069e+06 37186.6
2.072e+06 36952.4
2.075e+06 36803.4
2.078e+06 36631
2.081e+06 36424.5
2.084e+06 36129.1
2.087e+06 35964
2.09e+06 36041.8
2.093e+06 36186.1
2.096e+06 36363.6
2.099e+06 36737.9
2.102e+06 37018.2
2.105e+06 37222.2
2.108e+06 37422.3
2.111e+06 37764
2.114e+06 38030.6
2.117e+06 38298.9
2.12e+06 38158.4
2.123e+06 38118
2.126e+06 37949.4
2.129e+06 37750.5
2.132e+06 37515.6
2.135e+06 37317.2
2.138e+06 37187.7
2.141e+06 37119.7
2.144e+06 37085.1
2.147e+06 36943.4
2.15e+06 36788.5
2.153e+06 36583.9
2.156e+06 36555.5
2.159e+06 36646.5
2.162e+06 36786.5
2.165e+06 36829.7
2.168e+06 36801.8
2.171e+06 36812.8
2.174e+06 36978.7
2.177e+06 37163.6
2.18e+06 37345.5
2.183e+06 37377.9
2.186e+06 37309.1
2.189e+06 37429
2.192e+06 37540.1
2.195e+06 37605.9
2.198e+06 37656
2.201e+06 37568.2
2.204e+06 37416.4
2.207e+06 37236.4
2.21e+06 37064.4
2.213e+06 36962.6
2.216e+06 36855.4
2.219e+06 36723.9
2.222e+06 36652.8
2.225e+06 36588.7
2.228e+06 36594.3
2.231e+06 36646.8
2.234e+06 36710.1
2.237e+06 36709.3
2.24e+06 36818.9
2.243e+06 36894.2
2.246e+06 37037.5
2.249e+06 37227.3
2.252e+06 37330.6
2.255e+06 37380.1
2.258e+06 37429.1
2.261e+06 37424.6
2.264e+06 37465.8
2.267e+06 37478.8
2.27e+06 37479.4
2.273e+06 37465
2.276e+06 37426.2
2.279e+06 37387
2.282e+06 37445.5
2.285e+06 37590.3
2.288e+06 37787.9
2.291e+06 37923.6
2.294e+06 38019.8
2.297e+06 38083.6
2.3e+06 38077.5
2.303e+06 38047.5
2.306e+06 38041
2.309e+06 38027.5
2.312e+06 38123.6
2.315e+06 38232.1
2.318e+06 38332.5
2.321e+06 38352.4
2.324e+06 38396.1
2.327e+06 38495
2.33e+06 38564.3
2.333e+06 38665.4
2.336e+06 38772.4
2.339e+06 38813.6
2.342e+06 38740.7
2.345e+06 38622.3
2.348e+06 38498.2
2.351e+06 38343.8
2.354e+06 38241.3
2.357e+06 38155.5
2.36e+06 38037.5
2.363e+06 37774.9
2.366e+06 37456.6
2.369e+06 37190.7
2.372e+06 37018.8
2.375e+06 36964.1
2.378e+06 36925.2
2.381e+06 36827
2.384e+06 36727.8
2.387e+06 36609.4
2.39e+06 36541.5
2.393e+06 36521
2.396e+06 36430.6
2.399e+06 36331.4
2.402e+06 36221.1
2.405e+06 36133.5
2.408e+06 36126.1
2.411e+06 36142.6
2.414e+06 36169
2.417e+06 36247.9
2.42e+06 36291.9
2.423e+06 36320.7
2.426e+06 36347.2
2.429e+06 36379.4
2.432e+06 36416.8
2.435e+06 36467.8
2.438e+06 36488.9
2.441e+06 36451.8
2.444e+06 36355.9
2.447e+06 36247.3
2.45e+06 36162.3
2.453e+06 36130.1
2.456e+06 36083.4
2.459e+06 36047.6
2.462e+06 36083.8
2.465e+06 36167.3
2.468e+06 36260.7
2.471e+06 36375.5
2.474e+06 36438
2.477e+06 36440.4
2.48e+06 36379
2.483e+06 36309.5
2.486e+06 36218.3
2.489e+06 36133
2.492e+06 36053
2.495e+06 35978.8
2.498e+06 35910.9
2.501e+06 35837.1
2.504e+06 35777.8
2.507e+06 35746.4
2.51e+06 35702.8
2.513e+06 35675.4
2.516e+06 35647.5
2.519e+06 35610.3
2.522e+06 35595.1
2.525e+06 35604
2.528e+06 35641.2
2.531e+06 35680.9
2.534e+06 35656.3
2.537e+06 35600.5
2.54e+06 35567.1
2.543e+06 35523.3
2.546e+06 35543.5
2.549e+06 35570.4
2.552e+06 35579.5
2.555e+06 35622.3
2.558e+06 35696.1
2.561e+06 35751.7
2.564e+06 35794.3
2.567e+06 35841.3
2.57e+06 35898.2
2.573e+06 35942.2
2.576e+06 35970.8
2.579e+06 35998.9
2.582e+06 36029
2.585e+06 36028.5
2.588e+06 35998.2
2.591e+06 35932.5
2.594e+06 35854.5
2.597e+06 35792.7
2.6e+06 35704.3
2.603e+06 35656.7
2.606e+06 35663.6
2.609e+06 35701.4
2.612e+06 35726.2
2.615e+06 35735.7
2.618e+06 35765.7
2.621e+06 35798.4
2.624e+06 35847.4
2.627e+06 35878.9
2.63e+06 35900.6
2.633e+06 35917.2
2.636e+06 35905.2
2.639e+06 35841.1
2.642e+06 35792.7
2.645e+06 35777.5
2.648e+06 35751
2.651e+06 35716.9
2.654e+06 35697.2
2.657e+06 35669.1
2.66e+06 35653.2
2.663e+06 35709.4
2.666e+06 35790.8
2.669e+06 35846.7
2.672e+06 35866.2
2.675e+06 35907.6
2.678e+06 35923.8
2.681e+06 35891.6
2.684e+06 35858.9
2.687e+06 35834.7
2.69e+06 35804
2.693e+06 35769.6
2.696e+06 35764.2
2.699e+06 35744.7
2.702e+06 35766.4
2.705e+06 35776.9
2.708e+06 35800.2
2.711e+06 35812.8
2.714e+06 35789.6
2.717e+06 35721.4
2.72e+06 35662.5
2.723e+06 35644
2.726e+06 35640.3
2.729e+06 35647.4
2.732e+06 35624.7
2.735e+06 35590.6
2.738e+06 35526.2
2.741e+06 35446.1
2.744e+06 35385.1
2.747e+06 35286.5
2.75e+06 35221.8
2.753e+06 35184.5
2.756e+06 35160.2
2.759e+06 35185.2
2.762e+06 35239.1
2.765e+06 35301.5
2.768e+06 35340.6
2.771e+06 35398.7
2.774e+06 35444.4
2.777e+06 35455
2.78e+06 35451.1
2.783e+06 35434.1
2.786e+06 35390.2
2.789e+06 35336.8
2.792e+06 35297
2.795e+06 35263
2.798e+06 35256.9
2.801e+06 35257.7
2.804e+06 35246.3
2.807e+06 35252.2
2.81e+06 35249.8
2.813e+06 35252.3
2.816e+06 35258.1
2.819e+06 35270.2
2.822e+06 35303.1
2.825e+06 35327.8
2.828e+06 35374.2
2.831e+06 35427.5
2.834e+06 35469.2
2.837e+06 35479.1
2.84e+06 35478.7
2.843e+06 35487.3
2.846e+06 35470.3
2.849e+06 35447.7
2.852e+06 35407.8
2.855e+06 35314.4
2.858e+06 35240.2
2.861e+06 35181.1
2.864e+06 35131.2
2.867e+06 35079.8
2.87e+06 35011.2
2.873e+06 34960.8
2.876e+06 34935.3
2.879e+06 34873.1
2.882e+06 34844.8
2.885e+06 34839.7
2.888e+06 34822.9
2.891e+06 34821.8
2.894e+06 34823.5
2.897e+06 34810.4
2.9e+06 34777.9
2.903e+06 34753.8
2.906e+06 34730.3
2.909e+06 34712.2
2.912e+06 34696.9
2.915e+06 34694.7
2.918e+06 34693.1
2.921e+06 34713.6
2.924e+06 34745.6
2.927e+06 34774.2
2.93e+06 34807.1
2.933e+06 34821.5
2.936e+06 34829.1
2.939e+06 34834.7
2.942e+06 34843.2
2.945e+06 34841.4
2.948e+06 34828.2
2.951e+06 34843.2
2.954e+06 34838.6
2.957e+06 34837.3
2.96e+06 34840.6
2.963e+06 34846
2.966e+06 34857.5
2.969e+06 34876.2
2.972e+06 34892.3
2.975e+06 34916.1
2.978e+06 34913.9
2.981e+06 34904.7
2.984e+06 34899.1
2.987e+06 34885.3
2.99e+06 34862.8
2.993e+06 34837.7
2.996e+06 34803.3
2.999e+06 34739.9
3.002e+06 34676.5
3.005e+06 34621.5
3.008e+06 34564.8
3.011e+06 34502.9
3.014e+06 34444.5
3.017e+06 34379.2
3.02e+06 34313.2
3.023e+06 34251.9
3.026e+06 34202.9
3.029e+06 34164
3.032e+06 34141.3
3.035e+06 34132
3.038e+06 34153.3
3.041e+06 34179.5
3.044e+06 34205.3
3.047e+06 34240.9
3.05e+06 34289
3.053e+06 34332.8
3.056e+06 34370.9
3.059e+06 34391.2
3.062e+06 34393
3.065e+06 34380.3
3.068e+06 34367.2
3.071e+06 34350.4
3.074e+06 34347.1
3.077e+06 34349.6
3.08e+06 34349.4
3.083e+06 34361.1
3.086e+06 34380.4
3.089e+06 34434.3
3.092e+06 34475.2
3.095e+06 34516.6
3.098e+06 34574.5
3.101e+06 34633.1
3.104e+06 34680.9
3.107e+06 34707.5
3.11e+06 34711.4
3.113e+06 34713.8
3.116e+06 34730.1
3.119e+06 34772.5
3.122e+06 34810.5
3.125e+06 34837.6
3.128e+06 34847.8
3.131e+06 34841.8
3.134e+06 34841.4
3.137e+06 34848.6
3.14e+06 34841.5
3.143e+06 34838.1
3.146e+06 34825
3.149e+06 34816.1
3.152e+06 34823.1
3.155e+06 34837.7
3.158e+06 34837.3
3.161e+06 34844.1
3.164e+06 34838.8
3.167e+06 34840.7
3.17e+06 34844.8
3.173e+06 34837.2
3.176e+06 34830.3
3.179e+06 34813.8
3.182e+06 34814.2
3.185e+06 34825.6
3.188e+06 34833
3.191e+06 34810.3
3.194e+06 34798.2
3.197e+06 34792.3
3.2e+06 34785.4
3.203e+06 34768
3.206e+06 34762.9
3.209e+06 34764.2
3.212e+06 34774.1
3.215e+06 34781.9
3.218e+06 34776.1
3.221e+06 34775.3
3.224e+06 34779.2
3.227e+06 34762.8
3.23e+06 34731.9
3.233e+06 34715.6
3.236e+06 34738.2
3.239e+06 34741.4
3.242e+06 34756.6
3.245e+06 34757.8
3.248e+06 34753.8
3.251e+06 34767.2
3.254e+06 34797.3
3.257e+06 34835.4
3.26e+06 34872.5
3.263e+06 34910.1
3.266e+06 34932.4
3.269e+06 34968.6
3.272e+06 35007.8
3.275e+06 35052.1
3.278e+06 35073.8
3.281e+06 35086.1
3.284e+06 35094.5
3.287e+06 35114.2
3.29e+06 35136.6
3.293e+06 35169.2
3.296e+06 35200.2
3.299e+06 35221.5
3.302e+06 35244.7
3.305e+06 35264.6
3.308e+06 35276.5
3.311e+06 35293.8
3.314e+06 35318.3
3.317e+06 35333.6
3.32e+06 35338.3
3.323e+06 35349.3
3.326e+06 35355.3
3.329e+06 35359.7
3.332e+06 35355.5
3.335e+06 35340.7
3.338e+06 35318.4
3.341e+06 35298.6
3.344e+06 35314.1
3.347e+06 35331.5
3.35e+06 35344.6
3.353e+06 35350.7
3.356e+06 35362.9
3.359e+06 35387
3.362e+06 35421.1
3.365e+06 35448.5
3.368e+06 35473.3
3.371e+06 35486.6
3.374e+06 35502.8
3.377e+06 35516.3
3.38e+06 35541.1
3.383e+06 35590.6
3.386e+06 35615.9
3.389e+06 35629.2
3.392e+06 35659
3.395e+06 35680.8
3.398e+06 35694
3.401e+06 35710.9
3.404e+06 35726.6
3.407e+06 35732.5
3.41e+06 35760.3
3.413e+06 35797.8
3.416e+06 35831.5
3.419e+06 35852.2
3.422e+06 35870.9
3.425e+06 35881.3
3.428e+06 35874.4
3.431e+06 35859.1
3.434e+06 35841.6
3.437e+06 35831.4
3.44e+06 35821.8
3.443e+06 35836.1
3.446e+06 35837.1
3.449e+06 35838.1
3.452e+06 35853
3.455e+06 35867.1
3.458e+06 35873.3
3.461e+06 35882.9
3.464e+06 35877
3.467e+06 35851.7
3.47e+06 35833.3
3.473e+06 35821.9
3.476e+06 35811.5
3.479e+06 35791.5
3.482e+06 35764.9
3.485e+06 35745.1
3.488e+06 35730.7
3.491e+06 35739.3
3.494e+06 35741.9
3.497e+06 35738.3
3.5e+06 35721.1
3.503e+06 35694.3
3.506e+06 35669.9
3.509e+06 35645.8
3.512e+06 35632.6
3.515e+06 35612.9
3.518e+06 35577.8
3.521e+06 35533.1
3.524e+06 35490.3
3.527e+06 35450.1
3.53e+06 35411.1
3.533e+06 35362.5
3.536e+06 35315.3
3.539e+06 35274.7
3.542e+06 35238.8
3.545e+06 35215.7
3.548e+06 35197.5
3.551e+06 35186.1
3.554e+06 35176.2
3.557e+06 35153.6
3.56e+06 35124.7
3.563e+06 35077.2
3.566e+06 35016.9
3.569e+06 34967
3.572e+06 34926
3.575e+06 34897.3
3.578e+06 34875.1
3.581e+06 34875.5
3.584e+06 34881.7
3.587e+06 34878.7
3.59e+06 34865.2
3.593e+06 34857.3
3.596e+06 34855.3
3.599e+06 34855.4
3.602e+06 34854.9
3.605e+06 34858.8
3.608e+06 34878.6
3.611e+06 34904.1
3.614e+06 34937.7
3.617e+06 34956.9
3.62e+06 34965.4
3.623e+06 34972.2
3.626e+06 34980.9
3.629e+06 34982.5
3.632e+06 34985.6
3.635e+06 34995.9
3.638e+06 35001.4
3.641e+06 35011.9
3.644e+06 35020.2
3.647e+06 35027.4
3.65e+06 35021.1
3.653e+06 35025.1
3.656e+06 35023.6
3.659e+06 35007.6
3.662e+06 34977.3
3.665e+06 34938.4
3.668e+06 34904.6
3.671e+06 34889.2
3.674e+06 34881.6
3.677e+06 34887.4
3.68e+06 34880.7
3.683e+06 34863.2
3.686e+06 34855.4
3.689e+06 34845.7
3.692e+06 34834.5
3.695e+06 34841.5
3.698e+06 34853.4
3.701e+06 34867.2
3.704e+06 34882.3
3.707e+06 34890.7
3.71e+06 34885
3.713e+06 34872.9
3.716e+06 34868.2
3.719e+06 34878.1
3.722e+06 34868.2
3.725e+06 34846.6
3.728e+06 34821.6
3.731e+06 34788.1
3.734e+06 34760.2
3.737e+06 34734.3
3.74e+06 34710.8
3.743e+06 34691.6
3.746e+06 34670.1
3.749e+06 34674.5
3.752e+06 34686.5
3.755e+06 34701.6
3.758e+06 34717
3.761e+06 34726.3
3.764e+06 34727.1
3.767e+06 34721.7
3.77e+06 34714
3.773e+06 34723.4
3.776e+06 34733.8
3.779e+06 34732.9
3.782e+06 34715.2
3.785e+06 34686
3.788e+06 34657.9
3.791e+06 34632.1
3.794e+06 34613.5
3.797e+06 34599.8
3.8e+06 34584.6
3.803e+06 34562.1
3.806e+06 34535.6
3.809e+06 34510.4
3.812e+06 34492.7
3.815e+06 34475.3
3.818e+06 34467.3
3.821e+06 34464.3
3.824e+06 34473.3
3.827e+06 34470.8
3.83e+06 34458.3
3.833e+06 34437.3
3.836e+06 34416.6
3.839e+06 34406.5
3.842e+06 34405.7
3.845e+06 34398.7
3.848e+06 34383.2
3.851e+06 34365.1
3.854e+06 34348.2
3.857e+06 34338.4
3.86e+06 34320
3.863e+06 34307.3
3.866e+06 34298.3
3.869e+06 34308
3.872e+06 34309.3
3.875e+06 34308.6
3.878e+06 34310.7
3.881e+06 34318.8
3.884e+06 34324.6
3.887e+06 34326
3.89e+06 34325.2
3.893e+06 34316.9
3.896e+06 34292.7
3.899e+06 34273.4
3.902e+06 34262.2
3.905e+06 34255.2
3.908e+06 34262.6
3.911e+06 34281.9
3.914e+06 34303.5
3.917e+06 34320.1
3.92e+06 34325.9
3.923e+06 34326.9
3.926e+06 34323
3.929e+06 34321
3.932e+06 34328.6
3.935e+06 34331.1
3.938e+06 34338.9
3.941e+06 34348.8
3.944e+06 34365.6
3.947e+06 34385.5
3.95e+06 34416.2
3.953e+06 34445.8
3.956e+06 34457
3.959e+06 34472.8
3.962e+06 34484
3.965e+06 34499.1
3.968e+06 34518.3
3.971e+06 34529.7
3.974e+06 34538.3
3.977e+06 34553.1
3.98e+06 34564.1
3.983e+06 34562.9
3.986e+06 34555.9
3.989e+06 34554
3.992e+06 34552.2
3.995e+06 34543.5
3.998e+06 34545.8
4.001e+06 34542.3
4.004e+06 34538.4
4.007e+06 34532.6
4.01e+06 34528.7
4.013e+06 34538.6
4.016e+06 34547.5
4.019e+06 34548.3
4.022e+06 34541.1
4.025e+06 34523.7
4.028e+06 34509.4
4.031e+06 34489
4.034e+06 34475.8
4.037e+06 34471.6
4.04e+06 34471.8
4.043e+06 34474.4
4.046e+06 34466.5
4.049e+06 34453.6
4.052e+06 34444.8
4.055e+06 34446.7
4.058e+06 34437.6
4.061e+06 34429
4.064e+06 34418.6
4.067e+06 34397.8
4.07e+06 34380
4.073e+06 34363.3
4.076e+06 34357.2
4.079e+06 34369.7
4.082e+06 34383.8
4.085e+06 34386.3
4.088e+06 34387
4.091e+06 34390.9
4.094e+06 34398.4
4.097e+06 34404.9
4.1e+06 34412
4.103e+06 34412.9
4.106e+06 34410
4.109e+06 34390
4.112e+06 34372.8
4.115e+06 34366.6
4.118e+06 34371.3
4.121e+06 34384.6
4.124e+06 34400.8
4.127e+06 34408.3
4.13e+06 34419.5
4.133e+06 34429.2
4.136e+06 34436.9
4.139e+06 34444.6
4.142e+06 34450.2
4.145e+06 34451.8
4.148e+06 34449.7
4.151e+06 34443.8
4.154e+06 34424
4.157e+06 34407.4
4.16e+06 34400.2
4.163e+06 34398.2
4.166e+06 34401.8
4.169e+06 34408.1
4.172e+06 34420.7
4.175e+06 34429.3
4.178e+06 34442.1
4.181e+06 34441.3
4.184e+06 34426.9
4.187e+06 34415.1
4.19e+06 34388.8
4.193e+06 34359
4.196e+06 34333.8
4.199e+06 34328.1
4.202e+06 34319.4
4.205e+06 34305.8
4.208e+06 34298.3
4.211e+06 34294
4.214e+06 34289.1
4.217e+06 34279.6
4.22e+06 34284
4.223e+06 34286.6
4.226e+06 34287.5
4.229e+06 34291.7
4.232e+06 34283
4.235e+06 34269.9
4.238e+06 34252.1
4.241e+06 34239.4
4.244e+06 34233.2
4.247e+06 34229
4.25e+06 34221
4.253e+06 34214.4
4.256e+06 34208
4.259e+06 34202.2
4.262e+06 34196.5
4.265e+06 34198.2
4.268e+06 34203.2
4.271e+06 34209.2
4.274e+06 34213.1
4.277e+06 34219.7
4.28e+06 34224.7
4.283e+06 34228.5
4.286e+06 34221.9
4.289e+06 34222.7
4.292e+06 34235
4.295e+06 34239.1
4.298e+06 34249.4
4.301e+06 34263.1
4.304e+06 34277.5
4.307e+06 34289.2
4.31e+06 34296
4.313e+06 34289.8
4.316e+06 34276.2
4.319e+06 34260.6
4.322e+06 34247
4.325e+06 34239.3
4.328e+06 34236.3
4.331e+06 34230.2
4.334e+06 34220.4
4.337e+06 34221.9
4.34e+06 34223.6
4.343e+06 34225.7
4.346e+06 34227.2
4.349e+06 34219.7
4.352e+06 34214.8
4.355e+06 34212
4.358e+06 34203.4
4.361e+06 34198.9
4.364e+06 34202.1
4.367e+06 34198.9
4.37e+06 34200
4.373e+06 34192
4.376e+06 34180.3
4.379e+06 34171.2
4.382e+06 34165.4
4.385e+06 34165.2
4.388e+06 34163.1
4.391e+06 34157.4
4.394e+06 34149.7
4.397e+06 34138.8
4.4e+06 34115.1
4.403e+06 34093
4.406e+06 34079.9
4.409e+06 34065.8
4.412e+06 34056.1
4.415e+06 34052.6
4.418e+06 34058.7
4.421e+06 34069
4.424e+06 34082.4
4.427e+06 34097.3
4.43e+06 34111.6
4.433e+06 34126.7
4.436e+06 34143
4.439e+06 34154.8
4.442e+06 34168.4
4.445e+06 34185.1
4.448e+06 34199.4
4.451e+06 34214.5
4.454e+06 34230.4
4.457e+06 34235.3
4.46e+06 34238
4.463e+06 34230.6
4.466e+06 34210.5
4.469e+06 34202.4
4.472e+06 34209.5
4.475e+06 34215.8
4.478e+06 34222
4.481e+06 34230.1
4.484e+06 34237.9
4.487e+06 34240.2
4.49e+06 34251.9
4.493e+06 34266.7
4.496e+06 34282.7
4.499e+06 34297.6
4.502e+06 34310.5
4.505e+06 34317.5
4.508e+06 34317.9
4.511e+06 34310
4.514e+06 34311.5
4.517e+06 34318.1
4.52e+06 34327.8
4.523e+06 34333.9
4.526e+06 34344.8
4.529e+06 34349.7
4.532e+06 34356.4
4.535e+06 34366.6
4.538e+06 34389.6
4.541e+06 34412.6
4.544e+06 34430.3
4.547e+06 34446
4.55e+06 34453.8
4.553e+06 34458.1
4.556e+06 34463
4.559e+06 34464.2
4.562e+06 34462
4.565e+06 34438.8
4.568e+06 34410.3
4.571e+06 34386.7
4.574e+06 34374.2
4.577e+06 34372.5
4.58e+06 34373.1
4.583e+06 34384.5
4.586e+06 34394.5
4.589e+06 34395.7
4.592e+06 34386
4.595e+06 34385
4.598e+06 34384.6
4.601e+06 34386
4.604e+06 34387.2
4.607e+06 34378.6
4.61e+06 34360.8
4.613e+06 34341.6
4.616e+06 34335.2
4.619e+06 34336.3
4.622e+06 34341.5
4.625e+06 34345.6
4.628e+06 34342.8
4.631e+06 34332.6
4.634e+06 34329.1
4.637e+06 34331.9
4.64e+06 34335.2
4.643e+06 34341.5
4.646e+06 34349.4
4.649e+06 34366.2
4.652e+06 34381.1
4.655e+06 34385.5
4.658e+06 34377.5
4.661e+06 34366.7
4.664e+06 34357.7
4.667e+06 34344.5
4.67e+06 34332.9
4.673e+06 34325.5
4.676e+06 34315.6
4.679e+06 34311.4
4.682e+06 34312.2
4.685e+06 34317.6
4.688e+06 34323.8
4.691e+06 34330.1
4.694e+06 34340.1
4.697e+06 34352.8
4.7e+06 34372.8
4.703e+06 34388.2
4.706e+06 34403.4
4.709e+06 34418.1
4.712e+06 34429
4.715e+06 34443.9
4.718e+06 34454.4
4.721e+06 34470.1
4.724e+06 34485.1
4.727e+06 34498
4.73e+06 34504.4
4.733e+06 34506
4.736e+06 34503.1
4.739e+06 34510.9
4.742e+06 34522.6
4.745e+06 34535
4.748e+06 34540.7
4.751e+06 34554.4
4.754e+06 34561.7
4.757e+06 34559.4
4.76e+06 34546.8
4.763e+06 34525.5
4.766e+06 34508.5
4.769e+06 34494.4
4.772e+06 34486.8
4.775e+06 34471
4.778e+06 34452.8
4.781e+06 34431.8
4.784e+06 34409
4.787e+06 34391.2
4.79e+06 34373.8
4.793e+06 34363.6
4.796e+06 34348.5
4.799e+06 34335.4
4.802e+06 34326.7
4.805e+06 34316.4
4.808e+06 34298.1
4.811e+06 34283.5
4.814e+06 34269.6
4.817e+06 34268.7
4.82e+06 34274.3
4.823e+06 34280.2
4.826e+06 34288.6
4.829e+06 34294.9
4.832e+06 34299.8
4.835e+06 34301.7
4.838e+06 34303.2
4.841e+06 34305
4.844e+06 34306.5
4.847e+06 34308.5
4.85e+06 34311.1
4.853e+06 34310.3
4.856e+06 34305.1
4.859e+06 34297
4.862e+06 34289.2
4.865e+06 34288.2
4.868e+06 34289.9
4.871e+06 34283.2
4.874e+06 34278.8
4.877e+06 34288
4.88e+06 34293.6
4.883e+06 34303.1
4.886e+06 34312.8
4.889e+06 34322.3
4.892e+06 34330.2
4.895e+06 34339.2
4.898e+06 34352.7
4.901e+06 34370.4
4.904e+06 34387.2
4.907e+06 34397.2
4.91e+06 34399.6
4.913e+06 34399.7
4.916e+06 34406.4
4.919e+06 34412.4
4.922e+06 34409
4.925e+06 34397.2
4.928e+06 34380.2
4.931e+06 34360.1
4.934e+06 34337.3
4.937e+06 34318.9
4.94e+06 34302.8
4.943e+06 34280.6
4.946e+06 34247.8
4.949e+06 34215.5
4.952e+06 34188
4.955e+06 34159.1
4.958e+06 34137.6
4.961e+06 34125.8
4.964e+06 34116
4.967e+06 34108.3
4.97e+06 34101.4
4.973e+06 34092.8
4.976e+06 34090.5
4.979e+06 34093.4
4.982e+06 34103.4
4.985e+06 34113.4
4.988e+06 34119.5
4.991e+06 34126.9
4.994e+06 34134
4.997e+06 34138.1
