1000 397.692
1004 385.272
1008 411.912
1012 415.155
1016 418.984
1020 420.34
1024 423.135
1028 425.807
1032 430.707
1036 436.283
1040 436.325
1044 438.675
1048 440.342
1052 441.737
1056 443.189
1060 444.048
1064 446.652
1068 448.193
1072 450.875
1076 454.025
1080 456.432
1084 459.521
1088 462.117
1092 464.999
1096 466.652
1100 468.506
1104 470.048
1108 472.059
1112 472.755
1116 473.191
1120 474.255
1124 474.82
1128 474.868
1132 475.375
1136 476.65
1140 476.432
1144 478.247
1148 479.206
1152 480.518
1156 481.636
1160 482.408
1164 483.861
1168 485.188
1172 486.353
1176 487.031
1180 488.435
1184 489.938
1188 490.377
1192 491.121
1196 493.199
1200 493.866
1204 494.942
1208 496.691
1212 497.302
1216 498.461
1220 499.276
1224 499.691
1228 500.954
1232 501.634
1236 501.886
1240 502.59
1244 503.33
1248 503.678
1252 503.481
1256 503.771
1260 503.568
1264 504.21
1268 504.52
1272 504.728
1276 505.413
1280 505.648
1284 506.156
1288 506.348
1292 506.877
1296 507.551
1300 508.43
1304 509.302
1308 510.255
1312 510.925
1316 511.8
1320 513.107
1324 513.588
1328 514.598
1332 515.904
1336 516.665
1340 516.734
1344 517.161
1348 517.288
1352 517.887
1356 518.896
1360 518.979
1364 519.178
1368 519.231
1372 519.324
1376 519.429
1380 519.869
1384 520.272
1388 520.529
1392 520.436
1396 520.87
1400 521.398
1404 522.247
1408 522.759
1412 523.411
1416 523.941
1420 524.234
1424 524.757
1428 525.078
1432 525.444
1436 525.73
1440 526.045
1444 526.489
1448 527.201
1452 527.809
1456 528.395
1460 528.926
1464 529.138
1468 529.632
1472 530.266
1476 530.847
1480 531.562
1484 532.399
1488 533.371
1492 534.298
1496 535.313
1500 536.163
1504 536.886
1508 537.746
1512 538.475
1516 539.419
1520 540.396
1524 541.615
1528 542.819
1532 543.791
1536 544.974
1540 546.128
1544 547.014
1548 547.913
1552 548.6
1556 549.316
1560 550.113
1564 551.066
1568 551.659
1572 552.248
1576 552.992
1580 553.459
1584 553.935
1588 554.425
1592 554.786
1596 555.21
1600 556.101
1604 557.049
1608 557.818
1612 558.614
1616 559.463
1620 560.43
1624 561.488
1628 562.303
1632 563.252
1636 564.007
1640 564.795
1644 565.616
1648 566.471
1652 567.252
1656 567.923
1660 568.808
1664 569.665
1668 570.401
1672 571.262
1676 572.096
1680 572.945
1684 574.052
1688 574.81
1692 575.615
1696 576.166
1700 576.978
1704 577.729
1708 578.496
1712 579.068
1716 579.902
1720 580.572
1724 581.657
1728 582.195
1732 583.026
1736 583.963
1740 585.106
1744 586.016
1748 586.75
1752 587.652
1756 588.325
1760 589.075
1764 589.942
1768 590.686
1772 591.39
1776 592.098
1780 593.004
1784 593.814
1788 594.626
1792 595.563
1796 596.343
1800 597.205
1804 597.874
1808 598.522
1812 599.122
1816 599.801
1820 600.793
1824 601.623
1828 602.477
1832 603.336
1836 604.098
1840 605.038
1844 605.706
1848 606.573
1852 607.324
1856 608.208
1860 608.89
1864 609.456
1868 610.224
1872 610.934
1876 611.709
1880 612.368
1884 613.087
1888 613.989
1892 614.64
1896 615.484
1900 616.221
1904 617.055
1908 617.897
1912 618.665
1916 619.549
1920 620.442
1924 621.222
1928 621.989
1932 622.541
1936 623.076
1940 623.962
1944 624.575
1948 625.36
1952 626
1956 626.682
1960 627.222
1964 627.805
1968 628.581
1972 629.173
1976 630.243
1980 631.376
1984 632.324
1988 633.186
1992 633.913
1996 634.728
2000 635.484
2004 636.416
2008 637.452
2012 638.309
2016 639.039
2020 639.781
2024 640.49
2028 641.323
2032 642.13
2036 642.774
2040 643.585
2044 644.339
2048 645.025
2052 645.701
2056 646.439
2060 647.109
2064 647.814
2068 648.726
2072 649.612
2076 650.59
2080 651.661
2084 652.341
2088 653.086
2092 653.979
2096 654.786
2100 655.597
2104 656.307
2108 657.083
2112 657.851
2116 658.583
2120 659.472
2124 660.444
2128 661.006
2132 661.629
2136 662.241
2140 662.869
2144 663.51
2148 663.973
2152 664.517
2156 664.968
2160 665.382
2164 665.873
2168 666.203
2172 666.542
2176 666.811
2180 667.143
2184 667.434
2188 667.754
2192 668.166
2196 668.707
2200 669.17
2204 669.445
2208 669.695
2212 670.074
2216 670.376
2220 670.692
2224 670.913
2228 671.157
2232 671.324
2236 671.849
2240 672.285
2244 672.714
2248 673.176
2252 673.63
2256 674.084
2260 674.449
2264 674.76
2268 675.146
2272 675.497
2276 675.953
2280 676.378
2284 676.91
2288 677.329
2292 677.68
2296 678.074
2300 678.427
2304 678.813
2308 679.137
2312 679.539
2316 679.927
2320 680.331
2324 680.753
2328 681.122
2332 681.577
2336 682.084
2340 682.599
2344 683.081
2348 683.675
2352 684.127
2356 684.623
2360 685.142
2364 685.643
2368 686.255
2372 686.702
2376 687.124
2380 687.602
2384 688.113
2388 688.489
2392 688.93
2396 689.307
2400 689.665
2404 690.151
2408 690.58
2412 690.926
2416 691.335
2420 691.607
2424 691.877
2428 692.126
2432 692.299
2436 692.731
2440 693.06
2444 693.394
2448 693.714
2452 694.01
2456 694.404
2460 694.651
2464 694.977
2468 695.253
2472 695.473
2476 695.712
2480 695.935
2484 696.206
2488 696.544
2492 696.876
2496 697.219
2500 697.536
2504 697.984
2508 698.292
2512 698.544
2516 698.863
2520 699.2
2524 699.594
2528 700.027
2532 700.559
2536 700.992
2540 701.483
2544 701.949
2548 702.521
2552 702.902
2556 703.307
2560 703.804
2564 704.329
2568 704.992
2572 705.607
2576 706.223
2580 706.85
2584 707.355
2588 707.934
2592 708.531
2596 708.999
2600 709.577
2604 710.191
2608 710.833
2612 711.399
2616 711.984
2620 712.693
2624 713.342
2628 714.072
2632 714.774
2636 715.461
2640 716.101
2644 716.747
2648 717.399
2652 717.988
2656 718.579
2660 719.163
2664 719.815
2668 720.342
2672 720.978
2676 721.534
2680 722.084
2684 722.775
2688 723.402
2692 723.884
2696 724.361
2700 724.998
2704 725.514
2708 726.044
2712 726.517
2716 726.995
2720 727.525
2724 728.073
2728 728.58
2732 729.193
2736 729.746
2740 730.396
2744 730.869
2748 731.4
2752 731.866
2756 732.263
2760 732.82
2764 733.301
2768 733.88
2772 734.402
2776 735.038
2780 735.49
2784 735.971
2788 736.418
2792 736.891
2796 737.218
2800 737.756
2804 738.223
2808 738.677
2812 739.059
2816 739.49
2820 740.005
2824 740.423
2828 740.829
2832 741.28
2836 741.725
2840 742.163
2844 742.653
2848 742.994
2852 743.569
2856 744.023
2860 744.577
2864 745.101
2868 745.579
2872 746.007
2876 746.47
2880 746.922
2884 747.353
2888 747.819
2892 748.215
2896 748.533
2900 749.019
2904 749.413
2908 749.888
2912 750.256
2916 750.622
2920 751.017
2924 751.426
2928 751.799
2932 752.221
2936 752.692
2940 753.274
2944 753.893
2948 754.426
2952 754.97
2956 755.517
2960 756.035
2964 756.53
2968 757.081
2972 757.559
2976 758.212
2980 758.682
2984 759.244
2988 759.783
2992 760.433
2996 760.973
3000 761.478
3004 761.991
3008 762.506
3012 762.937
3016 763.393
3020 763.837
3024 764.251
3028 764.631
3032 765.169
3036 765.615
3040 766.163
3044 766.703
3048 767.269
3052 767.814
3056 768.362
3060 768.741
3064 769.374
3068 769.8
3072 770.231
3076 770.669
3080 771.095
3084 771.534
3088 771.976
3092 772.466
3096 772.842
3100 773.266
3104 773.575
3108 773.997
3112 774.342
3116 774.727
3120 775.03
3124 775.266
3128 775.564
3132 775.915
3136 776.353
3140 776.709
3144 777.097
3148 777.426
3152 777.708
3156 777.968
3160 778.322
3164 778.666
3168 779.052
3172 779.274
3176 779.688
3180 779.993
3184 780.258
3188 780.529
3192 780.837
3196 781.136
3200 781.41
3204 781.725
3208 782.036
3212 782.387
3216 782.675
3220 782.989
3224 783.394
3228 783.699
3232 783.973
3236 784.296
3240 784.547
3244 784.846
3248 785.091
3252 785.363
3256 785.634
3260 785.87
3264 786.099
3268 786.337
3272 786.569
3276 786.815
3280 787.045
3284 787.159
3288 787.279
3292 787.549
3296 787.744
3300 787.99
3304 788.236
3308 788.497
3312 788.737
3316 788.915
3320 789.111
3324 789.322
3328 789.482
3332 789.616
3336 789.751
3340 789.946
3344 790.126
3348 790.246
3352 790.473
3356 790.599
3360 790.843
3364 791.191
3368 791.433
3372 791.739
3376 791.916
3380 792.187
3384 792.476
3388 792.698
3392 792.946
3396 793.148
3400 793.377
3404 793.549
3408 793.692
3412 793.855
3416 793.991
3420 794.118
3424 794.241
3428 794.462
3432 794.539
3436 794.789
3440 794.924
3444 795.207
3448 795.483
3452 795.728
3456 795.853
3460 796.003
3464 796.176
3468 796.327
3472 796.498
3476 796.663
3480 796.815
3484 796.978
3488 797.13
3492 797.316
3496 797.526
3500 797.719
3504 797.944
3508 798.171
3512 798.326
3516 798.453
3520 798.691
3524 798.837
3528 799.06
3532 799.206
3536 799.417
3540 799.582
3544 799.815
3548 800.003
3552 800.23
3556 800.447
3560 800.661
3564 800.878
3568 801.161
3572 801.342
3576 801.532
3580 801.766
3584 802.197
3588 802.464
3592 802.724
3596 802.995
3600 803.253
3604 803.491
3608 803.758
3612 804.083
3616 804.246
3620 804.49
3624 804.694
3628 804.925
3632 805.134
3636 805.382
3640 805.606
3644 805.752
3648 805.91
3652 806.076
3656 806.352
3660 806.58
3664 806.765
3668 806.897
3672 807.178
3676 807.431
3680 807.649
3684 807.895
3688 808.105
3692 808.33
3696 808.541
3700 808.822
3704 809.164
3708 809.549
3712 809.89
3716 810.162
3720 810.546
3724 810.855
3728 811.134
3732 811.477
3736 811.743
3740 812.065
3744 812.331
3748 812.682
3752 812.938
3756 813.163
3760 813.407
3764 813.724
3768 813.899
3772 814.18
3776 814.399
3780 814.641
3784 814.844
3788 815.101
3792 815.334
3796 815.591
3800 815.829
3804 816.057
3808 816.243
3812 816.527
3816 816.792
3820 817.039
3824 817.247
3828 817.493
3832 817.783
3836 818.096
3840 818.374
3844 818.599
3848 818.84
3852 819.177
3856 819.41
3860 819.641
3864 819.911
3868 820.153
3872 820.387
3876 820.658
3880 820.897
3884 821.108
3888 821.439
3892 821.67
3896 821.913
3900 822.221
3904 822.489
3908 822.862
3912 823.148
3916 823.417
3920 823.726
3924 823.91
3928 824.225
3932 824.487
3936 824.826
3940 825.203
3944 825.413
3948 825.767
3952 826.045
3956 826.359
3960 826.583
3964 826.867
3968 827.161
3972 827.516
3976 827.813
3980 828.159
3984 828.392
3988 828.714
3992 828.981
3996 829.291
4000 829.557
4004 829.779
4008 830.049
4012 830.245
4016 830.498
4020 830.724
4024 830.993
4028 831.298
4032 831.563
4036 831.807
4040 832.178
4044 832.49
4048 832.702
4052 832.961
4056 833.1
4060 833.3
4064 833.465
4068 833.553
4072 833.627
4076 833.733
4080 833.836
4084 833.97
4088 834.127
4092 834.288
4096 834.385
4100 834.516
4104 834.596
4108 834.748
4112 834.858
4116 834.931
4120 834.965
4124 834.992
4128 835.027
4132 835.047
4136 835.19
4140 835.295
4144 835.418
4148 835.479
4152 835.537
4156 835.627
4160 835.705
4164 835.751
4168 835.815
4172 835.926
4176 836.054
4180 836.16
4184 836.281
4188 836.383
4192 836.545
4196 836.671
4200 836.874
4204 837.017
4208 837.168
4212 837.294
4216 837.432
4220 837.591
4224 837.745
4228 837.869
4232 838.042
4236 838.195
4240 838.417
4244 838.491
4248 838.655
4252 838.769
4256 838.933
4260 839.05
4264 839.152
4268 839.193
4272 839.235
4276 839.229
4280 839.294
4284 839.342
4288 839.517
4292 839.592
4296 839.681
4300 839.652
4304 839.629
4308 839.677
4312 839.715
4316 839.807
4320 839.856
4324 839.891
4328 839.996
4332 840.085
4336 840.096
4340 840.189
4344 840.18
4348 840.161
4352 840.203
4356 840.238
4360 840.252
4364 840.317
4368 840.417
4372 840.456
4376 840.646
4380 840.706
4384 840.806
4388 840.914
4392 841.014
4396 841.105
4400 841.203
4404 841.302
4408 841.417
4412 841.495
4416 841.609
4420 841.664
4424 841.841
4428 841.986
4432 842.245
4436 842.384
4440 842.58
4444 842.839
4448 843.003
4452 843.202
4456 843.35
4460 843.47
4464 843.644
4468 843.801
4472 843.952
4476 844.134
4480 844.282
4484 844.472
4488 844.644
4492 844.817
4496 844.98
4500 845.142
4504 845.274
4508 845.482
4512 845.69
4516 845.888
4520 846.139
4524 846.383
4528 846.555
4532 846.759
4536 847.021
4540 847.237
4544 847.433
4548 847.642
4552 847.868
4556 848.086
4560 848.294
4564 848.596
4568 848.792
4572 849.028
4576 849.219
4580 849.419
4584 849.626
4588 849.826
4592 849.993
4596 850.199
4600 850.44
4604 850.613
4608 850.794
4612 850.942
4616 851.092
4620 851.256
4624 851.441
4628 851.642
4632 851.866
4636 851.987
4640 852.174
4644 852.375
4648 852.55
4652 852.702
4656 852.859
4660 852.98
4664 853.15
4668 853.332
4672 853.53
4676 853.683
4680 853.798
4684 853.938
4688 854.128
4692 854.28
4696 854.492
4700 854.648
4704 854.822
4708 854.962
4712 855.121
4716 855.26
4720 855.385
4724 855.529
4728 855.669
4732 855.79
4736 855.947
4740 856.081
4744 856.169
4748 856.351
4752 856.56
4756 856.74
4760 856.861
4764 856.962
4768 857.061
4772 857.176
4776 857.24
4780 857.302
4784 857.384
4788 857.478
4792 857.567
4796 857.633
4800 857.728
4804 857.843
4808 857.916
4812 857.942
4816 858.042
4820 858.142
4824 858.253
4828 858.321
4832 858.403
4836 858.537
4840 858.633
4844 858.771
4848 858.897
4852 859.029
4856 859.194
4860 859.307
4864 859.461
4868 859.571
4872 859.726
4876 859.811
4880 859.915
4884 859.998
4888 860.076
4892 860.162
4896 860.237
4900 860.328
4904 860.435
4908 860.477
4912 860.618
4916 860.743
4920 860.88
4924 860.985
4928 861.045
4932 861.132
4936 861.247
4940 861.384
4944 861.498
4948 861.691
4952 861.867
4956 862.008
4960 862.077
4964 862.231
4968 862.382
4972 862.504
4976 862.635
4980 862.729
4984 862.827
4988 862.914
4992 863.064
4996 863.234
