100000 32772.3
104900 31252
109800 27156.3
114700 36013.5
119600 20160.1
124500 34534.8
129400 40086.7
134300 25278.8
139200 23503.8
144100 20657.2
149000 19981.2
153900 18318.6
158800 24552
163700 21083.5
168600 19941
173500 25345.1
178400 21837.6
183300 24043
188200 19509.9
193100 17570.3
198000 14109.5
202900 25122.4
207800 22557.9
212700 41970.8
217600 28066
222500 39861.4
227400 28560
232300 22461.1
237200 25255.2
242100 23561.8
247000 24338.7
251900 32469.6
256800 34368.3
261700 26829.1
266600 29716.3
271500 32647.9
276400 50984.4
281300 36007.9
286200 41759
291100 31029.5
296000 41594.7
300900 31698.3
305800 21218.7
310700 24607.6
315600 31527.2
320500 32326.4
325400 40516.4
330300 46346.6
335200 33359.2
340100 80116.9
345000 96233
349900 60959.6
354800 25239.1
359700 27629
364600 23995.2
369500 17515.3
374400 18601.1
379300 26445.5
384200 35234.3
389100 30442.7
394000 32596.4
398900 36774.8
403800 24752.2
408700 33883.6
413600 21447.7
418500 19092.4
423400 20664.3
428300 26200
433200 30670.5
438100 33476.4
443000 28904.3
447900 35994.1
452800 48715.1
457700 37177
462600 21171.8
467500 25934.8
472400 34030.1
477300 30412.2
482200 25793.2
487100 21387.3
492000 38003.6
496900 54896.3
501800 48402.7
506700 50141
511600 33974.2
516500 33881.6
521400 37998.4
526300 38007.6
531200 30574.7
536100 40542.8
541000 34751.1
545900 31534.7
550800 36600.5
555700 40218.9
560600 37653.3
565500 32561.9
570400 42834.5
575300 39398.4
580200 44776.1
585100 69854.2
590000 69190.9
594900 87087.2
599800 67093.9
604700 51522.4
609600 36418.3
614500 34851.2
619400 29019
624300 32638.2
629200 25904.4
634100 27563.2
639000 36205.9
643900 47684.6
648800 41593.5
653700 30521.8
658600 25535
663500 37937.3
668400 41950.9
673300 24897.5
678200 27895.7
683100 25886.3
688000 27175.3
692900 31944.2
697800 34494.7
702700 55157.6
707600 50717.9
712500 49169.6
717400 47365.3
722300 50646.2
727200 46063.1
732100 42763.6
737000 59000
741900 48375.7
746800 81139.4
751700 68715.3
756600 42447.9
761500 36315.7
766400 28460.5
771300 121082
776200 70889.6
781100 74510.1
786000 41832.1
790900 49201.4
795800 44605.7
800700 58566
805600 119365
810500 78033.7
815400 104578
820300 36585.7
825200 40035.9
830100 37374.4
835000 49361.6
839900 52803.9
844800 26488.5
849700 31944.2
854600 40713.9
859500 29757.9
864400 22104.4
869300 29200.6
874200 42001.6
879100 32990.7
884000 32108
888900 28171
893800 43818.9
898700 52537.5
903600 45438
908500 43012.5
913400 38952.7
918300 27893.2
923200 33743.9
928100 28373.4
933000 29525.4
937900 32004.8
942800 46853.9
947700 43644.2
952600 30125.1
957500 29491.3
962400 68094.8
967300 53506.1
972200 41525.7
977100 42908.6
982000 55629.3
986900 62993.7
991800 39712.8
996700 34129.1
1.0016e+06 43229.5
1.0065e+06 33326.5
1.0114e+06 50100.5
1.0163e+06 40120.5
1.0212e+06 37953.7
1.0261e+06 39141
1.031e+06 47322.5
1.0359e+06 48496.1
1.0408e+06 58940.5
1.0457e+06 64482.5
1.0506e+06 154181
1.0555e+06 144429
1.0604e+06 65952.1
1.0653e+06 58980.3
1.0702e+06 68889.7
1.0751e+06 37217.1
1.08e+06 41333
1.0849e+06 39712.4
1.0898e+06 46040.6
1.0947e+06 35973.2
1.0996e+06 30408.9
1.1045e+06 34108.7
1.1094e+06 62836.3
1.1143e+06 30840.8
1.1192e+06 42595.6
1.1241e+06 22775.7
1.129e+06 35891.1
1.1339e+06 30552.6
1.1388e+06 36141.9
1.1437e+06 63749.9
1.1486e+06 47600.1
1.1535e+06 64586.3
1.1584e+06 51901.6
1.1633e+06 64428
1.1682e+06 43229.6
1.1731e+06 43495.3
1.178e+06 51221.6
1.1829e+06 41664.9
1.1878e+06 31986.1
1.1927e+06 48402.9
1.1976e+06 50521.6
1.2025e+06 32139.3
1.2074e+06 29222.7
1.2123e+06 41035.1
1.2172e+06 41005.5
1.2221e+06 31277.5
1.227e+06 31579.3
1.2319e+06 60844.9
1.2368e+06 46051.5
1.2417e+06 47551.8
1.2466e+06 27726.1
1.2515e+06 28550.5
1.2564e+06 30811.8
1.2613e+06 30668.3
1.2662e+06 27785.6
1.2711e+06 27311
1.276e+06 28982.4
1.2809e+06 31548.1
1.2858e+06 28939.5
1.2907e+06 41747.7
1.2956e+06 37547.5
1.3005e+06 86329.5
1.3054e+06 34770.7
1.3103e+06 41182.3
1.3152e+06 37174.8
1.3201e+06 36387.1
1.325e+06 33582.5
1.3299e+06 34866.9
1.3348e+06 37009.8
1.3397e+06 45700.9
1.3446e+06 33038.2
1.3495e+06 29898.7
1.3544e+06 39123.2
1.3593e+06 33533.8
1.3642e+06 50273.9
1.3691e+06 32100.2
1.374e+06 23602.5
1.3789e+06 20023
1.3838e+06 20110.7
1.3887e+06 46779.5
1.3936e+06 57493.9
1.3985e+06 69777.2
1.4034e+06 43562.5
1.4083e+06 38069.3
1.4132e+06 41156.1
1.4181e+06 30226.3
1.423e+06 33111.8
1.4279e+06 25863.3
1.4328e+06 21117.2
1.4377e+06 21409.8
1.4426e+06 26690.9
1.4475e+06 26271.3
1.4524e+06 30876.5
1.4573e+06 27290.2
1.4622e+06 30034
1.4671e+06 36968
1.472e+06 31138.8
1.4769e+06 23949.9
1.4818e+06 29281.3
1.4867e+06 25927.1
1.4916e+06 33434
1.4965e+06 38040.5
1.5014e+06 25995.4
1.5063e+06 33272.9
1.5112e+06 43244
1.5161e+06 46245.9
1.521e+06 59369.3
1.5259e+06 53165.9
1.5308e+06 53973
1.5357e+06 34790.5
1.5406e+06 51583.9
1.5455e+06 59014.6
1.5504e+06 42543.8
1.5553e+06 37935.5
1.5602e+06 39401.1
1.5651e+06 59722.6
1.57e+06 54007.2
1.5749e+06 46426.3
1.5798e+06 51429.3
1.5847e+06 49086.9
1.5896e+06 46344.9
1.5945e+06 46150.7
1.5994e+06 57085.4
1.6043e+06 50348.9
1.6092e+06 37424.1
1.6141e+06 26170.4
1.619e+06 34614.9
1.6239e+06 21792.8
1.6288e+06 28386.8
1.6337e+06 22312
1.6386e+06 29826.2
1.6435e+06 34184.8
1.6484e+06 25826.8
1.6533e+06 44561
1.6582e+06 52515.4
1.6631e+06 43341.7
1.668e+06 26833.2
1.6729e+06 26505.9
1.6778e+06 29233
1.6827e+06 40630.4
1.6876e+06 40522.4
1.6925e+06 51865.4
1.6974e+06 41350.1
1.7023e+06 45026.2
1.7072e+06 28385.1
1.7121e+06 39754.5
1.717e+06 35627.6
1.7219e+06 23225.1
1.7268e+06 23373.8
1.7317e+06 30863.5
1.7366e+06 26649.4
1.7415e+06 33668
1.7464e+06 28995.4
1.7513e+06 31297.1
1.7562e+06 45203.7
1.7611e+06 46648.8
1.766e+06 43461.7
1.7709e+06 35501
1.7758e+06 36163
1.7807e+06 127234
1.7856e+06 48928.1
1.7905e+06 41736.5
1.7954e+06 33734.5
1.8003e+06 36376.7
1.8052e+06 32650.2
1.8101e+06 34212.1
1.815e+06 24462.7
1.8199e+06 20360.8
1.8248e+06 21405.9
1.8297e+06 26499.7
1.8346e+06 22353.4
1.8395e+06 43327.4
1.8444e+06 29831.9
1.8493e+06 54980.6
1.8542e+06 49347.7
1.8591e+06 54240.4
1.864e+06 48855.2
1.8689e+06 58202.4
1.8738e+06 84370.9
1.8787e+06 79715.8
1.8836e+06 35890.4
1.8885e+06 57683.6
1.8934e+06 47957.3
1.8983e+06 48111
1.9032e+06 49276.1
1.9081e+06 52988.3
1.913e+06 47363.3
1.9179e+06 38490.9
1.9228e+06 43471.5
1.9277e+06 44309.3
1.9326e+06 24566.8
1.9375e+06 18891.9
1.9424e+06 35278.5
1.9473e+06 24705.6
1.9522e+06 26463.5
1.9571e+06 24892.3
1.962e+06 30689.3
1.9669e+06 23097
1.9718e+06 21283.5
1.9767e+06 17923.8
1.9816e+06 19673
1.9865e+06 25945.4
1.9914e+06 30179.5
1.9963e+06 23657.1
2.0012e+06 26341.9
2.0061e+06 28031.3
2.011e+06 31691.9
2.0159e+06 30749.3
2.0208e+06 20584.8
2.0257e+06 25393
2.0306e+06 24306.2
2.0355e+06 24010.1
2.0404e+06 49970.9
2.0453e+06 49445.7
2.0502e+06 38618.6
2.0551e+06 44702.2
2.06e+06 27142.9
2.0649e+06 25922
2.0698e+06 29896.5
2.0747e+06 40164.2
2.0796e+06 26519.8
2.0845e+06 24175.4
2.0894e+06 31002.1
2.0943e+06 30363.6
2.0992e+06 45980.4
2.1041e+06 39274.4
2.109e+06 32071.7
2.1139e+06 33693.8
2.1188e+06 27087.8
2.1237e+06 18279.8
2.1286e+06 18146
2.1335e+06 32621.3
2.1384e+06 24409.1
2.1433e+06 29024
2.1482e+06 29207.1
2.1531e+06 34448.7
2.158e+06 28428.9
2.1629e+06 25149.1
2.1678e+06 31615.7
2.1727e+06 27911.3
2.1776e+06 34899.9
2.1825e+06 42365.3
2.1874e+06 32274.7
2.1923e+06 57456.5
2.1972e+06 48034.6
2.2021e+06 40988.5
2.207e+06 30025.4
2.2119e+06 32766.1
2.2168e+06 29239.2
2.2217e+06 70065.3
2.2266e+06 40470.7
2.2315e+06 32999.5
2.2364e+06 27773
2.2413e+06 31420.6
2.2462e+06 25288.8
2.2511e+06 19722.3
2.256e+06 23092.9
2.2609e+06 33631.1
2.2658e+06 27439.6
2.2707e+06 26861.2
2.2756e+06 29648.5
2.2805e+06 38600.3
2.2854e+06 41861.6
2.2903e+06 30011.5
2.2952e+06 35320.6
2.3001e+06 23157.1
2.305e+06 27867.6
2.3099e+06 35387
2.3148e+06 85281.8
2.3197e+06 46017.9
2.3246e+06 85353.7
2.3295e+06 33997.2
2.3344e+06 21366.5
2.3393e+06 24616
2.3442e+06 21700.4
2.3491e+06 34637.1
2.354e+06 39352
2.3589e+06 42251.4
2.3638e+06 41448.9
2.3687e+06 30927.2
2.3736e+06 37532.2
2.3785e+06 41713.9
2.3834e+06 23552.8
2.3883e+06 32266.4
2.3932e+06 24374.8
2.3981e+06 35940.2
2.403e+06 20757.2
2.4079e+06 18880.8
2.4128e+06 25125
2.4177e+06 20179.4
2.4226e+06 21063.1
2.4275e+06 25785.4
2.4324e+06 26741.8
2.4373e+06 26515.4
2.4422e+06 22566.2
2.4471e+06 28989.5
2.452e+06 44291.7
2.4569e+06 62744.8
2.4618e+06 36678.5
2.4667e+06 32723.6
2.4716e+06 25131.6
2.4765e+06 36145
2.4814e+06 23319.3
2.4863e+06 28638.8
2.4912e+06 25076.8
2.4961e+06 25564.6
2.501e+06 28018.7
2.5059e+06 29998.7
2.5108e+06 35950.1
2.5157e+06 24573.9
2.5206e+06 30640.6
2.5255e+06 27777.4
2.5304e+06 41677.1
2.5353e+06 35409.4
2.5402e+06 50441.5
2.5451e+06 58462.9
2.55e+06 32420.1
2.5549e+06 31311.5
2.5598e+06 38834.4
2.5647e+06 71787
2.5696e+06 58522
2.5745e+06 115466
2.5794e+06 170765
2.5843e+06 74769.5
2.5892e+06 41914.3
2.5941e+06 26346.1
2.599e+06 32348.9
2.6039e+06 22593.2
2.6088e+06 25404.3
2.6137e+06 26343.1
2.6186e+06 27058.1
2.6235e+06 28467.3
2.6284e+06 33427.7
2.6333e+06 30159.2
2.6382e+06 36976.3
2.6431e+06 40732.7
2.648e+06 38690.2
2.6529e+06 73103.6
2.6578e+06 37281.2
2.6627e+06 30705
2.6676e+06 31104.8
2.6725e+06 33476.8
2.6774e+06 42001.6
2.6823e+06 36325.6
2.6872e+06 32069.5
2.6921e+06 65718.9
2.697e+06 41498.5
2.7019e+06 42879
2.7068e+06 33581.9
2.7117e+06 43947
2.7166e+06 48105.2
2.7215e+06 43878.4
2.7264e+06 34382.1
2.7313e+06 57454.3
2.7362e+06 38111.7
2.7411e+06 41315.5
2.746e+06 23625
2.7509e+06 23451.4
2.7558e+06 26149.2
2.7607e+06 27772.3
2.7656e+06 28420.6
2.7705e+06 29600.8
2.7754e+06 38151.8
2.7803e+06 37983
2.7852e+06 35502
2.7901e+06 36746.4
2.795e+06 48699.2
2.7999e+06 46378.8
2.8048e+06 56860.4
2.8097e+06 36060
2.8146e+06 71434.6
2.8195e+06 78011.5
2.8244e+06 52036.1
2.8293e+06 40858.5
2.8342e+06 37144.4
2.8391e+06 45426
2.844e+06 33191.5
2.8489e+06 24495.3
2.8538e+06 19422.5
2.8587e+06 39788.7
2.8636e+06 38178.5
2.8685e+06 57839.5
2.8734e+06 49912.9
2.8783e+06 34659
2.8832e+06 35906.3
2.8881e+06 32287
2.893e+06 26652.4
2.8979e+06 19202.5
2.9028e+06 23159
2.9077e+06 21172
2.9126e+06 29039.3
2.9175e+06 33173.7
2.9224e+06 33662.2
2.9273e+06 27580.8
2.9322e+06 37881.1
2.9371e+06 25423.3
2.942e+06 31076.3
2.9469e+06 30149.3
2.9518e+06 27319.4
2.9567e+06 31954.8
2.9616e+06 34150.4
2.9665e+06 26749.5
2.9714e+06 50030.6
2.9763e+06 57452.9
2.9812e+06 47845.9
2.9861e+06 37990.5
2.991e+06 44643.1
2.9959e+06 38048.2
3.0008e+06 72394.3
3.0057e+06 38454.9
3.0106e+06 29803.6
3.0155e+06 31101
3.0204e+06 40619
3.0253e+06 30877.9
3.0302e+06 31525.2
3.0351e+06 28868.9
3.04e+06 21170.6
3.0449e+06 24015.7
3.0498e+06 19920.4
3.0547e+06 25423.6
3.0596e+06 21904.9
3.0645e+06 23500.2
3.0694e+06 28238.7
3.0743e+06 29229.5
3.0792e+06 32171.4
3.0841e+06 19508.1
3.089e+06 23954.7
3.0939e+06 18406.2
3.0988e+06 30615.7
3.1037e+06 32637.7
3.1086e+06 28389.9
3.1135e+06 23000.4
3.1184e+06 28121.8
3.1233e+06 29014.6
3.1282e+06 31607.2
3.1331e+06 42972.3
3.138e+06 29557.1
3.1429e+06 18118.4
3.1478e+06 28331.7
3.1527e+06 34606.9
3.1576e+06 36782.2
3.1625e+06 23924.2
3.1674e+06 28481.4
3.1723e+06 35058.1
3.1772e+06 24982.2
3.1821e+06 23727.4
3.187e+06 26465.5
3.1919e+06 24694.7
3.1968e+06 24902.1
3.2017e+06 23067.7
3.2066e+06 25115.9
3.2115e+06 32976.7
3.2164e+06 59518.7
3.2213e+06 35076.8
3.2262e+06 54285.4
3.2311e+06 46130.3
3.236e+06 22330
3.2409e+06 31369.8
3.2458e+06 31482.3
3.2507e+06 30992.5
3.2556e+06 28326.4
3.2605e+06 27964.9
3.2654e+06 57776.3
3.2703e+06 39857.9
3.2752e+06 47362.8
3.2801e+06 48061.6
3.285e+06 45188.4
3.2899e+06 41259.4
3.2948e+06 39437.1
3.2997e+06 36690.1
3.3046e+06 89691.6
3.3095e+06 41327.9
3.3144e+06 38312
3.3193e+06 29170.7
3.3242e+06 30085.7
3.3291e+06 20991.6
3.334e+06 39879.4
3.3389e+06 35039.2
3.3438e+06 43273.7
3.3487e+06 36716.2
3.3536e+06 50387.2
3.3585e+06 39203.4
3.3634e+06 44684.7
3.3683e+06 33722.8
3.3732e+06 31073.6
3.3781e+06 31781.9
3.383e+06 22465
3.3879e+06 26948.6
3.3928e+06 33824.7
3.3977e+06 50194.2
3.4026e+06 39979
3.4075e+06 39201.7
3.4124e+06 32675.9
3.4173e+06 34332.3
3.4222e+06 37249.1
3.4271e+06 34946.2
3.432e+06 41489.8
3.4369e+06 28709.1
3.4418e+06 29239.6
3.4467e+06 25095.3
3.4516e+06 28071.2
3.4565e+06 33333.2
3.4614e+06 38981.8
3.4663e+06 78228.9
3.4712e+06 38196.7
3.4761e+06 45521.8
3.481e+06 38662.4
3.4859e+06 53392.3
3.4908e+06 52371
3.4957e+06 44703.9
3.5006e+06 45407.7
3.5055e+06 74471.5
3.5104e+06 32102.5
3.5153e+06 38644.6
3.5202e+06 38934.9
3.5251e+06 31659.9
3.53e+06 28011.9
3.5349e+06 32578.3
3.5398e+06 32082.9
3.5447e+06 29321.2
3.5496e+06 33068.3
3.5545e+06 22895.1
3.5594e+06 29236.3
3.5643e+06 28664.7
3.5692e+06 36534.3
3.5741e+06 33068.9
3.579e+06 35034
3.5839e+06 36706.5
3.5888e+06 36890.7
3.5937e+06 32207.9
3.5986e+06 26264.6
3.6035e+06 24686.9
3.6084e+06 22284.8
3.6133e+06 23851
3.6182e+06 24302
3.6231e+06 21033.3
3.628e+06 30993.3
3.6329e+06 26340.6
3.6378e+06 41445.4
3.6427e+06 36440
3.6476e+06 34781.8
3.6525e+06 23209.2
3.6574e+06 29061
3.6623e+06 29958.4
3.6672e+06 40068.9
3.6721e+06 43896.8
3.677e+06 30879.8
3.6819e+06 39697
3.6868e+06 23700.2
3.6917e+06 21355
3.6966e+06 24006.7
3.7015e+06 19439.9
3.7064e+06 29129.8
3.7113e+06 37192.2
3.7162e+06 33771.7
3.7211e+06 28465.9
3.726e+06 52437.3
3.7309e+06 39374.6
3.7358e+06 38349.5
3.7407e+06 27540.3
3.7456e+06 26802.3
3.7505e+06 25652.3
3.7554e+06 32466.2
3.7603e+06 35595.9
3.7652e+06 30825.8
3.7701e+06 28802.5
3.775e+06 31222.8
3.7799e+06 18414.8
3.7848e+06 30199.8
3.7897e+06 29675.9
3.7946e+06 22937.8
3.7995e+06 32171.4
3.8044e+06 24415.6
3.8093e+06 23433.3
3.8142e+06 39828.4
3.8191e+06 39943.8
3.824e+06 38072.5
3.8289e+06 36059
3.8338e+06 25554
3.8387e+06 28468.8
3.8436e+06 48311.7
3.8485e+06 28894.9
3.8534e+06 30488.9
3.8583e+06 25127.4
3.8632e+06 32850.2
3.8681e+06 28938.1
3.873e+06 33241.7
3.8779e+06 39057.2
3.8828e+06 46942.1
3.8877e+06 59165.5
3.8926e+06 68020.4
3.8975e+06 87859.6
3.9024e+06 69268
3.9073e+06 38759.1
3.9122e+06 30707.8
3.9171e+06 23752.4
3.922e+06 23050.5
3.9269e+06 27338.5
3.9318e+06 25118.3
3.9367e+06 29421.6
3.9416e+06 22540.9
3.9465e+06 32076.4
3.9514e+06 31732.1
3.9563e+06 32078.6
3.9612e+06 33343.1
3.9661e+06 26429.2
3.971e+06 19721.3
3.9759e+06 20087
3.9808e+06 23574.2
3.9857e+06 20110.9
3.9906e+06 23675.5
3.9955e+06 26956.3
4.0004e+06 21160.4
4.0053e+06 20073.4
4.0102e+06 21298.9
4.0151e+06 31191
4.02e+06 28133
4.0249e+06 33101
4.0298e+06 38976.2
4.0347e+06 25229.1
4.0396e+06 37026.1
4.0445e+06 33579.2
4.0494e+06 19834.4
4.0543e+06 24523.3
4.0592e+06 30952.9
4.0641e+06 37457.6
4.069e+06 32178.8
4.0739e+06 54001.2
4.0788e+06 77194.7
4.0837e+06 57289
4.0886e+06 38954.3
4.0935e+06 47809.9
4.0984e+06 96726.7
4.1033e+06 39804.4
4.1082e+06 29961.9
4.1131e+06 38383.6
4.118e+06 57225.6
4.1229e+06 35829.7
4.1278e+06 31158.3
4.1327e+06 24140.6
4.1376e+06 32600.1
4.1425e+06 21686.4
4.1474e+06 25614.8
4.1523e+06 24495.4
4.1572e+06 22485.4
4.1621e+06 27817.3
4.167e+06 24516.3
4.1719e+06 26780.2
4.1768e+06 20043.4
4.1817e+06 23916.6
4.1866e+06 24366.5
4.1915e+06 21405.9
4.1964e+06 20951.8
4.2013e+06 26638.2
4.2062e+06 27605.8
4.2111e+06 25608.5
4.216e+06 47880.4
4.2209e+06 36166.2
4.2258e+06 37272.3
4.2307e+06 51661.9
4.2356e+06 31035.7
4.2405e+06 36546.6
4.2454e+06 57032.9
4.2503e+06 41712.6
4.2552e+06 33164
4.2601e+06 48280
4.265e+06 50165
4.2699e+06 37430.5
4.2748e+06 78120.2
4.2797e+06 59742.5
4.2846e+06 44531.3
4.2895e+06 27709.4
4.2944e+06 38597.3
4.2993e+06 28209.6
4.3042e+06 30705.9
4.3091e+06 16907.6
4.314e+06 28391.8
4.3189e+06 31663.3
4.3238e+06 28709.2
4.3287e+06 31351.4
4.3336e+06 19191.5
4.3385e+06 24202.5
4.3434e+06 21265
4.3483e+06 16846.6
4.3532e+06 43487.5
4.3581e+06 45552.1
4.363e+06 33619.7
4.3679e+06 35703.6
4.3728e+06 55453.1
4.3777e+06 30597.8
4.3826e+06 46600.4
4.3875e+06 43486.3
4.3924e+06 55697.7
4.3973e+06 52130.3
4.4022e+06 56729.1
4.4071e+06 43878.3
4.412e+06 27206
4.4169e+06 33467.2
4.4218e+06 46333.1
4.4267e+06 45679.6
4.4316e+06 49442.5
4.4365e+06 61853.1
4.4414e+06 60537.9
4.4463e+06 33084.6
4.4512e+06 43573
4.4561e+06 24433.2
4.461e+06 29567.2
4.4659e+06 22825
4.4708e+06 16274.7
4.4757e+06 19196.2
4.4806e+06 22803.2
4.4855e+06 24276.8
4.4904e+06 20937.1
4.4953e+06 23763.7
4.5002e+06 24148.9
4.5051e+06 37567.2
4.51e+06 44526.1
4.5149e+06 30618.4
4.5198e+06 30924.8
4.5247e+06 28204.9
4.5296e+06 29182.6
4.5345e+06 30305.3
4.5394e+06 41869.7
4.5443e+06 34911.1
4.5492e+06 26334.5
4.5541e+06 29829.8
4.559e+06 30096
4.5639e+06 24086
4.5688e+06 24294.3
4.5737e+06 24786.9
4.5786e+06 24013.6
4.5835e+06 39843.7
4.5884e+06 35173.6
4.5933e+06 27610.8
4.5982e+06 32851
4.6031e+06 30182.2
4.608e+06 32265.1
4.6129e+06 42042.8
4.6178e+06 30588.1
4.6227e+06 35457.2
4.6276e+06 32322.1
4.6325e+06 28527.1
4.6374e+06 25642.7
4.6423e+06 31260.2
4.6472e+06 38972.5
4.6521e+06 39307.3
4.657e+06 34392.5
4.6619e+06 53840.2
4.6668e+06 79742.4
4.6717e+06 66787
4.6766e+06 59288
4.6815e+06 36982.8
4.6864e+06 46646.3
4.6913e+06 41760.6
4.6962e+06 79205.9
4.7011e+06 51793.3
4.706e+06 46342.6
4.7109e+06 74196.5
4.7158e+06 43538.5
4.7207e+06 33560.2
4.7256e+06 53672.3
4.7305e+06 45937.2
4.7354e+06 35691.2
4.7403e+06 34805.7
4.7452e+06 39273
4.7501e+06 39316.2
4.755e+06 33164.3
4.7599e+06 36719.7
4.7648e+06 31969
4.7697e+06 45964.4
4.7746e+06 37247.5
4.7795e+06 37213.1
4.7844e+06 43343.4
4.7893e+06 35353.5
4.7942e+06 50544.1
4.7991e+06 27719.3
4.804e+06 29535
4.8089e+06 35317.7
4.8138e+06 27186.1
4.8187e+06 25694.1
4.8236e+06 32606.7
4.8285e+06 38979
4.8334e+06 37139.4
4.8383e+06 35072.1
4.8432e+06 59877.4
4.8481e+06 40541.1
4.853e+06 56784.4
4.8579e+06 27993.1
4.8628e+06 33795.4
4.8677e+06 29713.9
4.8726e+06 25630.1
4.8775e+06 29340.1
4.8824e+06 30803.9
4.8873e+06 34886.8
4.8922e+06 27635.9
4.8971e+06 29662.9
4.902e+06 43057.9
4.9069e+06 53968.8
4.9118e+06 39230.7
4.9167e+06 51757.6
4.9216e+06 39309.9
4.9265e+06 33552.2
4.9314e+06 48676.7
4.9363e+06 38808.1
4.9412e+06 39588.3
4.9461e+06 34838.5
4.951e+06 45578.5
4.9559e+06 34515.9
4.9608e+06 50700.2
4.9657e+06 47276.3
4.9706e+06 29547.3
4.9755e+06 27338
4.9804e+06 29006
4.9853e+06 31189.4
4.9902e+06 22960
4.9951e+06 30351.1
