20000 8515.91
27480 7481.93
34960 8771.68
42440 9591.65
49920 10618.4
57400 11729.4
64880 13192.9
72360 14582.2
79840 15426.7
87320 16496.9
94800 17896.4
102280 18533.1
109760 19632.8
117240 20276.5
124720 21278.5
132200 22229.7
139680 23236.8
147160 24127.7
154640 24986.8
162120 25719
169600 26158.4
177080 26265.1
184560 25881.8
192040 25596.2
199520 25918.4
207000 26416.6
214480 26850.3
221960 27418
229440 28014.1
236920 28093.8
244400 28049.2
251880 28162.5
259360 28453.2
266840 28741.9
274320 28968.1
281800 29106
289280 29463.5
296760 29954.2
304240 30381.7
311720 30665.6
319200 30830.5
326680 31030.1
334160 31181.8
341640 31198.6
349120 31002.4
356600 30795.8
364080 30760.3
371560 30962.9
379040 31181.1
386520 31386
394000 31501.7
401480 31702.9
408960 31755.9
416440 31814.8
423920 32027.5
431400 32068
438880 32159.1
446360 32098.5
453840 32030
461320 31898.9
468800 31861.5
476280 31905.3
483760 31897.9
491240 31980.3
498720 31971.5
506200 31915.9
513680 31873.2
521160 31713.4
528640 31547.6
536120 31446.4
543600 31409.3
551080 31315.6
558560 31214.3
566040 31167.2
573520 31196.6
581000 31366.3
588480 31484.3
595960 31647.9
603440 31729.4
610920 31797.4
618400 31774.8
625880 31735
633360 31711.1
640840 31568.5
648320 31500.4
655800 31514.5
663280 31421.8
670760 31325.2
678240 31264.6
685720 31275.6
693200 31292.4
700680 31223.8
708160 31148.1
715640 31077.9
723120 30975.7
730600 30858.4
738080 30818.2
745560 30774.3
753040 30732.9
760520 30714.4
768000 30761.3
775480 30769.4
782960 30842.7
790440 30968.5
797920 31055.9
805400 31187.1
812880 31327.6
820360 31520.8
827840 31623
835320 31597.4
842800 31653.8
850280 31671.3
857760 31647.6
865240 31599.3
872720 31536
880200 31574.3
887680 31638.6
895160 31753.4
902640 31894
910120 31967.5
917600 31971.2
925080 31930.5
932560 31831.2
940040 31789.6
947520 31866.2
955000 31957.7
962480 32060.8
969960 32155.6
977440 32206.7
984920 32181.1
992400 32091.5
999880 32107.6
1.00736e+06 32126.3
1.01484e+06 32201.7
1.02232e+06 32228.3
1.0298e+06 32239.8
1.03728e+06 32210.2
1.04476e+06 32189.3
1.05224e+06 32182.1
1.05972e+06 32141.4
1.0672e+06 32031.5
1.07468e+06 31912.1
1.08216e+06 31860.1
1.08964e+06 31835.9
1.09712e+06 31866.4
1.1046e+06 31892.6
1.11208e+06 31914
1.11956e+06 31886.1
1.12704e+06 31830.9
1.13452e+06 31771.1
1.142e+06 31729.6
1.14948e+06 31639.1
1.15696e+06 31568.3
1.16444e+06 31581.9
1.17192e+06 31631
1.1794e+06 31654.3
1.18688e+06 31699.5
1.19436e+06 31738.5
1.20184e+06 31776.9
1.20932e+06 31833.7
1.2168e+06 31914.5
1.22428e+06 31944.4
1.23176e+06 31903.2
1.23924e+06 31916.3
1.24672e+06 31947.2
1.2542e+06 31970.1
1.26168e+06 31944.4
1.26916e+06 31921.4
1.27664e+06 31835.2
1.28412e+06 31768.5
1.2916e+06 31692.1
1.29908e+06 31586.6
1.30656e+06 31548
1.31404e+06 31567.8
1.32152e+06 31569.9
1.329e+06 31532.9
1.33648e+06 31470.2
1.34396e+06 31417.7
1.35144e+06 31392.3
1.35892e+06 31363.2
1.3664e+06 31342.4
1.37388e+06 31376.7
1.38136e+06 31462.3
1.38884e+06 31586.9
1.39632e+06 31715.1
1.4038e+06 31831.2
1.41128e+06 31961.2
1.41876e+06 32078.7
1.42624e+06 32166.5
1.43372e+06 32271.8
1.4412e+06 32356.9
1.44868e+06 32345.6
1.45616e+06 32347
1.46364e+06 32348.3
1.47112e+06 32363.2
1.4786e+06 32399.4
1.48608e+06 32449.4
1.49356e+06 32461.9
1.50104e+06 32445.6
1.50852e+06 32471.6
1.516e+06 32534.2
1.52348e+06 32567.2
1.53096e+06 32572.3
1.53844e+06 32563
1.54592e+06 32590.9
1.5534e+06 32595.7
1.56088e+06 32585.2
1.56836e+06 32605.2
1.57584e+06 32651.5
1.58332e+06 32693.9
1.5908e+06 32740.6
1.59828e+06 32797.9
1.60576e+06 32850.6
1.61324e+06 32914
1.62072e+06 33007.9
1.6282e+06 33073
1.63568e+06 33136.3
1.64316e+06 33208
1.65064e+06 33317.7
1.65812e+06 33432.1
1.6656e+06 33515.7
1.67308e+06 33579.8
1.68056e+06 33616
1.68804e+06 33659.7
1.69552e+06 33692.7
1.703e+06 33757.7
1.71048e+06 33818.6
1.71796e+06 33847.2
1.72544e+06 33854.9
1.73292e+06 33868.6
1.7404e+06 33923.3
1.74788e+06 34018.3
1.75536e+06 34049.6
1.76284e+06 34053.4
1.77032e+06 34063.7
1.7778e+06 34084.4
1.78528e+06 34117.2
1.79276e+06 34172.3
1.80024e+06 34221.2
1.80772e+06 34263.2
1.8152e+06 34334.8
1.82268e+06 34377
1.83016e+06 34439.6
1.83764e+06 34466.3
1.84512e+06 34467.7
1.8526e+06 34442.8
1.86008e+06 34412.8
1.86756e+06 34424.5
1.87504e+06 34445.7
1.88252e+06 34470.7
1.89e+06 34514.7
1.89748e+06 34525.1
1.90496e+06 34521.7
1.91244e+06 34541.3
1.91992e+06 34590.4
1.9274e+06 34642
1.93488e+06 34657.9
1.94236e+06 34645.7
1.94984e+06 34674
1.95732e+06 34751.2
1.9648e+06 34801.8
1.97228e+06 34833.7
1.97976e+06 34887.9
1.98724e+06 34937.1
1.99472e+06 34951.1
2.0022e+06 34914.3
2.00968e+06 34922.1
2.01716e+06 34922.4
2.02464e+06 34961.8
2.03212e+06 35000.7
2.0396e+06 35034.4
2.04708e+06 35051
2.05456e+06 35057.7
2.06204e+06 34997.2
2.06952e+06 34954.8
2.077e+06 34923.6
2.08448e+06 34903.7
2.09196e+06 34923.2
2.09944e+06 34993.5
2.10692e+06 35072.5
2.1144e+06 35129.5
2.12188e+06 35163.3
2.12936e+06 35219.1
2.13684e+06 35255.1
2.14432e+06 35293.3
2.1518e+06 35309.6
2.15928e+06 35332.3
2.16676e+06 35340.5
2.17424e+06 35352.6
2.18172e+06 35369.9
2.1892e+06 35377.5
2.19668e+06 35368.4
2.20416e+06 35388.1
2.21164e+06 35402.7
2.21912e+06 35375.2
2.2266e+06 35355.8
2.23408e+06 35391.3
2.24156e+06 35433
2.24904e+06 35454.1
2.25652e+06 35421.6
2.264e+06 35436
2.27148e+06 35434.6
2.27896e+06 35438
2.28644e+06 35434.8
2.29392e+06 35428.7
2.3014e+06 35445.8
2.30888e+06 35472.1
2.31636e+06 35512
2.32384e+06 35541.9
2.33132e+06 35538.5
2.3388e+06 35526.7
2.34628e+06 35547.9
2.35376e+06 35550.8
2.36124e+06 35521.9
2.36872e+06 35495.4
2.3762e+06 35449.2
2.38368e+06 35414.3
2.39116e+06 35421.5
2.39864e+06 35460.9
2.40612e+06 35515.6
2.4136e+06 35546.1
2.42108e+06 35576.4
2.42856e+06 35556.6
2.43604e+06 35543.1
2.44352e+06 35557.5
2.451e+06 35522.7
2.45848e+06 35472.9
2.46596e+06 35466.5
2.47344e+06 35465.1
2.48092e+06 35448.1
2.4884e+06 35452.7
2.49588e+06 35429.7
2.50336e+06 35371.6
2.51084e+06 35348.8
2.51832e+06 35310.2
2.5258e+06 35281.6
2.53328e+06 35288.9
2.54076e+06 35269.5
2.54824e+06 35263.7
2.55572e+06 35264.9
2.5632e+06 35294.5
2.57068e+06 35320.2
2.57816e+06 35333.5
2.58564e+06 35333.6
2.59312e+06 35318
2.6006e+06 35324.8
2.60808e+06 35351.2
2.61556e+06 35345.6
2.62304e+06 35359.2
2.63052e+06 35378.9
2.638e+06 35419.8
2.64548e+06 35440.6
2.65296e+06 35464.2
2.66044e+06 35488.7
2.66792e+06 35506.6
2.6754e+06 35528.5
2.68288e+06 35545.5
2.69036e+06 35557.3
2.69784e+06 35579.9
2.70532e+06 35586
2.7128e+06 35582.5
2.72028e+06 35596.2
2.72776e+06 35614.1
2.73524e+06 35635.3
2.74272e+06 35634.1
2.7502e+06 35616.9
2.75768e+06 35603.9
2.76516e+06 35613.9
2.77264e+06 35629.1
2.78012e+06 35646.3
2.7876e+06 35672.2
2.79508e+06 35699.6
2.80256e+06 35702.3
2.81004e+06 35700.8
2.81752e+06 35705.4
2.825e+06 35712
2.83248e+06 35705.9
2.83996e+06 35690.1
2.84744e+06 35704.8
2.85492e+06 35734.4
2.8624e+06 35774.2
2.86988e+06 35799.7
2.87736e+06 35801
2.88484e+06 35775.9
2.89232e+06 35762.8
2.8998e+06 35772.7
2.90728e+06 35810.2
2.91476e+06 35841.2
2.92224e+06 35869.2
2.92972e+06 35872.8
2.9372e+06 35856.2
2.94468e+06 35831.9
2.95216e+06 35825.2
2.95964e+06 35831.7
2.96712e+06 35844.6
2.9746e+06 35854
2.98208e+06 35842
2.98956e+06 35842.1
2.99704e+06 35835.5
3.00452e+06 35828.6
3.012e+06 35828.3
3.01948e+06 35836.5
3.02696e+06 35802.7
3.03444e+06 35774.6
3.04192e+06 35774.9
3.0494e+06 35802.7
3.05688e+06 35813.7
3.06436e+06 35866.8
3.07184e+06 35908.5
3.07932e+06 35944.6
3.0868e+06 35964.7
3.09428e+06 35972.2
3.10176e+06 35978.9
3.10924e+06 36009.5
3.11672e+06 36058.5
3.1242e+06 36086.9
3.13168e+06 36099.9
3.13916e+06 36115.6
3.14664e+06 36113.9
3.15412e+06 36114.2
3.1616e+06 36116.9
3.16908e+06 36124.5
3.17656e+06 36155.8
3.18404e+06 36177.1
3.19152e+06 36189.8
3.199e+06 36222.8
3.20648e+06 36260.6
3.21396e+06 36298.7
3.22144e+06 36332.1
3.22892e+06 36358.8
3.2364e+06 36360.6
3.24388e+06 36361.5
3.25136e+06 36360.2
3.25884e+06 36343
3.26632e+06 36325.3
3.2738e+06 36322.5
3.28128e+06 36324.1
3.28876e+06 36339.4
3.29624e+06 36355.6
3.30372e+06 36385.3
3.3112e+06 36424.6
3.31868e+06 36479.7
3.32616e+06 36514.9
3.33364e+06 36524
3.34112e+06 36555
3.3486e+06 36589.3
3.35608e+06 36601.3
3.36356e+06 36611
3.37104e+06 36635
3.37852e+06 36647.3
3.386e+06 36659.3
3.39348e+06 36648.6
3.40096e+06 36641.6
3.40844e+06 36613.2
3.41592e+06 36581.8
3.4234e+06 36574
3.43088e+06 36584.1
3.43836e+06 36591.6
3.44584e+06 36600.1
3.45332e+06 36623.8
3.4608e+06 36621.8
3.46828e+06 36605.7
3.47576e+06 36590.9
3.48324e+06 36594.2
3.49072e+06 36579.4
3.4982e+06 36564.4
3.50568e+06 36549.7
3.51316e+06 36529.8
3.52064e+06 36509.3
3.52812e+06 36481
3.5356e+06 36472.3
3.54308e+06 36481.1
3.55056e+06 36512.9
3.55804e+06 36511.5
3.56552e+06 36522.1
3.573e+06 36531.8
3.58048e+06 36543
3.58796e+06 36555.2
3.59544e+06 36579.7
3.60292e+06 36596.8
3.6104e+06 36623
3.61788e+06 36662.1
3.62536e+06 36706.2
3.63284e+06 36737.4
3.64032e+06 36761.6
3.6478e+06 36795.9
3.65528e+06 36845.3
3.66276e+06 36879.2
3.67024e+06 36893.9
3.67772e+06 36924.2
3.6852e+06 36939.9
3.69268e+06 36920.9
3.70016e+06 36894.1
3.70764e+06 36870.2
3.71512e+06 36865.3
3.7226e+06 36878.3
3.73008e+06 36872
3.73756e+06 36873.6
3.74504e+06 36888.7
3.75252e+06 36879.6
3.76e+06 36856.6
3.76748e+06 36853.6
3.77496e+06 36846.7
3.78244e+06 36855.3
3.78992e+06 36880.4
3.7974e+06 36884.3
3.80488e+06 36889.4
3.81236e+06 36907.4
3.81984e+06 36912.2
3.82732e+06 36931
3.8348e+06 36959.8
3.84228e+06 36992.2
3.84976e+06 37031.7
3.85724e+06 37058.3
3.86472e+06 37064.8
3.8722e+06 37037.9
3.87968e+06 37025.1
3.88716e+06 37023.8
3.89464e+06 37007.8
3.90212e+06 36980.4
3.9096e+06 36951
3.91708e+06 36936.4
3.92456e+06 36937.7
3.93204e+06 36963.5
3.93952e+06 36978.8
3.947e+06 36967.9
3.95448e+06 36943
3.96196e+06 36917.5
3.96944e+06 36886.6
3.97692e+06 36876.9
3.9844e+06 36888.3
3.99188e+06 36914.1
3.99936e+06 36931
4.00684e+06 36942
4.01432e+06 36956.1
4.0218e+06 36975.7
4.02928e+06 36997.5
4.03676e+06 37021.1
4.04424e+06 37033.2
4.05172e+06 37023.3
4.0592e+06 37008.3
4.06668e+06 37003.5
4.07416e+06 36999
4.08164e+06 37008.3
4.08912e+06 37014.8
4.0966e+06 37018.1
4.10408e+06 37028.2
4.11156e+06 37039.7
4.11904e+06 37043.5
4.12652e+06 37050.2
4.134e+06 37074.1
4.14148e+06 37093.1
4.14896e+06 37128
4.15644e+06 37139.9
4.16392e+06 37145.1
4.1714e+06 37144.6
4.17888e+06 37159.6
4.18636e+06 37165.9
4.19384e+06 37171.7
4.20132e+06 37161.8
4.2088e+06 37158.5
4.21628e+06 37153.9
4.22376e+06 37162.9
4.23124e+06 37175.6
4.23872e+06 37195.2
4.2462e+06 37211.2
4.25368e+06 37219.7
4.26116e+06 37226.3
4.26864e+06 37241.8
4.27612e+06 37244.8
4.2836e+06 37257.6
4.29108e+06 37273.1
4.29856e+06 37279.2
4.30604e+06 37261.1
4.31352e+06 37248.1
4.321e+06 37240.9
4.32848e+06 37245.2
4.33596e+06 37263.2
4.34344e+06 37267.4
4.35092e+06 37283.2
4.3584e+06 37288.7
4.36588e+06 37284.6
4.37336e+06 37293.4
4.38084e+06 37296.1
4.38832e+06 37301.3
4.3958e+06 37305.1
4.40328e+06 37302
4.41076e+06 37304.3
4.41824e+06 37308.7
4.42572e+06 37314.5
4.4332e+06 37341.6
4.44068e+06 37372.6
4.44816e+06 37394.2
4.45564e+06 37410.8
4.46312e+06 37435.8
4.4706e+06 37455.7
4.47808e+06 37485.8
4.48556e+06 37532.1
4.49304e+06 37552.8
4.50052e+06 37539.9
4.508e+06 37534.9
4.51548e+06 37535
4.52296e+06 37533
4.53044e+06 37531.6
4.53792e+06 37540.3
4.5454e+06 37544
4.55288e+06 37546.4
4.56036e+06 37555.4
4.56784e+06 37552.8
4.57532e+06 37556.9
4.5828e+06 37573.9
4.59028e+06 37592.3
4.59776e+06 37604.2
4.60524e+06 37610.8
4.61272e+06 37610.9
4.6202e+06 37597.7
4.62768e+06 37586.1
4.63516e+06 37576.9
4.64264e+06 37574
4.65012e+06 37583.4
4.6576e+06 37580.2
4.66508e+06 37574.8
4.67256e+06 37580.7
4.68004e+06 37602
4.68752e+06 37621.3
4.695e+06 37642.3
4.70248e+06 37674.2
4.70996e+06 37707.1
4.71744e+06 37720.1
4.72492e+06 37731.2
4.7324e+06 37744.6
4.73988e+06 37747.7
4.74736e+06 37756.4
4.75484e+06 37777.8
4.76232e+06 37795.8
4.7698e+06 37814.8
4.77728e+06 37845.3
4.78476e+06 37859.6
4.79224e+06 37880.1
4.79972e+06 37885.7
4.8072e+06 37886.2
4.81468e+06 37891.5
4.82216e+06 37888.1
4.82964e+06 37889.5
4.83712e+06 37884
4.8446e+06 37911.2
4.85208e+06 37926.4
4.85956e+06 37914.9
4.86704e+06 37905.2
4.87452e+06 37898.7
4.882e+06 37894.1
4.88948e+06 37901.4
4.89696e+06 37898.3
4.90444e+06 37881.4
4.91192e+06 37875.4
4.9194e+06 37891.2
4.92688e+06 37891.5
4.93436e+06 37895.8
4.94184e+06 37899.2
4.94932e+06 37894.6
4.9568e+06 37901
4.96428e+06 37924.3
4.97176e+06 37936.3
4.97924e+06 37952.4
4.98672e+06 37979
4.9942e+06 38005.9
5.00168e+06 38023.7
5.00916e+06 38041.6
5.01664e+06 38054.4
5.02412e+06 38075.6
5.0316e+06 38095.2
5.03908e+06 38098.3
5.04656e+06 38103.2
5.05404e+06 38124.9
5.06152e+06 38137.4
5.069e+06 38154.4
5.07648e+06 38186.3
5.08396e+06 38225
5.09144e+06 38245.7
5.09892e+06 38243.9
5.1064e+06 38248.2
5.11388e+06 38254.9
5.12136e+06 38258.2
5.12884e+06 38260.1
5.13632e+06 38259.5
5.1438e+06 38266.5
5.15128e+06 38293.1
5.15876e+06 38306.1
5.16624e+06 38332.3
5.17372e+06 38355.8
5.1812e+06 38371.7
5.18868e+06 38371.1
5.19616e+06 38371.4
5.20364e+06 38380.5
5.21112e+06 38383.8
5.2186e+06 38393.6
5.22608e+06 38422.9
5.23356e+06 38451.8
5.24104e+06 38470.2
5.24852e+06 38495.6
5.256e+06 38525.9
5.26348e+06 38553.1
5.27096e+06 38550.7
5.27844e+06 38554.7
5.28592e+06 38555.9
5.2934e+06 38550.9
5.30088e+06 38534.5
5.30836e+06 38511.2
5.31584e+06 38497.1
5.32332e+06 38492.3
5.3308e+06 38483.6
5.33828e+06 38480.6
5.34576e+06 38483
5.35324e+06 38486.5
5.36072e+06 38494.9
5.3682e+06 38512.6
5.37568e+06 38526.3
5.38316e+06 38549
5.39064e+06 38570.4
5.39812e+06 38590.8
5.4056e+06 38578
5.41308e+06 38571.7
5.42056e+06 38575.3
5.42804e+06 38601
5.43552e+06 38630
5.443e+06 38646.6
5.45048e+06 38654.9
5.45796e+06 38683
5.46544e+06 38695.7
5.47292e+06 38690.9
5.4804e+06 38706.7
5.48788e+06 38723.8
5.49536e+06 38742.2
5.50284e+06 38764.3
5.51032e+06 38787.7
5.5178e+06 38807.6
5.52528e+06 38832.5
5.53276e+06 38842.9
5.54024e+06 38870.7
5.54772e+06 38898.3
5.5552e+06 38920.6
5.56268e+06 38919.2
5.57016e+06 38930.4
5.57764e+06 38944.4
5.58512e+06 38963.3
5.5926e+06 38979.1
5.60008e+06 39003.6
5.60756e+06 39016.8
5.61504e+06 39033.2
5.62252e+06 39043.1
5.63e+06 39050.9
5.63748e+06 39065.6
5.64496e+06 39078.8
5.65244e+06 39094.6
5.65992e+06 39114.9
5.6674e+06 39137.8
5.67488e+06 39156.3
5.68236e+06 39182.6
5.68984e+06 39203.8
5.69732e+06 39221.8
5.7048e+06 39233
5.71228e+06 39258
5.71976e+06 39279.2
5.72724e+06 39288.2
5.73472e+06 39305.8
5.7422e+06 39322.3
5.74968e+06 39340.1
5.75716e+06 39351.9
5.76464e+06 39371.6
5.77212e+06 39381.8
5.7796e+06 39393.4
5.78708e+06 39408
5.79456e+06 39388
5.80204e+06 39374.6
5.80952e+06 39371.5
5.817e+06 39385.5
5.82448e+06 39396.7
5.83196e+06 39412.2
5.83944e+06 39430.1
5.84692e+06 39443.6
5.8544e+06 39462
5.86188e+06 39463.6
5.86936e+06 39458.8
5.87684e+06 39454.3
5.88432e+06 39454.6
5.8918e+06 39457.2
5.89928e+06 39485.8
5.90676e+06 39523
5.91424e+06 39559.6
5.92172e+06 39593.2
5.9292e+06 39606.5
5.93668e+06 39626
5.94416e+06 39647.1
5.95164e+06 39656.9
5.95912e+06 39653
5.9666e+06 39656.4
5.97408e+06 39677.3
5.98156e+06 39702.3
5.98904e+06 39728.6
5.99652e+06 39758.7
6.004e+06 39788.2
6.01148e+06 39805.8
6.01896e+06 39809.7
6.02644e+06 39805.5
6.03392e+06 39811.1
6.0414e+06 39819.7
6.04888e+06 39820.4
6.05636e+06 39822.5
6.06384e+06 39815
6.07132e+06 39818.4
6.0788e+06 39830.6
6.08628e+06 39824.2
6.09376e+06 39794.8
6.10124e+06 39783.1
6.10872e+06 39779.8
6.1162e+06 39780.7
6.12368e+06 39782.7
6.13116e+06 39778.1
6.13864e+06 39785.1
6.14612e+06 39790
6.1536e+06 39810.5
6.16108e+06 39819.9
6.16856e+06 39828.5
6.17604e+06 39844.8
6.18352e+06 39848.1
6.191e+06 39860.1
6.19848e+06 39881.5
6.20596e+06 39897.2
6.21344e+06 39909.6
6.22092e+06 39940
6.2284e+06 39967.1
6.23588e+06 39986.7
6.24336e+06 39992.9
6.25084e+06 40002.9
6.25832e+06 40010.9
6.2658e+06 40026.2
6.27328e+06 40039.5
6.28076e+06 40049
6.28824e+06 40049.6
6.29572e+06 40058.9
6.3032e+06 40078.4
6.31068e+06 40096.5
6.31816e+06 40110.9
6.32564e+06 40116.4
6.33312e+06 40119.2
6.3406e+06 40129.8
6.34808e+06 40141.8
6.35556e+06 40158.8
6.36304e+06 40178.9
6.37052e+06 40189.4
6.378e+06 40198.1
6.38548e+06 40224.7
6.39296e+06 40248.9
6.40044e+06 40258
6.40792e+06 40270.5
6.4154e+06 40286.4
6.42288e+06 40309.5
6.43036e+06 40325.6
6.43784e+06 40344.2
6.44532e+06 40355.4
6.4528e+06 40345.7
6.46028e+06 40328
6.46776e+06 40323
6.47524e+06 40332.3
6.48272e+06 40341.8
6.4902e+06 40350.8
6.49768e+06 40348.2
6.50516e+06 40339.6
6.51264e+06 40334.9
6.52012e+06 40339.2
6.5276e+06 40350.9
6.53508e+06 40376.6
6.54256e+06 40401.5
6.55004e+06 40433.6
6.55752e+06 40466.4
6.565e+06 40490.5
6.57248e+06 40505
6.57996e+06 40512.9
6.58744e+06 40516.5
6.59492e+06 40519.7
6.6024e+06 40510.3
6.60988e+06 40506.6
6.61736e+06 40520
6.62484e+06 40531.7
6.63232e+06 40533.9
6.6398e+06 40534.8
6.64728e+06 40523.1
6.65476e+06 40530.9
6.66224e+06 40543.4
6.66972e+06 40548.4
6.6772e+06 40542.9
6.68468e+06 40544.1
6.69216e+06 40548
6.69964e+06 40561.6
6.70712e+06 40569.8
6.7146e+06 40586.2
6.72208e+06 40600.3
6.72956e+06 40612.6
6.73704e+06 40622.7
6.74452e+06 40630.7
6.752e+06 40643.8
6.75948e+06 40668.6
6.76696e+06 40686.8
6.77444e+06 40704.6
6.78192e+06 40721.7
6.7894e+06 40736.5
6.79688e+06 40757.2
6.80436e+06 40763.4
6.81184e+06 40772.5
6.81932e+06 40780.9
6.8268e+06 40790.1
6.83428e+06 40807.2
6.84176e+06 40823.1
6.84924e+06 40823.3
6.85672e+06 40822.2
6.8642e+06 40823.4
6.87168e+06 40832.5
6.87916e+06 40838.2
6.88664e+06 40850.8
6.89412e+06 40860.7
6.9016e+06 40869.8
6.90908e+06 40872.9
6.91656e+06 40875.6
6.92404e+06 40877.1
6.93152e+06 40884.6
6.939e+06 40897.4
6.94648e+06 40887.6
6.95396e+06 40876.8
6.96144e+06 40862.3
6.96892e+06 40862
6.9764e+06 40870
6.98388e+06 40865
6.99136e+06 40854.6
6.99884e+06 40845.9
7.00632e+06 40831.8
7.0138e+06 40819.5
7.02128e+06 40792.5
7.02876e+06 40768
7.03624e+06 40747.2
7.04372e+06 40753.8
7.0512e+06 40768.6
7.05868e+06 40772
7.06616e+06 40763.9
7.07364e+06 40752.4
7.08112e+06 40751.8
7.0886e+06 40734.6
7.09608e+06 40712.4
7.10356e+06 40702.9
7.11104e+06 40699.6
7.11852e+06 40706.7
7.126e+06 40717.8
7.13348e+06 40723.2
7.14096e+06 40718.5
7.14844e+06 40695.3
7.15592e+06 40682.3
7.1634e+06 40673.1
7.17088e+06 40660.2
7.17836e+06 40648.2
7.18584e+06 40646.4
7.19332e+06 40645.8
7.2008e+06 40646.7
7.20828e+06 40644.2
7.21576e+06 40640.9
7.22324e+06 40639
7.23072e+06 40638.4
7.2382e+06 40633.1
7.24568e+06 40627
7.25316e+06 40621.1
7.26064e+06 40626.7
7.26812e+06 40630.7
7.2756e+06 40636.4
7.28308e+06 40643.6
7.29056e+06 40645.1
7.29804e+06 40643.4
7.30552e+06 40650
7.313e+06 40654.4
7.32048e+06 40654.1
7.32796e+06 40656.6
7.33544e+06 40659
7.34292e+06 40658.2
7.3504e+06 40663.3
7.35788e+06 40665
7.36536e+06 40667.9
7.37284e+06 40678.5
7.38032e+06 40679.3
7.3878e+06 40669.4
7.39528e+06 40665.5
7.40276e+06 40665.6
7.41024e+06 40667.6
7.41772e+06 40662.4
7.4252e+06 40660
7.43268e+06 40661.5
7.44016e+06 40670.7
7.44764e+06 40691.9
7.45512e+06 40703.8
7.4626e+06 40709.4
7.47008e+06 40720.5
7.47756e+06 40728.9
7.48504e+06 40729.1
7.49252e+06 40730.6
