1000 0.00235908
1004 0.00468414
1008 0.0164035
1012 -0.0145459
1016 -0.00155194
1020 0.00647909
1024 -0.00722611
1028 0.0161669
1032 -0.0369186
1036 0.0374851
1040 -0.0208345
1044 0.0196482
1048 -0.0240802
1052 0.000178564
1056 -0.00856384
1060 -0.0257704
1064 0.014684
1068 -0.00698503
1072 -0.00242726
1076 -0.0213337
1080 -0.00107056
1084 -0.0141764
1088 0.0108788
1092 -0.0130715
1096 -0.00268976
1100 0.00356166
1104 -0.0183635
1108 0.0233881
1112 -0.00926281
1116 -0.00849357
1120 0.019714
1124 -0.0279775
1128 -0.0134178
1132 0.0100707
1136 -0.000687696
1140 -0.0008257
1144 -0.0130678
1148 0.0411027
1152 -0.0346855
1156 -0.00287909
1160 -0.013329
1164 -0.0205558
1168 0.0162913
1172 -0.0226062
1176 -0.00812821
1180 -0.0297031
1184 0.0329191
1188 -0.0245741
1192 -0.0124782
1196 0.00614106
1200 -0.00653698
1204 -0.0157924
1208 -0.0128941
1212 0.0215742
1216 -0.0104045
1220 0.0137343
1224 -0.00241914
1228 0.0110996
1232 0.00686461
1236 -0.0125663
1240 0.0153466
1244 -0.00357038
1248 0.00465053
1252 -0.00191225
1256 -0.00205015
1260 -0.00468544
1264 0.0131671
1268 -0.0269579
1272 0.0148032
1276 -0.010761
1280 -0.0295723
1284 0.0228704
1288 -0.03125
1292 -0.00723977
1296 -0.0166599
1300 -0.0048696
1304 0.0163087
1308 -0.0020879
1312 0.00407595
1316 0.0201304
1320 -0.00455398
1324 0.0115693
1328 0.0169234
1332 -0.0198787
1336 -0.00372484
1340 0.0167538
1344 -0.00501834
1348 0.0155585
1352 -0.0193705
1356 0.0135304
1360 0.0254166
1364 -0.0209695
1368 -0.00624304
1372 -0.0193164
1376 0.0011622
1380 0.0188696
1384 -0.015188
1388 0.00876463
1392 -0.00331845
1396 -0.0199572
1400 0.0156577
1404 -0.0127313
1408 -0.00116197
1412 0.00341281
1416 0.0189339
1420 0.0146847
1424 -0.00772045
1428 0.0154574
1432 -0.0117839
1436 0.0196426
1440 0.0165072
1444 0.00295327
1448 0.0136038
1452 -0.0433729
1456 0.0448901
1460 -0.0350646
1464 0.0121676
1468 0.00441436
1472 0.00321619
1476 0.0296171
1480 -0.00758081
1484 0.0180167
1488 -0.0221726
1492 0.0179241
1496 -0.0256485
1500 0.00900067
1504 0.0163668
1508 -0.0150117
1512 0.0108378
1516 0.0243687
1520 -0.0264776
1524 0.00280613
1528 -0.0195211
1532 -0.00289095
1536 0.00629548
1540 5.30641e-05
1544 -0.00765195
1548 0.0218405
1552 0.00585231
1556 0.00222605
1560 0.00307752
1564 0.013186
1568 0.0468784
1572 0.00228398
1576 0.0136565
1580 0.00172295
1584 0.0115454
1588 0.0291118
1592 -0.0216093
1596 0.017306
1600 -0.00618401
1604 0.00846617
1608 0.0384403
1612 0.01246
1616 0.0230734
1620 0.0116897
1624 0.0312448
1628 0.0564588
1632 -0.022785
1636 0.0243923
1640 0.00482885
1644 0.0124233
1648 0.0346309
1652 0.00331414
1656 0.0289168
1660 -0.0131695
1664 0.0178269
1668 -0.0204129
1672 0.00131696
1676 0.036001
1680 -0.01743
1684 0.0287356
1688 0.0146854
1692 0.0117428
1696 0.0470217
1700 0.00755502
1704 0.0309802
1708 0.00978145
1712 0.0515608
1716 0.0195884
1720 0.0354516
1724 0.0163334
1728 0.0632044
1732 -0.0331138
1736 -0.0107789
1740 0.0302917
1744 0.0096929
1748 -0.00569569
1752 0.00737253
1756 0.0089748
1760 0.030046
1764 0.0127543
1768 0.00916085
1772 0.0111952
1776 0.0432421
1780 -0.00394657
1784 0.0528082
1788 0.0178428
1792 -0.00375171
1796 -0.00179009
1800 0.0399062
1804 0.00875421
1808 -0.00475151
1812 0.0281543
1816 0.00296577
1820 0.012627
1824 -0.0285594
1828 0.0502301
1832 0.0287102
1836 -0.00987707
1840 0.0196197
1844 0.0409207
1848 0.0115933
1852 0.012462
1856 0.00387066
1860 0.0586967
1864 -0.0151783
1868 0.0499425
1872 0.0256958
1876 0.0353187
1880 0.0247267
1884 0.0466429
1888 0.015027
1892 0.0128711
1896 0.000299916
1900 0.00855437
1904 0.0233814
1908 0.0293373
1912 0.0508
1916 -0.00706645
1920 0.0280397
1924 0.0056824
1928 0.037388
1932 -0.000784039
1936 0.00829815
1940 0.00674799
1944 0.0073473
1948 0.0391214
1952 -0.00721352
1956 -0.0010011
1960 -0.015777
1964 0.000116006
1968 0.000341699
1972 0.0298742
1976 0.0186589
1980 0.00921379
1984 0.0262607
1988 0.0272867
1992 0.0324523
1996 -0.00405345
2000 0.0667335
2004 -0.0300616
2008 0.0308511
2012 0.0190014
2016 0.0378326
2020 -0.0152515
2024 0.0398008
2028 -0.000647881
2032 -0.0102947
2036 0.0229566
2040 0.00257577
2044 0.0143188
2048 0.0071405
2052 0.00115886
2056 0.0413185
2060 0.0213093
2064 -0.00524039
2068 0.0176399
2072 -0.0139801
2076 0.00806891
2080 0.0119054
2084 0.00968813
2088 0.0228271
2092 0.0300143
2096 0.0290402
2100 -0.04125
2104 0.0299826
2108 -0.0282315
2112 0.0523408
2116 0.00463362
2120 -0.0232408
2124 0.0600463
2128 -0.0225194
2132 0.0110161
2136 0.0142924
2140 0.0153486
2144 0.0474059
2148 -0.0062644
2152 -0.0201389
2156 0.0180406
2160 0.030075
2164 0.00327071
2168 0.0231404
2172 0.0173454
2176 -0.00883651
2180 -0.00942833
2184 0.0484241
2188 0.0197279
2192 -0.00457182
2196 0.0112176
2200 -0.00844723
2204 0.0186788
2208 0.0173524
2212 0.0246922
2216 0.00134467
2220 0.0668543
2224 -0.0105584
2228 0.04044
2232 -0.0140669
2236 0.0431842
2240 0.0282693
2244 0.0215876
2248 -0.00210429
2252 -0.0100959
2256 0.0206737
2260 0.0343762
2264 0.0214245
2268 0.0200108
2272 -0.019
2276 0.0464191
2280 0.0103328
2284 0.0386782
2288 -0.0137855
2292 0.0367372
2296 -0.00482087
2300 0.010824
2304 0.00169879
2308 0.0173609
2312 0.0199107
2316 0.026396
2320 -0.00276156
2324 0.00737695
2328 0.00749093
2332 0.00336119
2336 0.0248061
2340 -0.0164888
2344 0.0131455
2348 0.00703419
2352 -0.0129168
2356 0.00947169
2360 0.00553641
2364 -0.00548888
2368 0.00725312
2372 -0.0025337
2376 0.00814896
2380 -0.0110499
2384 0.00449271
2388 0.018672
2392 -0.00472148
2396 0.0104603
2400 -0.0332078
2404 0.0566158
2408 -0.0311253
2412 0.0144281
2416 -0.0376309
2420 0.0402042
2424 -0.0289842
2428 0.0177578
2432 -0.0376195
2436 0.0362487
2440 -0.0229599
2444 0.0309409
2448 -0.0420557
2452 0.0141359
2456 -0.0111063
2460 -0.0119633
2464 0.0110566
2468 0.00361006
2472 0.028711
2476 -0.00437728
2480 -0.0131446
2484 0.0179766
2488 -0.0181543
2492 -0.00936827
2496 -0.00277739
2500 -0.00616236
2504 0.00247697
2508 -0.000307404
2512 0.00972892
2516 -0.00731476
2520 -0.0226997
2524 -0.00870115
2528 -0.000644494
2532 0.0026604
2536 -0.000588527
2540 -0.0162228
2544 0.00237753
2548 0.0010914
2552 -0.0085848
2556 0.00655729
2560 0.0345559
2564 0.00340806
2568 0.00431312
2572 0.00937772
2576 -0.00961201
2580 0.00581419
2584 -0.00938283
2588 0.0279111
2592 0.00475085
2596 0.00921023
2600 0.0055072
2604 -0.00152881
2608 0.0173092
2612 0.0199092
2616 0.00696312
2620 -0.00768381
2624 0.0189357
2628 -0.00797774
2632 -0.00320855
2636 0.00646284
2640 -0.00652497
2644 0.0359041
2648 -0.0138559
2652 -0.00385848
2656 0.00347132
2660 0.0293385
2664 -0.00730572
2668 0.00219637
2672 0.0107784
2676 -0.000564441
2680 0.0112212
2684 0.00691983
2688 -0.0309422
2692 0.0341881
2696 -0.020499
2700 0.0330972
2704 -0.00362046
2708 -0.00196899
2712 0.0230424
2716 -0.0212477
2720 -0.000998453
2724 -0.00734333
2728 -0.0258516
2732 0.00670956
2736 0.0415478
2740 -0.0144652
2744 0.00268403
2748 0.00659242
2752 0.0125748
2756 -0.0139214
2760 0.029508
2764 -0.000403775
2768 0.00110545
2772 -0.0117267
2776 -3.03108e-05
2780 0.00175631
2784 0.0121977
2788 -0.00799125
2792 -0.0201161
2796 -0.00134018
2800 0.0277209
2804 -0.00302849
2808 -0.0052215
2812 -0.00337917
2816 0.00580155
2820 -0.0228054
2824 0.00143201
2828 -0.0214092
2832 0.0113712
2836 -0.0222445
2840 0.0172663
2844 0.019818
2848 -0.021382
2852 -0.0167488
2856 0.00032764
2860 0.00584151
2864 0.0155776
2868 -0.00775046
2872 0.0188199
2876 -0.0061368
2880 -0.00876132
2884 0.00762328
2888 -0.0197552
2892 -0.00521232
2896 0.0143446
2900 0.00881026
2904 0.0336244
2908 -0.0088638
2912 -0.0111867
2916 -0.00833033
2920 0.0166589
2924 -0.00655155
2928 0.0379321
2932 0.0122842
2936 0.0333252
2940 -0.00198598
2944 0.0135131
2948 0.0325234
2952 0.020429
2956 0.0374141
2960 0.011532
2964 0.0211791
2968 0.025893
2972 0.036309
2976 0.0252178
2980 -0.0112637
2984 0.0469504
2988 0.000649017
2992 0.0509207
2996 0.00766828
3000 0.0448698
3004 -0.00257593
3008 0.00826546
3012 0.0267742
3016 0.00562034
3020 -0.00313478
3024 0.0478776
3028 -0.00491312
3032 0.0500414
3036 -0.00223193
3040 0.0164833
3044 0.0162978
3048 0.00985191
3052 0.0352064
3056 -0.00953615
3060 0.0109407
3064 0.0381928
3068 0.0125141
3072 0.0261827
3076 0.0123358
3080 -0.0130439
3084 0.0322663
3088 -0.00643786
3092 0.0236026
3096 0.0223862
3100 0.0335365
3104 0.0364425
3108 0.0490201
3112 -0.0134087
3116 0.0571728
3120 0.0187072
3124 -0.000452801
3128 0.0110422
3132 -0.00410643
3136 -0.00132065
3140 0.0424607
3144 0.000967529
3148 0.0286947
3152 0.00889401
3156 0.0246173
3160 -0.0053496
3164 0.0206035
3168 0.0120606
3172 0.0121757
3176 0.030257
3180 0.00468432
3184 0.042957
3188 -0.0228681
3192 0.0288782
3196 0.0184432
3200 -0.00903108
3204 0.0141064
3208 0.0286848
3212 0.0161304
3216 0.0635099
3220 -0.0209834
3224 0.0427661
3228 -0.0119675
3232 -0.01648
3236 0.0405706
3240 0.00696462
3244 0.0649599
3248 -0.00353208
3252 0.0373724
3256 0.0293784
3260 0.0409118
3264 0.00442144
3268 0.0170665
3272 0.0430733
3276 -0.00640606
3280 0.0181134
3284 0.0480286
3288 0.0561757
3292 0.0298327
3296 -0.0127109
3300 0.0143465
3304 0.0160539
3308 0.01001
3312 0.0405674
3316 0.0350478
3320 0.0324055
3324 0.000499782
3328 -0.0176133
3332 0.0305403
3336 -0.00420165
3340 -0.00110642
3344 0.0383432
3348 -0.0375186
3352 0.032014
3356 0.0123851
3360 0.00693413
3364 0.0247131
3368 0.00509451
3372 0.0454645
3376 -0.0118569
3380 0.0217807
3384 -0.00744142
3388 0.0129401
3392 0.0493176
3396 0.00720597
3400 0.0260323
3404 0.0146283
3408 0.0354058
3412 -0.0127758
3416 0.0441378
3420 -0.0392196
3424 0.0518057
3428 0.00428598
3432 0.0504495
3436 0.0143612
3440 0.0414716
3444 -0.00240999
3448 0.0321835
3452 0.0261207
3456 0.0296619
3460 0.0438678
3464 0.00308213
3468 0.02864
3472 0.00386081
3476 0.0258045
3480 0.0269786
3484 0.03214
3488 0.0356189
3492 0.00671378
3496 0.0246188
3500 0.0290838
3504 0.0089642
3508 0.00443392
3512 0.0269771
3516 0.0386929
3520 -0.00637507
3524 0.0207982
3528 0.00150054
3532 -0.0173169
3536 0.00438062
3540 -0.0115193
3544 0.0346684
3548 0.00252184
3552 -0.00351491
3556 0.0415894
3560 0.049989
3564 -0.0226065
3568 0.0421187
3572 0.0228309
3576 0.00543539
3580 0.0526892
3584 -0.0158108
3588 0.0127941
3592 0.0224967
3596 0.00155144
3600 -0.00458397
3604 0.0283689
3608 0.0330967
3612 0.0204901
3616 0.0311709
3620 0.00145035
3624 0.0377916
3628 0.00668529
3632 0.0392397
3636 0.00817079
3640 0.0375354
3644 -0.00474664
3648 0.0561387
3652 0.00262325
3656 0.0200526
3660 0.0331331
3664 -0.0453466
3668 0.00077913
3672 0.0358115
3676 0.0124753
3680 0.0276855
3684 0.00380898
3688 0.0107725
3692 0.0494074
3696 0.0217368
3700 0.037878
3704 0.028259
3708 0.0414894
3712 -0.0377529
3716 0.0193704
3720 -0.0130097
3724 0.0259453
3728 0.0275474
3732 0.0253351
3736 0.0290682
3740 -0.00716903
3744 0.0378205
3748 0.0471899
3752 0.00335017
3756 0.0547401
3760 0.0091469
3764 0.0281944
3768 0.0382457
3772 -0.0138981
3776 0.0599913
3780 0.0248925
3784 0.0203633
3788 0.0110151
3792 0.0540265
3796 -0.00747468
3800 0.052709
3804 0.0206751
3808 0.0104913
3812 0.0149259
3816 0.0108376
3820 0.0266213
3824 0.0189003
3828 -0.0141047
3832 0.0459264
3836 -0.00147969
3840 0.0207894
3844 0.0371226
3848 -0.0104366
3852 0.00975749
3856 0.0233779
3860 0.0421494
3864 0.0102737
3868 0.0168184
3872 0.0227898
3876 -0.0124683
3880 0.033712
3884 0.0027736
3888 0.010721
3892 0.00243681
3896 0.0273379
3900 -0.0192314
3904 0.0114718
3908 0.0221202
3912 0.0252803
3916 0.0100373
3920 0.0106836
3924 -0.0128081
3928 0.0220748
3932 -0.00915896
3936 0.0184566
3940 0.0302279
3944 -0.0255546
3948 0.0194381
3952 0.00167923
3956 0.00480517
3960 0.0299221
3964 0.00205641
3968 0.0847418
3972 0.0149193
3976 0.0290916
3980 0.0203914
3984 0.0119368
3988 0.0125769
3992 0.0355949
3996 -0.0143514
4000 -0.00113355
4004 0.00473404
4008 0.000101461
4012 0.0450549
4016 -0.00820331
4020 0.0382832
4024 -0.00679409
4028 0.0338946
4032 0.0286473
4036 0.0141901
4040 0.0381008
4044 0.0209194
4048 -0.00989932
4052 0.0237522
4056 0.0246228
4060 0.0149525
4064 0.00878664
4068 0.0367358
4072 0.0387315
4076 0.0321494
4080 -0.00383768
4084 0.026624
4088 0.0167276
4092 0.00939443
4096 0.00917585
4100 0.0154448
4104 0.0131785
4108 0.0209106
4112 0.0153863
4116 -0.0053195
4120 0.0202541
4124 0.0136661
4128 0.00127456
4132 0.00513396
4136 0.0153322
4140 0.0396655
4144 0.000552484
4148 0.0152509
4152 0.0237941
4156 0.0286242
4160 0.0134197
4164 0.0587717
4168 0.00355481
4172 0.0426486
4176 -0.01282
4180 0.0505452
4184 0.0167362
4188 0.0107652
4192 0.0300812
4196 0.0235396
4200 0.00253314
4204 0.0225557
4208 0.000165147
4212 0.0152401
4216 0.00179137
4220 -0.0135865
4224 0.0296151
4228 0.0200219
4232 0.0108456
4236 0.0229714
4240 0.0332936
4244 -0.0214959
4248 -0.0103017
4252 0.00447263
4256 0.0140989
4260 0.0307851
4264 0.0519217
4268 -0.00684693
4272 0.0205583
4276 0.00271203
4280 0.0131945
4284 -0.0147503
4288 0.016476
4292 0.00967776
4296 0.01372
4300 -0.000632707
4304 -0.00183965
4308 0.0549085
4312 0.00995806
4316 0.0201172
4320 0.0302254
4324 -0.0163858
4328 0.0386395
4332 0.00865628
4336 0.0343586
4340 0.0173676
4344 0.00788678
4348 0.0106387
4352 0.009075
4356 0.022033
4360 -0.00270859
4364 0.0412887
4368 0.0224993
4372 0.0383439
4376 -0.00906975
4380 0.0213702
4384 -0.0240103
4388 0.0427637
4392 -0.000707226
4396 0.0102853
4400 0.03144
4404 0.0127048
4408 0.0040827
4412 0.0272115
4416 0.0026832
4420 0.00401046
4424 0.0161941
4428 0.0198649
4432 -0.0233478
4436 0.0273741
4440 0.0119055
4444 -0.018171
4448 0.0460662
4452 0.035619
4456 -0.00586361
4460 0.00694505
4464 0.0193242
4468 0.0168358
4472 0.0429928
4476 0.00586893
4480 0.017893
4484 0.0447849
4488 0.0199604
4492 0.0101911
4496 0.0375686
4500 0.0148082
4504 0.0281403
4508 0.0210664
4512 0.00452194
4516 0.0192273
4520 -0.00284381
4524 0.0344166
4528 -0.00830295
4532 0.0323468
4536 -0.0343621
4540 0.0211428
4544 0.0166362
4548 0.0179712
4552 0.0370741
4556 0.00714157
4560 0.00471259
4564 0.0322525
4568 -0.00761925
4572 -0.00394831
4576 -0.000289385
4580 0.0442143
4584 -0.0222247
4588 0.0395741
4592 -0.000526161
4596 -0.00806905
4600 0.0151743
4604 0.0183974
4608 0.0137365
4612 0.0102973
4616 0.0198843
4620 -0.00899621
4624 0.0132545
4628 0.00681884
4632 0.0191871
4636 0.00332145
4640 0.0177906
4644 0.00394665
4648 0.00695215
4652 0.00111778
4656 0.0329628
4660 -0.0118657
4664 0.029098
4668 0.0140226
4672 -0.0154028
4676 0.0517017
4680 0.0336434
4684 0.012423
4688 0.00768781
4692 0.0170915
4696 0.0326914
4700 -0.0128203
4704 0.0398687
4708 0.00846717
4712 0.0095558
4716 0.0244267
4720 0.0304687
4724 0.00223963
4728 0.0425354
4732 0.0107106
4736 0.0334984
4740 0.00169397
4744 0.0233684
4748 0.0177635
4752 -0.00173085
4756 0.0203451
4760 0.0364584
4764 0.0135709
4768 -0.0262124
4772 0.0411357
4776 0.00979059
4780 -0.00136886
4784 0.0330707
4788 -0.00790343
4792 0.0556459
4796 -0.0184055
4800 0.0685806
4804 -0.0123834
4808 0.0327611
4812 0.0415688
4816 0.022168
4820 0.0260684
4824 0.0130763
4828 0.00658055
4832 0.0166309
4836 0.00420143
4840 0.0196941
4844 0.03468
4848 -0.00521642
4852 0.0454912
4856 0.0338979
4860 0.0329916
4864 0.0131407
4868 0.0289105
4872 -0.00115758
4876 0.00973074
4880 0.0265259
4884 0.0359147
4888 0.00636026
4892 0.0126842
4896 0.0200758
4900 0.0218517
4904 0.0248127
4908 0.0133837
4912 0.0561431
4916 0.0152763
4920 -0.00443842
4924 0.0242264
4928 0.0264913
4932 0.0221265
4936 0.0302616
4940 0.0098207
4944 0.0466133
4948 0.0270518
4952 0.000671978
4956 0.00450017
4960 0.0272104
4964 0.0229509
4968 0.0271758
4972 0.00620059
4976 0.0322946
4980 0.00819099
4984 0.0608911
4988 -0.0120142
4992 0.011858
4996 0.0410365
