100000 0.94804
104900 0.780218
109800 0.779606
114700 0.778256
119600 0.777234
124500 0.776642
129400 0.782151
134300 0.78023
139200 0.779039
144100 0.776954
149000 0.77928
153900 0.782222
158800 0.78239
163700 0.779284
168600 0.779363
173500 0.781074
178400 0.782354
183300 0.78195
188200 0.780027
193100 0.779812
198000 0.780561
202900 0.780674
207800 0.7796
212700 0.779674
217600 0.780604
222500 0.779877
227400 0.779177
232300 0.778472
237200 0.778108
242100 0.777105
247000 0.776014
251900 0.777295
256800 0.777323
261700 0.777206
266600 0.777092
271500 0.776463
276400 0.776932
281300 0.777098
286200 0.777334
291100 0.777056
296000 0.776138
300900 0.775837
305800 0.775624
310700 0.774931
315600 0.774935
320500 0.774885
325400 0.774877
330300 0.77505
335200 0.775187
340100 0.775272
345000 0.775981
349900 0.77576
354800 0.77556
359700 0.776092
364600 0.776793
369500 0.77714
374400 0.776658
379300 0.776819
384200 0.77666
389100 0.777012
394000 0.777052
398900 0.777236
403800 0.77756
408700 0.777732
413600 0.777662
418500 0.778036
423400 0.778223
428300 0.777882
433200 0.777886
438100 0.778254
443000 0.778088
447900 0.778201
452800 0.77784
457700 0.778037
462600 0.778131
467500 0.778099
472400 0.778341
477300 0.778076
482200 0.778145
487100 0.778199
492000 0.77843
496900 0.778912
501800 0.77844
506700 0.778406
511600 0.778741
516500 0.779197
521400 0.779202
526300 0.778783
531200 0.778937
536100 0.779119
541000 0.778735
545900 0.779172
550800 0.779096
555700 0.77958
560600 0.779374
565500 0.779639
570400 0.780032
575300 0.779891
580200 0.779446
585100 0.77956
590000 0.7797
594900 0.779281
599800 0.779266
604700 0.779306
609600 0.779167
614500 0.77923
619400 0.779291
624300 0.779212
629200 0.779368
634100 0.779508
639000 0.779233
643900 0.779381
648800 0.779326
653700 0.779045
658600 0.77915
663500 0.779271
668400 0.779337
673300 0.779265
678200 0.779415
683100 0.779392
688000 0.779135
692900 0.779276
697800 0.779209
702700 0.779188
707600 0.779135
712500 0.779137
717400 0.779029
722300 0.779253
727200 0.779356
732100 0.779144
737000 0.778975
741900 0.778984
746800 0.778984
751700 0.778788
756600 0.778729
761500 0.778811
766400 0.778905
771300 0.779139
776200 0.77928
781100 0.779333
786000 0.779421
790900 0.779654
795800 0.779635
800700 0.77949
805600 0.779307
810500 0.779414
815400 0.77933
820300 0.779352
825200 0.77927
830100 0.779294
835000 0.779317
839900 0.779453
844800 0.779429
849700 0.779457
854600 0.779476
859500 0.779548
864400 0.779431
869300 0.779461
874200 0.779496
879100 0.779349
884000 0.779163
888900 0.779227
893800 0.779307
898700 0.779373
903600 0.779448
908500 0.779341
913400 0.779307
918300 0.779353
923200 0.779276
928100 0.77894
933000 0.77901
937900 0.779022
942800 0.778789
947700 0.778815
952600 0.778869
957500 0.778758
962400 0.778817
967300 0.778882
972200 0.778872
977100 0.778952
982000 0.779081
986900 0.779163
991800 0.779182
996700 0.779091
1.0016e+06 0.779239
1.0065e+06 0.779316
1.0114e+06 0.779328
1.0163e+06 0.779292
1.0212e+06 0.779134
1.0261e+06 0.779089
1.031e+06 0.779066
1.0359e+06 0.779213
1.0408e+06 0.779235
1.0457e+06 0.77927
1.0506e+06 0.779487
1.0555e+06 0.779504
1.0604e+06 0.779394
1.0653e+06 0.779194
1.0702e+06 0.779279
1.0751e+06 0.779382
1.08e+06 0.779319
1.0849e+06 0.779235
1.0898e+06 0.779187
1.0947e+06 0.779145
1.0996e+06 0.779269
1.1045e+06 0.779327
1.1094e+06 0.779373
1.1143e+06 0.779463
1.1192e+06 0.779338
1.1241e+06 0.779253
1.129e+06 0.779117
1.1339e+06 0.779065
1.1388e+06 0.778934
1.1437e+06 0.778911
1.1486e+06 0.778974
1.1535e+06 0.779077
1.1584e+06 0.779011
1.1633e+06 0.779048
1.1682e+06 0.779044
1.1731e+06 0.779021
1.178e+06 0.779048
1.1829e+06 0.778973
1.1878e+06 0.778931
1.1927e+06 0.779043
1.1976e+06 0.778931
1.2025e+06 0.778922
1.2074e+06 0.77901
1.2123e+06 0.779136
1.2172e+06 0.779167
1.2221e+06 0.779157
1.227e+06 0.779193
1.2319e+06 0.77919
1.2368e+06 0.779115
1.2417e+06 0.779085
1.2466e+06 0.779093
1.2515e+06 0.779033
1.2564e+06 0.779161
1.2613e+06 0.779144
1.2662e+06 0.779116
1.2711e+06 0.779084
1.276e+06 0.778959
1.2809e+06 0.778834
1.2858e+06 0.778747
1.2907e+06 0.778665
1.2956e+06 0.778682
1.3005e+06 0.778523
1.3054e+06 0.778627
1.3103e+06 0.778666
1.3152e+06 0.778588
1.3201e+06 0.778656
1.325e+06 0.77871
1.3299e+06 0.778588
1.3348e+06 0.778516
1.3397e+06 0.778601
1.3446e+06 0.778665
1.3495e+06 0.778478
1.3544e+06 0.778475
1.3593e+06 0.778436
1.3642e+06 0.778438
1.3691e+06 0.778418
1.374e+06 0.778472
1.3789e+06 0.778456
1.3838e+06 0.778405
1.3887e+06 0.778363
1.3936e+06 0.778366
1.3985e+06 0.778465
1.4034e+06 0.778471
1.4083e+06 0.778467
1.4132e+06 0.778349
1.4181e+06 0.77833
1.423e+06 0.778238
1.4279e+06 0.778264
1.4328e+06 0.778275
1.4377e+06 0.778259
1.4426e+06 0.778271
1.4475e+06 0.778351
1.4524e+06 0.778316
1.4573e+06 0.778294
1.4622e+06 0.77831
1.4671e+06 0.778234
1.472e+06 0.778233
1.4769e+06 0.778366
1.4818e+06 0.778298
1.4867e+06 0.778209
1.4916e+06 0.778309
1.4965e+06 0.77832
1.5014e+06 0.778196
1.5063e+06 0.778124
1.5112e+06 0.778189
1.5161e+06 0.778233
1.521e+06 0.778247
1.5259e+06 0.778268
1.5308e+06 0.778265
1.5357e+06 0.778283
1.5406e+06 0.778231
1.5455e+06 0.778105
1.5504e+06 0.778103
1.5553e+06 0.778044
1.5602e+06 0.77795
1.5651e+06 0.777957
1.57e+06 0.778001
1.5749e+06 0.778064
1.5798e+06 0.778023
1.5847e+06 0.778136
1.5896e+06 0.778019
1.5945e+06 0.777974
1.5994e+06 0.778026
1.6043e+06 0.778029
1.6092e+06 0.777935
1.6141e+06 0.778035
1.619e+06 0.778163
1.6239e+06 0.778128
1.6288e+06 0.778077
1.6337e+06 0.778005
1.6386e+06 0.777929
1.6435e+06 0.778081
1.6484e+06 0.778077
1.6533e+06 0.778101
1.6582e+06 0.778202
1.6631e+06 0.778128
1.668e+06 0.778133
1.6729e+06 0.778054
1.6778e+06 0.778052
1.6827e+06 0.778069
1.6876e+06 0.778069
1.6925e+06 0.778074
1.6974e+06 0.778072
1.7023e+06 0.778074
1.7072e+06 0.778084
1.7121e+06 0.778123
1.717e+06 0.778089
1.7219e+06 0.778053
1.7268e+06 0.778075
1.7317e+06 0.778061
1.7366e+06 0.778117
1.7415e+06 0.778124
1.7464e+06 0.778043
1.7513e+06 0.778048
1.7562e+06 0.778036
1.7611e+06 0.778158
1.766e+06 0.778126
1.7709e+06 0.778238
1.7758e+06 0.778261
1.7807e+06 0.778199
1.7856e+06 0.778262
1.7905e+06 0.778217
1.7954e+06 0.778214
1.8003e+06 0.778289
1.8052e+06 0.778228
1.8101e+06 0.77829
1.815e+06 0.778328
1.8199e+06 0.778236
1.8248e+06 0.778212
1.8297e+06 0.778222
1.8346e+06 0.778218
1.8395e+06 0.778162
1.8444e+06 0.778185
1.8493e+06 0.778122
1.8542e+06 0.778072
1.8591e+06 0.778021
1.864e+06 0.778018
1.8689e+06 0.778024
1.8738e+06 0.778036
1.8787e+06 0.778018
1.8836e+06 0.777955
1.8885e+06 0.777896
1.8934e+06 0.777796
1.8983e+06 0.777783
1.9032e+06 0.777773
1.9081e+06 0.777797
1.913e+06 0.777777
1.9179e+06 0.77774
1.9228e+06 0.777712
1.9277e+06 0.777783
1.9326e+06 0.777741
1.9375e+06 0.777716
1.9424e+06 0.777728
1.9473e+06 0.777753
1.9522e+06 0.777777
1.9571e+06 0.7778
1.962e+06 0.777868
1.9669e+06 0.777786
1.9718e+06 0.777743
1.9767e+06 0.777681
1.9816e+06 0.77773
1.9865e+06 0.777794
1.9914e+06 0.777877
1.9963e+06 0.777961
2.0012e+06 0.778014
2.0061e+06 0.778067
2.011e+06 0.778122
2.0159e+06 0.778124
2.0208e+06 0.77816
2.0257e+06 0.778175
2.0306e+06 0.77827
2.0355e+06 0.778301
2.0404e+06 0.778364
2.0453e+06 0.778298
2.0502e+06 0.778294
2.0551e+06 0.778203
2.06e+06 0.778195
2.0649e+06 0.778219
2.0698e+06 0.778238
2.0747e+06 0.778241
2.0796e+06 0.778218
2.0845e+06 0.778201
2.0894e+06 0.778152
2.0943e+06 0.778062
2.0992e+06 0.778019
2.1041e+06 0.777997
2.109e+06 0.778006
2.1139e+06 0.777976
2.1188e+06 0.778024
2.1237e+06 0.777986
2.1286e+06 0.77803
2.1335e+06 0.777899
2.1384e+06 0.777868
2.1433e+06 0.777803
2.1482e+06 0.777773
2.1531e+06 0.777772
2.158e+06 0.777773
2.1629e+06 0.777699
2.1678e+06 0.777653
2.1727e+06 0.777546
2.1776e+06 0.777537
2.1825e+06 0.777526
2.1874e+06 0.777549
2.1923e+06 0.777516
2.1972e+06 0.777469
2.2021e+06 0.777461
2.207e+06 0.777434
2.2119e+06 0.777369
2.2168e+06 0.777361
2.2217e+06 0.777376
2.2266e+06 0.777431
2.2315e+06 0.777447
2.2364e+06 0.777485
2.2413e+06 0.777501
2.2462e+06 0.777473
2.2511e+06 0.77749
2.256e+06 0.777492
2.2609e+06 0.777505
2.2658e+06 0.777537
2.2707e+06 0.777582
2.2756e+06 0.777526
2.2805e+06 0.777524
2.2854e+06 0.777602
2.2903e+06 0.777604
2.2952e+06 0.777529
2.3001e+06 0.777495
2.305e+06 0.777494
2.3099e+06 0.777493
2.3148e+06 0.777499
2.3197e+06 0.77749
2.3246e+06 0.777493
2.3295e+06 0.777483
2.3344e+06 0.777453
2.3393e+06 0.777421
2.3442e+06 0.777387
2.3491e+06 0.777374
2.354e+06 0.777379
2.3589e+06 0.777442
2.3638e+06 0.777477
2.3687e+06 0.777468
2.3736e+06 0.777473
2.3785e+06 0.777453
2.3834e+06 0.777454
2.3883e+06 0.777497
2.3932e+06 0.777513
2.3981e+06 0.777523
2.403e+06 0.777498
2.4079e+06 0.777492
2.4128e+06 0.777517
2.4177e+06 0.777451
2.4226e+06 0.777482
2.4275e+06 0.777546
2.4324e+06 0.777541
2.4373e+06 0.777494
2.4422e+06 0.777545
2.4471e+06 0.777481
2.452e+06 0.777448
2.4569e+06 0.777449
2.4618e+06 0.777488
2.4667e+06 0.777508
2.4716e+06 0.77755
2.4765e+06 0.777585
2.4814e+06 0.777603
2.4863e+06 0.777605
2.4912e+06 0.77753
2.4961e+06 0.777525
2.501e+06 0.777562
2.5059e+06 0.777524
2.5108e+06 0.77758
2.5157e+06 0.777587
2.5206e+06 0.777526
2.5255e+06 0.777529
2.5304e+06 0.777491
2.5353e+06 0.777434
2.5402e+06 0.777423
2.5451e+06 0.777405
2.55e+06 0.777417
2.5549e+06 0.777377
2.5598e+06 0.777395
2.5647e+06 0.777449
2.5696e+06 0.777452
2.5745e+06 0.777423
2.5794e+06 0.777476
2.5843e+06 0.777391
2.5892e+06 0.777388
2.5941e+06 0.777414
2.599e+06 0.777447
2.6039e+06 0.777436
2.6088e+06 0.777374
2.6137e+06 0.777427
2.6186e+06 0.777389
2.6235e+06 0.777372
2.6284e+06 0.777448
2.6333e+06 0.777476
2.6382e+06 0.77744
2.6431e+06 0.777472
2.648e+06 0.777504
2.6529e+06 0.777465
2.6578e+06 0.777467
2.6627e+06 0.777457
2.6676e+06 0.77748
2.6725e+06 0.777503
2.6774e+06 0.777472
2.6823e+06 0.777474
2.6872e+06 0.777499
2.6921e+06 0.777538
2.697e+06 0.777548
2.7019e+06 0.777519
2.7068e+06 0.777484
2.7117e+06 0.777538
2.7166e+06 0.777565
2.7215e+06 0.777598
2.7264e+06 0.777615
2.7313e+06 0.77761
2.7362e+06 0.777601
2.7411e+06 0.777544
2.746e+06 0.777559
2.7509e+06 0.777545
2.7558e+06 0.777598
2.7607e+06 0.777605
2.7656e+06 0.777656
2.7705e+06 0.777603
2.7754e+06 0.777573
2.7803e+06 0.777519
2.7852e+06 0.777596
2.7901e+06 0.77753
2.795e+06 0.777538
2.7999e+06 0.777495
2.8048e+06 0.777513
2.8097e+06 0.777466
2.8146e+06 0.77743
2.8195e+06 0.777439
2.8244e+06 0.77747
2.8293e+06 0.77747
2.8342e+06 0.77752
2.8391e+06 0.777478
2.844e+06 0.77748
2.8489e+06 0.777444
2.8538e+06 0.777438
2.8587e+06 0.777505
2.8636e+06 0.777533
2.8685e+06 0.777518
2.8734e+06 0.777531
2.8783e+06 0.777526
2.8832e+06 0.77752
2.8881e+06 0.777525
2.893e+06 0.777487
2.8979e+06 0.777446
2.9028e+06 0.777479
2.9077e+06 0.777512
2.9126e+06 0.777496
2.9175e+06 0.777468
2.9224e+06 0.777498
2.9273e+06 0.7775
2.9322e+06 0.777457
2.9371e+06 0.777486
2.942e+06 0.777488
2.9469e+06 0.777522
2.9518e+06 0.777592
2.9567e+06 0.77763
2.9616e+06 0.777633
2.9665e+06 0.777676
2.9714e+06 0.777656
2.9763e+06 0.777659
2.9812e+06 0.777649
2.9861e+06 0.777623
2.991e+06 0.777594
2.9959e+06 0.777627
3.0008e+06 0.777651
3.0057e+06 0.777647
3.0106e+06 0.777589
3.0155e+06 0.777587
3.0204e+06 0.777578
3.0253e+06 0.777643
3.0302e+06 0.777642
3.0351e+06 0.77768
3.04e+06 0.777685
3.0449e+06 0.777714
3.0498e+06 0.777706
3.0547e+06 0.777683
3.0596e+06 0.777628
3.0645e+06 0.777632
3.0694e+06 0.777644
3.0743e+06 0.777632
3.0792e+06 0.777615
3.0841e+06 0.77759
3.089e+06 0.777593
3.0939e+06 0.777596
3.0988e+06 0.777621
3.1037e+06 0.777619
3.1086e+06 0.777623
3.1135e+06 0.77761
3.1184e+06 0.777612
3.1233e+06 0.777633
3.1282e+06 0.777647
3.1331e+06 0.777631
3.138e+06 0.777623
3.1429e+06 0.777584
3.1478e+06 0.777615
3.1527e+06 0.777615
3.1576e+06 0.777681
3.1625e+06 0.777691
3.1674e+06 0.777694
3.1723e+06 0.777679
3.1772e+06 0.777778
3.1821e+06 0.777781
3.187e+06 0.777789
3.1919e+06 0.777788
3.1968e+06 0.777788
3.2017e+06 0.77781
3.2066e+06 0.777792
3.2115e+06 0.777814
3.2164e+06 0.777796
3.2213e+06 0.777846
3.2262e+06 0.777876
3.2311e+06 0.777906
3.236e+06 0.777895
3.2409e+06 0.777858
3.2458e+06 0.777877
3.2507e+06 0.777879
3.2556e+06 0.777899
3.2605e+06 0.777903
3.2654e+06 0.777903
3.2703e+06 0.777893
3.2752e+06 0.777884
3.2801e+06 0.777902
3.285e+06 0.777891
3.2899e+06 0.777926
3.2948e+06 0.777948
3.2997e+06 0.777931
3.3046e+06 0.777949
3.3095e+06 0.777918
3.3144e+06 0.777929
3.3193e+06 0.777964
3.3242e+06 0.777985
3.3291e+06 0.77798
3.334e+06 0.777999
3.3389e+06 0.777978
3.3438e+06 0.777947
3.3487e+06 0.77791
3.3536e+06 0.777864
3.3585e+06 0.777882
3.3634e+06 0.777902
3.3683e+06 0.777868
3.3732e+06 0.777884
3.3781e+06 0.777874
3.383e+06 0.777862
3.3879e+06 0.777887
3.3928e+06 0.777897
3.3977e+06 0.777862
3.4026e+06 0.777858
3.4075e+06 0.777817
3.4124e+06 0.777829
3.4173e+06 0.777799
3.4222e+06 0.777791
3.4271e+06 0.777837
3.432e+06 0.777818
3.4369e+06 0.777853
3.4418e+06 0.777873
3.4467e+06 0.777868
3.4516e+06 0.777945
3.4565e+06 0.77796
3.4614e+06 0.777925
3.4663e+06 0.777919
3.4712e+06 0.777917
3.4761e+06 0.777932
3.481e+06 0.777978
3.4859e+06 0.777989
3.4908e+06 0.777997
3.4957e+06 0.778007
3.5006e+06 0.777993
3.5055e+06 0.777933
3.5104e+06 0.777875
3.5153e+06 0.777848
3.5202e+06 0.777815
3.5251e+06 0.777857
3.53e+06 0.777846
3.5349e+06 0.777863
3.5398e+06 0.777853
3.5447e+06 0.777855
3.5496e+06 0.777837
3.5545e+06 0.777866
3.5594e+06 0.777882
3.5643e+06 0.77789
3.5692e+06 0.777912
3.5741e+06 0.777935
3.579e+06 0.777932
3.5839e+06 0.777943
3.5888e+06 0.777916
3.5937e+06 0.77795
3.5986e+06 0.777954
3.6035e+06 0.777998
3.6084e+06 0.778004
3.6133e+06 0.778011
3.6182e+06 0.777948
3.6231e+06 0.777957
3.628e+06 0.777954
3.6329e+06 0.777974
3.6378e+06 0.777953
3.6427e+06 0.777977
3.6476e+06 0.778007
3.6525e+06 0.778031
3.6574e+06 0.778076
3.6623e+06 0.778029
3.6672e+06 0.778029
3.6721e+06 0.778015
3.677e+06 0.778022
3.6819e+06 0.778027
3.6868e+06 0.778029
3.6917e+06 0.778012
3.6966e+06 0.778052
3.7015e+06 0.778045
3.7064e+06 0.777996
3.7113e+06 0.777979
3.7162e+06 0.777964
3.7211e+06 0.777928
3.726e+06 0.777928
3.7309e+06 0.777949
3.7358e+06 0.77797
3.7407e+06 0.777977
3.7456e+06 0.777941
3.7505e+06 0.777963
3.7554e+06 0.778014
3.7603e+06 0.777996
3.7652e+06 0.778011
3.7701e+06 0.778013
3.775e+06 0.778034
3.7799e+06 0.778023
3.7848e+06 0.778029
3.7897e+06 0.77804
3.7946e+06 0.778048
3.7995e+06 0.778047
3.8044e+06 0.778079
3.8093e+06 0.77807
3.8142e+06 0.777997
3.8191e+06 0.778002
3.824e+06 0.778008
3.8289e+06 0.778018
3.8338e+06 0.778039
3.8387e+06 0.778048
3.8436e+06 0.778073
3.8485e+06 0.778088
3.8534e+06 0.778086
3.8583e+06 0.778113
3.8632e+06 0.778158
3.8681e+06 0.778142
3.873e+06 0.778147
3.8779e+06 0.778139
3.8828e+06 0.77815
3.8877e+06 0.778145
3.8926e+06 0.778163
3.8975e+06 0.778158
3.9024e+06 0.778127
3.9073e+06 0.77815
3.9122e+06 0.778165
3.9171e+06 0.778168
3.922e+06 0.778187
3.9269e+06 0.778194
3.9318e+06 0.778217
3.9367e+06 0.778225
3.9416e+06 0.77824
3.9465e+06 0.778249
3.9514e+06 0.77822
3.9563e+06 0.778241
3.9612e+06 0.778271
3.9661e+06 0.778219
3.971e+06 0.778177
3.9759e+06 0.778188
3.9808e+06 0.778212
3.9857e+06 0.778203
3.9906e+06 0.778216
3.9955e+06 0.778228
4.0004e+06 0.778164
4.0053e+06 0.778157
4.0102e+06 0.778135
4.0151e+06 0.778109
4.02e+06 0.778109
4.0249e+06 0.778144
4.0298e+06 0.778129
4.0347e+06 0.778137
4.0396e+06 0.77816
4.0445e+06 0.778171
4.0494e+06 0.778158
4.0543e+06 0.778173
4.0592e+06 0.778182
4.0641e+06 0.778134
4.069e+06 0.778123
4.0739e+06 0.778068
4.0788e+06 0.77804
4.0837e+06 0.778019
4.0886e+06 0.77802
4.0935e+06 0.778035
4.0984e+06 0.778068
4.1033e+06 0.778061
4.1082e+06 0.77802
4.1131e+06 0.777997
4.118e+06 0.778013
4.1229e+06 0.777999
4.1278e+06 0.777983
4.1327e+06 0.777957
4.1376e+06 0.777923
4.1425e+06 0.77793
4.1474e+06 0.777918
4.1523e+06 0.777913
4.1572e+06 0.777924
4.1621e+06 0.777918
4.167e+06 0.777927
4.1719e+06 0.777894
4.1768e+06 0.777899
4.1817e+06 0.777907
4.1866e+06 0.777928
4.1915e+06 0.777942
4.1964e+06 0.777971
4.2013e+06 0.777987
4.2062e+06 0.777976
4.2111e+06 0.777996
4.216e+06 0.778008
4.2209e+06 0.778009
4.2258e+06 0.778052
4.2307e+06 0.778051
4.2356e+06 0.778083
4.2405e+06 0.778085
4.2454e+06 0.778092
4.2503e+06 0.778066
4.2552e+06 0.778057
4.2601e+06 0.778052
4.265e+06 0.778073
4.2699e+06 0.778071
4.2748e+06 0.778086
4.2797e+06 0.778062
4.2846e+06 0.778074
4.2895e+06 0.778047
4.2944e+06 0.778076
4.2993e+06 0.778065
4.3042e+06 0.778059
4.3091e+06 0.778017
4.314e+06 0.778001
4.3189e+06 0.777962
4.3238e+06 0.777936
4.3287e+06 0.77789
4.3336e+06 0.77788
4.3385e+06 0.777859
4.3434e+06 0.777866
4.3483e+06 0.777811
4.3532e+06 0.777799
4.3581e+06 0.777836
4.363e+06 0.777818
4.3679e+06 0.777855
4.3728e+06 0.777883
4.3777e+06 0.777855
4.3826e+06 0.777844
4.3875e+06 0.777841
4.3924e+06 0.777815
4.3973e+06 0.777838
4.4022e+06 0.777863
4.4071e+06 0.777848
4.412e+06 0.777855
4.4169e+06 0.777827
4.4218e+06 0.777829
4.4267e+06 0.77785
4.4316e+06 0.777915
4.4365e+06 0.777923
4.4414e+06 0.777946
4.4463e+06 0.77792
4.4512e+06 0.777933
4.4561e+06 0.777934
4.461e+06 0.777917
4.4659e+06 0.777926
4.4708e+06 0.777924
4.4757e+06 0.777913
4.4806e+06 0.777878
4.4855e+06 0.777889
4.4904e+06 0.777883
4.4953e+06 0.777896
4.5002e+06 0.777884
4.5051e+06 0.777881
4.51e+06 0.777876
4.5149e+06 0.777857
4.5198e+06 0.777837
4.5247e+06 0.777846
4.5296e+06 0.777797
4.5345e+06 0.777794
4.5394e+06 0.777783
4.5443e+06 0.777781
4.5492e+06 0.777777
4.5541e+06 0.777763
4.559e+06 0.777762
4.5639e+06 0.777755
4.5688e+06 0.777735
4.5737e+06 0.77776
4.5786e+06 0.777756
4.5835e+06 0.777764
4.5884e+06 0.777771
4.5933e+06 0.777747
4.5982e+06 0.77773
4.6031e+06 0.77771
4.608e+06 0.777713
4.6129e+06 0.777721
4.6178e+06 0.77769
4.6227e+06 0.777718
4.6276e+06 0.77773
4.6325e+06 0.777732
4.6374e+06 0.777734
4.6423e+06 0.77769
4.6472e+06 0.777725
4.6521e+06 0.777735
4.657e+06 0.777722
4.6619e+06 0.777714
4.6668e+06 0.777726
4.6717e+06 0.777743
4.6766e+06 0.777722
4.6815e+06 0.777711
4.6864e+06 0.77773
4.6913e+06 0.777734
4.6962e+06 0.777726
4.7011e+06 0.777739
4.706e+06 0.777724
4.7109e+06 0.777733
4.7158e+06 0.777718
4.7207e+06 0.777732
4.7256e+06 0.777712
4.7305e+06 0.777742
4.7354e+06 0.777727
4.7403e+06 0.777735
4.7452e+06 0.777757
4.7501e+06 0.777744
4.755e+06 0.777735
4.7599e+06 0.777756
4.7648e+06 0.777765
4.7697e+06 0.777754
4.7746e+06 0.777741
4.7795e+06 0.777698
4.7844e+06 0.777689
4.7893e+06 0.777694
4.7942e+06 0.777703
4.7991e+06 0.7777
4.804e+06 0.77769
4.8089e+06 0.777711
4.8138e+06 0.777727
4.8187e+06 0.777743
4.8236e+06 0.777752
4.8285e+06 0.777765
4.8334e+06 0.77774
4.8383e+06 0.77776
4.8432e+06 0.777746
4.8481e+06 0.777732
4.853e+06 0.777761
4.8579e+06 0.777765
4.8628e+06 0.777747
4.8677e+06 0.777725
4.8726e+06 0.77773
4.8775e+06 0.777736
4.8824e+06 0.77772
4.8873e+06 0.777759
4.8922e+06 0.777767
4.8971e+06 0.777762
4.902e+06 0.777796
4.9069e+06 0.777807
4.9118e+06 0.777823
4.9167e+06 0.777795
4.9216e+06 0.777795
4.9265e+06 0.777809
4.9314e+06 0.77781
4.9363e+06 0.777831
4.9412e+06 0.777822
4.9461e+06 0.777831
4.951e+06 0.777825
4.9559e+06 0.777846
4.9608e+06 0.777829
4.9657e+06 0.777831
4.9706e+06 0.777814
4.9755e+06 0.777808
4.9804e+06 0.777808
4.9853e+06 0.777817
4.9902e+06 0.77778
4.9951e+06 0.7778
