1000 0.455206
1004 0.396207
1008 0.422646
1012 0.400056
1016 0.448528
1020 0.432943
1024 0.395816
1028 0.420566
1032 0.363052
1036 0.461949
1040 0.432559
1044 0.449437
1048 0.446825
1052 0.408671
1056 0.434146
1060 0.464987
1064 0.405629
1068 0.401087
1072 0.365618
1076 0.344226
1080 0.38125
1084 0.382669
1088 0.429791
1092 0.355496
1096 0.449512
1100 0.40057
1104 0.42226
1108 0.390004
1112 0.429768
1116 0.426098
1120 0.424906
1124 0.483053
1128 0.426237
1132 0.428347
1136 0.361799
1140 0.436668
1144 0.398075
1148 0.414013
1152 0.45219
1156 0.394008
1160 0.438514
1164 0.437711
1168 0.415478
1172 0.415916
1176 0.451932
1180 0.381986
1184 0.429541
1188 0.466106
1192 0.390831
1196 0.39453
1200 0.459184
1204 0.403639
1208 0.460385
1212 0.428098
1216 0.481765
1220 0.477252
1224 0.456761
1228 0.402883
1232 0.482823
1236 0.435096
1240 0.413744
1244 0.501528
1248 0.544398
1252 0.532018
1256 0.495918
1260 0.487304
1264 0.584173
1268 0.488008
1272 0.50752
1276 0.528257
1280 0.490204
1284 0.507649
1288 0.470465
1292 0.487907
1296 0.466189
1300 0.479724
1304 0.441036
1308 0.45079
1312 0.450916
1316 0.446683
1320 0.464932
1324 0.457397
1328 0.453727
1332 0.443488
1336 0.472131
1340 0.496389
1344 0.54996
1348 0.481567
1352 0.428317
1356 0.458937
1360 0.493931
1364 0.487078
1368 0.546558
1372 0.545016
1376 0.534068
1380 0.492358
1384 0.54933
1388 0.552979
1392 0.506333
1396 0.512921
1400 0.43355
1404 0.504156
1408 0.496522
1412 0.480595
1416 0.516653
1420 0.561333
1424 0.526099
1428 0.504481
1432 0.507982
1436 0.575377
1440 0.619604
1444 0.53538
1448 0.544754
1452 0.498521
1456 0.586569
1460 0.516775
1464 0.586349
1468 0.533711
1472 0.541127
1476 0.466855
1480 0.539289
1484 0.480705
1488 0.460372
1492 0.461204
1496 0.479297
1500 0.450958
1504 0.521938
1508 0.452787
1512 0.518002
1516 0.545232
1520 0.470569
1524 0.436254
1528 0.463185
1532 0.458826
1536 0.495552
1540 0.526339
1544 0.550526
1548 0.477026
1552 0.524733
1556 0.510337
1560 0.482832
1564 0.504446
1568 0.555428
1572 0.522808
1576 0.559343
1580 0.590214
1584 0.551474
1588 0.572389
1592 0.600503
1596 0.485228
1600 0.507379
1604 0.476602
1608 0.448496
1612 0.516227
1616 0.514405
1620 0.532452
1624 0.529647
1628 0.496719
1632 0.573006
1636 0.561174
1640 0.514677
1644 0.546765
1648 0.471379
1652 0.504597
1656 0.478024
1660 0.449329
1664 0.473564
1668 0.515292
1672 0.491923
1676 0.527634
1680 0.459501
1684 0.514262
1688 0.504631
1692 0.505336
1696 0.570147
1700 0.515584
1704 0.590629
1708 0.465513
1712 0.543558
1716 0.540038
1720 0.492388
1724 0.486943
1728 0.528412
1732 0.501965
1736 0.458938
1740 0.491774
1744 0.456153
1748 0.475008
1752 0.497472
1756 0.500635
1760 0.568921
1764 0.52834
1768 0.542223
1772 0.526592
1776 0.507215
1780 0.492437
1784 0.47476
1788 0.504251
1792 0.499749
1796 0.487598
1800 0.531738
1804 0.529615
1808 0.575011
1812 0.579684
1816 0.536003
1820 0.524422
1824 0.497223
1828 0.526689
1832 0.555498
1836 0.484423
1840 0.566467
1844 0.593505
1848 0.495624
1852 0.501979
1856 0.541915
1860 0.555309
1864 0.565802
1868 0.51268
1872 0.492643
1876 0.512345
1880 0.553391
1884 0.483194
1888 0.485796
1892 0.510575
1896 0.501777
1900 0.499327
1904 0.520155
1908 0.50085
1912 0.544762
1916 0.53315
1920 0.479186
1924 0.514317
1928 0.494651
1932 0.563075
1936 0.499634
1940 0.532881
1944 0.533804
1948 0.542698
1952 0.514863
1956 0.533623
1960 0.566884
1964 0.566719
1968 0.504769
1972 0.462766
1976 0.42802
1980 0.499447
1984 0.506759
1988 0.514403
1992 0.555863
1996 0.536019
2000 0.572547
2004 0.420728
2008 0.497653
2012 0.518156
2016 0.563171
2020 0.567222
2024 0.502135
2028 0.553852
2032 0.480715
2036 0.518233
2040 0.530654
2044 0.475465
2048 0.534736
2052 0.584185
2056 0.495653
2060 0.51436
2064 0.4792
2068 0.487819
2072 0.475284
2076 0.506977
2080 0.485291
2084 0.530815
2088 0.500521
2092 0.458582
2096 0.522492
2100 0.535712
2104 0.594338
2108 0.485915
2112 0.535338
2116 0.496294
2120 0.481717
2124 0.52221
2128 0.550587
2132 0.542223
2136 0.536845
2140 0.517726
2144 0.559111
2148 0.618247
2152 0.607634
2156 0.654607
2160 0.610945
2164 0.598652
2168 0.621957
2172 0.660313
2176 0.628931
2180 0.593766
2184 0.651242
2188 0.588915
2192 0.589846
2196 0.535526
2200 0.553845
2204 0.647926
2208 0.639319
2212 0.610948
2216 0.625946
2220 0.673002
2224 0.6488
2228 0.672045
2232 0.624275
2236 0.57691
2240 0.550753
2244 0.639302
2248 0.633152
2252 0.570069
2256 0.629654
2260 0.599839
2264 0.651164
2268 0.671033
2272 0.604026
2276 0.552813
2280 0.63381
2284 0.559552
2288 0.566207
2292 0.585365
2296 0.631775
2300 0.615351
2304 0.594029
2308 0.566692
2312 0.597831
2316 0.62633
2320 0.621097
2324 0.62718
2328 0.628937
2332 0.580114
2336 0.567997
2340 0.585124
2344 0.576465
2348 0.540547
2352 0.561766
2356 0.62203
2360 0.494961
2364 0.557142
2368 0.539222
2372 0.552156
2376 0.629602
2380 0.528564
2384 0.54114
2388 0.521308
2392 0.52442
2396 0.57169
2400 0.584233
2404 0.563989
2408 0.601549
2412 0.576447
2416 0.590228
2420 0.623656
2424 0.561994
2428 0.631505
2432 0.543377
2436 0.62961
2440 0.624374
2444 0.641102
2448 0.628184
2452 0.656368
2456 0.650909
2460 0.673537
2464 0.642719
2468 0.628563
2472 0.654806
2476 0.625052
2480 0.580982
2484 0.621904
2488 0.570891
2492 0.593308
2496 0.569153
2500 0.593353
2504 0.591298
2508 0.627609
2512 0.616094
2516 0.58149
2520 0.633506
2524 0.533514
2528 0.561297
2532 0.580403
2536 0.564517
2540 0.575592
2544 0.564624
2548 0.56345
2552 0.622175
2556 0.586206
2560 0.558833
2564 0.563641
2568 0.518761
2572 0.513667
2576 0.57502
2580 0.52837
2584 0.584304
2588 0.524644
2592 0.547779
2596 0.545174
2600 0.529587
2604 0.491326
2608 0.510091
2612 0.572089
2616 0.499639
2620 0.483004
2624 0.485477
2628 0.454933
2632 0.483577
2636 0.495639
2640 0.495695
2644 0.504645
2648 0.498854
2652 0.535114
2656 0.454471
2660 0.466954
2664 0.520882
2668 0.467476
2672 0.504446
2676 0.461663
2680 0.512817
2684 0.48892
2688 0.505187
2692 0.556781
2696 0.531171
2700 0.49463
2704 0.531786
2708 0.528991
2712 0.522821
2716 0.556114
2720 0.525641
2724 0.512269
2728 0.472411
2732 0.538331
2736 0.481828
2740 0.465743
2744 0.477563
2748 0.475982
2752 0.550502
2756 0.528242
2760 0.51171
2764 0.506648
2768 0.507901
2772 0.473307
2776 0.524652
2780 0.460689
2784 0.487235
2788 0.46441
2792 0.62437
2796 0.548839
2800 0.516565
2804 0.511285
2808 0.541491
2812 0.528973
2816 0.520461
2820 0.556272
2824 0.53204
2828 0.524398
2832 0.535287
2836 0.505448
2840 0.474089
2844 0.508751
2848 0.50786
2852 0.47369
2856 0.555289
2860 0.469383
2864 0.489716
2868 0.501317
2872 0.499199
2876 0.468924
2880 0.470744
2884 0.51596
2888 0.540738
2892 0.546617
2896 0.566473
2900 0.534314
2904 0.496074
2908 0.557385
2912 0.516576
2916 0.504446
2920 0.510543
2924 0.545424
2928 0.585792
2932 0.567382
2936 0.437785
2940 0.407164
2944 0.458769
2948 0.453322
2952 0.510865
2956 0.455973
2960 0.470864
2964 0.416825
2968 0.51669
2972 0.412919
2976 0.478442
2980 0.489769
2984 0.480494
2988 0.459854
2992 0.396477
2996 0.483178
3000 0.494133
3004 0.468368
3008 0.534248
3012 0.488922
3016 0.504519
3020 0.500881
3024 0.455046
3028 0.491058
3032 0.474075
3036 0.480871
3040 0.492647
3044 0.476357
3048 0.478523
3052 0.452391
3056 0.483475
3060 0.428326
3064 0.533164
3068 0.433785
3072 0.498777
3076 0.550686
3080 0.51441
3084 0.495369
3088 0.445471
3092 0.438767
3096 0.535727
3100 0.456737
3104 0.482312
3108 0.511543
3112 0.509267
3116 0.539218
3120 0.555681
3124 0.511804
3128 0.591112
3132 0.518325
3136 0.489486
3140 0.559402
3144 0.550044
3148 0.597152
3152 0.598724
3156 0.524383
3160 0.517927
3164 0.579121
3168 0.500251
3172 0.574164
3176 0.535544
3180 0.557336
3184 0.541035
3188 0.513134
3192 0.555841
3196 0.540232
3200 0.531724
3204 0.525682
3208 0.51052
3212 0.482703
3216 0.520881
3220 0.501834
3224 0.428581
3228 0.51449
3232 0.52165
3236 0.540723
3240 0.57655
3244 0.521329
3248 0.556825
3252 0.502437
3256 0.510041
3260 0.56723
3264 0.597923
3268 0.53224
3272 0.564901
3276 0.583126
3280 0.582943
3284 0.641238
3288 0.59001
3292 0.602348
3296 0.567405
3300 0.507312
3304 0.505691
3308 0.509561
3312 0.577579
3316 0.582823
3320 0.624997
3324 0.627887
3328 0.672197
3332 0.61224
3336 0.656081
3340 0.612098
3344 0.615051
3348 0.564972
3352 0.647293
3356 0.585944
3360 0.520387
3364 0.577811
3368 0.437319
3372 0.588962
3376 0.584537
3380 0.549994
3384 0.505304
3388 0.523748
3392 0.564099
3396 0.558938
3400 0.536756
3404 0.558948
3408 0.629715
3412 0.578134
3416 0.629501
3420 0.603955
3424 0.607655
3428 0.588904
3432 0.562349
3436 0.573759
3440 0.556467
3444 0.547543
3448 0.571034
3452 0.561682
3456 0.624405
3460 0.543529
3464 0.606067
3468 0.648266
3472 0.607451
3476 0.61988
3480 0.613981
3484 0.603276
3488 0.56351
3492 0.602463
3496 0.547572
3500 0.535115
3504 0.590311
3508 0.543775
3512 0.584626
3516 0.604834
3520 0.588443
3524 0.598804
3528 0.513817
3532 0.58057
3536 0.595114
3540 0.587765
3544 0.568237
3548 0.577668
3552 0.590924
3556 0.597938
3560 0.670017
3564 0.649604
3568 0.650375
3572 0.592643
3576 0.610697
3580 0.519686
3584 0.552693
3588 0.540981
3592 0.57486
3596 0.563864
3600 0.605034
3604 0.566855
3608 0.580765
3612 0.640965
3616 0.579502
3620 0.608777
3624 0.564897
3628 0.57628
3632 0.598651
3636 0.609349
3640 0.576436
3644 0.610934
3648 0.587625
3652 0.598031
3656 0.582691
3660 0.601244
3664 0.557105
3668 0.597729
3672 0.611102
3676 0.611723
3680 0.519964
3684 0.58262
3688 0.619408
3692 0.594421
3696 0.612889
3700 0.568131
3704 0.455465
3708 0.516017
3712 0.455194
3716 0.566578
3720 0.477443
3724 0.541637
3728 0.5362
3732 0.53179
3736 0.576106
3740 0.509524
3744 0.587035
3748 0.559208
3752 0.597766
3756 0.528642
3760 0.531668
3764 0.577391
3768 0.630075
3772 0.534507
3776 0.551049
3780 0.616888
3784 0.555571
3788 0.517348
3792 0.565018
3796 0.557591
3800 0.526066
3804 0.593085
3808 0.584863
3812 0.510291
3816 0.545572
3820 0.499875
3824 0.571772
3828 0.517363
3832 0.514407
3836 0.53447
3840 0.534331
3844 0.564103
3848 0.552076
3852 0.536801
3856 0.555328
3860 0.55965
3864 0.626506
3868 0.559557
3872 0.566786
3876 0.509136
3880 0.585791
3884 0.549599
3888 0.567193
3892 0.569731
3896 0.550691
3900 0.544724
3904 0.547321
3908 0.49059
3912 0.58258
3916 0.506494
3920 0.560608
3924 0.564264
3928 0.588487
3932 0.524001
3936 0.542942
3940 0.527777
3944 0.525151
3948 0.530945
3952 0.518595
3956 0.550735
3960 0.500685
3964 0.556221
3968 0.484876
3972 0.491132
3976 0.493858
3980 0.527873
3984 0.536933
3988 0.604937
3992 0.612344
3996 0.626697
4000 0.543053
4004 0.540053
4008 0.58114
4012 0.587285
4016 0.576028
4020 0.585752
4024 0.527443
4028 0.541883
4032 0.57507
4036 0.543159
4040 0.485026
4044 0.531631
4048 0.542004
4052 0.577594
4056 0.592322
4060 0.628213
4064 0.61459
4068 0.665562
4072 0.682639
4076 0.594538
4080 0.62889
4084 0.590613
4088 0.559922
4092 0.622512
4096 0.637934
4100 0.681728
4104 0.682378
4108 0.647284
4112 0.705632
4116 0.657597
4120 0.680796
4124 0.696244
4128 0.714696
4132 0.665177
4136 0.627943
4140 0.603794
4144 0.684883
4148 0.740637
4152 0.628804
4156 0.649718
4160 0.660214
4164 0.68806
4168 0.633197
4172 0.634385
4176 0.652875
4180 0.636535
4184 0.609021
4188 0.598513
4192 0.645632
4196 0.561523
4200 0.608859
4204 0.605939
4208 0.599999
4212 0.612608
4216 0.598797
4220 0.670758
4224 0.587196
4228 0.629981
4232 0.614331
4236 0.632509
4240 0.665081
4244 0.591741
4248 0.615161
4252 0.590956
4256 0.620074
4260 0.653298
4264 0.599529
4268 0.688635
4272 0.734512
4276 0.723159
4280 0.619629
4284 0.648592
4288 0.636772
4292 0.689443
4296 0.661248
4300 0.697299
4304 0.684953
4308 0.669725
4312 0.602314
4316 0.700823
4320 0.644928
4324 0.720774
4328 0.585515
4332 0.649733
4336 0.632601
4340 0.619844
4344 0.675354
4348 0.671468
4352 0.647398
4356 0.642194
4360 0.663996
4364 0.610681
4368 0.623882
4372 0.626003
4376 0.631258
4380 0.684753
4384 0.619447
4388 0.656643
4392 0.589207
4396 0.661806
4400 0.649976
4404 0.694853
4408 0.566704
4412 0.615718
4416 0.636129
4420 0.670029
4424 0.62733
4428 0.566871
4432 0.548462
4436 0.575115
4440 0.553898
4444 0.503185
4448 0.544594
4452 0.632057
4456 0.656514
4460 0.6534
4464 0.588151
4468 0.590972
4472 0.642903
4476 0.614574
4480 0.632263
4484 0.629381
4488 0.622605
4492 0.618764
4496 0.571567
4500 0.592656
4504 0.617825
4508 0.595345
4512 0.525781
4516 0.566877
4520 0.568964
4524 0.604148
4528 0.595814
4532 0.629466
4536 0.598558
4540 0.627137
4544 0.604754
4548 0.607408
4552 0.658343
4556 0.618167
4560 0.550729
4564 0.559094
4568 0.649771
4572 0.659022
4576 0.574503
4580 0.550256
4584 0.546712
4588 0.59079
4592 0.552314
4596 0.578085
4600 0.605274
4604 0.545145
4608 0.553718
4612 0.600959
4616 0.544499
4620 0.57583
4624 0.618914
4628 0.557944
4632 0.632146
4636 0.597756
4640 0.597408
4644 0.563355
4648 0.644567
4652 0.563104
4656 0.617699
4660 0.540817
4664 0.544636
4668 0.547422
4672 0.559071
4676 0.573675
4680 0.62657
4684 0.657317
4688 0.565781
4692 0.654571
4696 0.557892
4700 0.624573
4704 0.609497
4708 0.565196
4712 0.604427
4716 0.647667
4720 0.619409
4724 0.586261
4728 0.605058
4732 0.585915
4736 0.604702
4740 0.628604
4744 0.646768
4748 0.576226
4752 0.625107
4756 0.625072
4760 0.638528
4764 0.623376
4768 0.620743
4772 0.660559
4776 0.660658
4780 0.595894
4784 0.650709
4788 0.7006
4792 0.667498
4796 0.658192
4800 0.650102
4804 0.663315
4808 0.658557
4812 0.641233
4816 0.68783
4820 0.636593
4824 0.669729
4828 0.653762
4832 0.655491
4836 0.62653
4840 0.665146
4844 0.674859
4848 0.608015
4852 0.658812
4856 0.636644
4860 0.62676
4864 0.630411
4868 0.625921
4872 0.599027
4876 0.622048
4880 0.657681
4884 0.644189
4888 0.62986
4892 0.641108
4896 0.558291
4900 0.627855
4904 0.703549
4908 0.732409
4912 0.64772
4916 0.608996
4920 0.662559
4924 0.707879
4928 0.65041
4932 0.691486
4936 0.628795
4940 0.648018
4944 0.630978
4948 0.600213
4952 0.606594
4956 0.657236
4960 0.681581
4964 0.618088
4968 0.651858
4972 0.601743
4976 0.660688
4980 0.650891
4984 0.663066
4988 0.659119
4992 0.688765
4996 0.660204
