1000 0.455206
1004 0.471362
1008 0.442185
1012 0.439986
1016 0.437262
1020 0.437128
1024 0.435521
1028 0.434056
1032 0.430381
1036 0.426127
1040 0.42734
1044 0.426318
1048 0.425974
1052 0.425885
1056 0.425741
1060 0.426149
1064 0.424878
1068 0.424611
1072 0.423268
1076 0.421506
1080 0.420447
1084 0.418769
1088 0.417552
1092 0.416088
1096 0.415728
1100 0.415191
1104 0.414938
1108 0.414278
1112 0.414777
1116 0.415499
1120 0.415678
1124 0.416293
1128 0.417366
1132 0.418041
1136 0.418046
1140 0.419365
1144 0.418905
1148 0.4192
1152 0.419191
1156 0.419354
1160 0.419821
1164 0.4197
1168 0.419688
1172 0.419816
1176 0.420366
1180 0.420289
1184 0.420124
1188 0.420869
1192 0.421351
1196 0.42069
1200 0.421227
1204 0.421408
1208 0.421011
1212 0.421577
1216 0.421672
1220 0.422058
1224 0.422781
1228 0.422783
1232 0.423275
1236 0.424129
1240 0.424601
1244 0.42504
1248 0.425811
1252 0.427046
1256 0.427873
1260 0.429122
1264 0.42965
1268 0.430461
1272 0.431358
1276 0.431849
1280 0.432721
1284 0.433353
1288 0.434256
1292 0.43487
1296 0.435357
1300 0.435663
1304 0.435971
1308 0.436208
1312 0.436684
1316 0.436984
1320 0.436912
1324 0.437545
1328 0.437726
1332 0.437654
1336 0.438045
1340 0.439022
1344 0.439695
1348 0.440623
1352 0.441149
1356 0.441322
1360 0.442281
1364 0.443142
1368 0.444129
1372 0.445083
1376 0.446029
1380 0.446687
1384 0.447373
1388 0.448186
1392 0.449303
1396 0.449966
1400 0.450548
1404 0.450849
1408 0.451442
1412 0.451913
1416 0.45249
1420 0.453273
1424 0.453859
1428 0.454619
1432 0.45534
1436 0.456131
1440 0.456897
1444 0.457552
1448 0.457973
1452 0.458484
1456 0.459009
1460 0.45958
1464 0.46043
1468 0.461033
1472 0.461512
1476 0.462034
1480 0.462438
1484 0.462733
1488 0.462908
1492 0.463117
1496 0.463247
1500 0.463518
1504 0.463897
1508 0.464155
1512 0.464527
1516 0.464711
1520 0.464865
1524 0.464811
1528 0.464767
1532 0.46492
1536 0.464889
1540 0.46488
1544 0.465095
1548 0.465298
1552 0.465679
1556 0.466034
1560 0.466318
1564 0.466469
1568 0.466923
1572 0.467378
1576 0.4677
1580 0.468255
1584 0.468801
1588 0.469332
1592 0.469973
1596 0.47056
1600 0.47075
1604 0.47089
1608 0.47118
1612 0.471446
1616 0.471666
1620 0.471785
1624 0.471826
1628 0.47207
1632 0.472199
1636 0.47249
1640 0.472752
1644 0.472984
1648 0.473186
1652 0.473448
1656 0.473801
1660 0.473975
1664 0.47417
1668 0.474467
1672 0.474658
1676 0.474871
1680 0.475069
1684 0.475053
1688 0.475326
1692 0.475559
1696 0.476
1700 0.476224
1704 0.476498
1708 0.476757
1712 0.477175
1716 0.477377
1720 0.477712
1724 0.477704
1728 0.478145
1732 0.478346
1736 0.478457
1740 0.478398
1744 0.478525
1748 0.478793
1752 0.478923
1756 0.479237
1760 0.479485
1764 0.479638
1768 0.47989
1772 0.480173
1776 0.480451
1780 0.480567
1784 0.480759
1788 0.480949
1792 0.481036
1796 0.481248
1800 0.481394
1804 0.481692
1808 0.482005
1812 0.482354
1816 0.482638
1820 0.482667
1824 0.482824
1828 0.482962
1832 0.483093
1836 0.483302
1840 0.483366
1844 0.483648
1848 0.483769
1852 0.483981
1856 0.484086
1860 0.484347
1864 0.4847
1868 0.48489
1872 0.485123
1876 0.485304
1880 0.485575
1884 0.485798
1888 0.485874
1892 0.486149
1896 0.486269
1900 0.486474
1904 0.486601
1908 0.486722
1912 0.486901
1916 0.486988
1920 0.487066
1924 0.487232
1928 0.487408
1932 0.487751
1936 0.488109
1940 0.48819
1944 0.488485
1948 0.488643
1952 0.488914
1956 0.48915
1960 0.489495
1964 0.489804
1968 0.489962
1972 0.49026
1976 0.490184
1980 0.490059
1984 0.490074
1988 0.490154
1992 0.490336
1996 0.490448
2000 0.490605
2004 0.490624
2008 0.490561
2012 0.490633
2016 0.490801
2020 0.490958
2024 0.491139
2028 0.491222
2032 0.491323
2036 0.491548
2040 0.491643
2044 0.491779
2048 0.491966
2052 0.492158
2056 0.492301
2060 0.492494
2064 0.492658
2068 0.492663
2072 0.492684
2076 0.492633
2080 0.492509
2084 0.492678
2088 0.492797
2092 0.492801
2096 0.492867
2100 0.492928
2104 0.493063
2108 0.493146
2112 0.493234
2116 0.493346
2120 0.493339
2124 0.493267
2128 0.493499
2132 0.493684
2136 0.493875
2140 0.494052
2144 0.494218
2148 0.494514
2152 0.494749
2156 0.495051
2160 0.495379
2164 0.495648
2168 0.496034
2172 0.496414
2176 0.496843
2180 0.497223
2184 0.497632
2188 0.498018
2192 0.498332
2196 0.498549
2200 0.498821
2204 0.49923
2208 0.499656
2212 0.499984
2216 0.500368
2220 0.500739
2224 0.501179
2228 0.501598
2232 0.502074
2236 0.502279
2240 0.502548
2244 0.50282
2248 0.503065
2252 0.503314
2256 0.50356
2260 0.503871
2264 0.50422
2268 0.50451
2272 0.504824
2276 0.505059
2280 0.505314
2284 0.505487
2288 0.505744
2292 0.506049
2296 0.506319
2300 0.506619
2304 0.506892
2308 0.507209
2312 0.507467
2316 0.507733
2320 0.507986
2324 0.508224
2328 0.508499
2332 0.50871
2336 0.508881
2340 0.509044
2344 0.50923
2348 0.509332
2352 0.509538
2356 0.509709
2360 0.509862
2364 0.510026
2368 0.510106
2372 0.510308
2376 0.510526
2380 0.510701
2384 0.510852
2388 0.5111
2392 0.511299
2396 0.511544
2400 0.511802
2404 0.511962
2408 0.512164
2412 0.512426
2416 0.512641
2420 0.512956
2424 0.51327
2428 0.513599
2432 0.513983
2436 0.514172
2440 0.514437
2444 0.514696
2448 0.514965
2452 0.515248
2456 0.515458
2460 0.515776
2464 0.516033
2468 0.516325
2472 0.516657
2476 0.516973
2480 0.5173
2484 0.517588
2488 0.517826
2492 0.518067
2496 0.518299
2500 0.51855
2504 0.518701
2508 0.518953
2512 0.519247
2516 0.519489
2520 0.519716
2524 0.519901
2528 0.520054
2532 0.520134
2536 0.520285
2540 0.520393
2544 0.520518
2548 0.520563
2552 0.520749
2556 0.520915
2560 0.521012
2564 0.521087
2568 0.521059
2572 0.521064
2576 0.521067
2580 0.521059
2584 0.52114
2588 0.521163
2592 0.521172
2596 0.521273
2600 0.521292
2604 0.521284
2608 0.521252
2612 0.521275
2616 0.521283
2620 0.521197
2624 0.521154
2628 0.521049
2632 0.520963
2636 0.520886
2640 0.520841
2644 0.520789
2648 0.520731
2652 0.520717
2656 0.5207
2660 0.520686
2664 0.52062
2668 0.520643
2672 0.520586
2676 0.520585
2680 0.520587
2684 0.520485
2688 0.520427
2692 0.520471
2696 0.520517
2700 0.520446
2704 0.520459
2708 0.52046
2712 0.5205
2716 0.520534
2720 0.520529
2724 0.520509
2728 0.520515
2732 0.520445
2736 0.520415
2740 0.520314
2744 0.520337
2748 0.520316
2752 0.52034
2756 0.520411
2760 0.520366
2764 0.520373
2768 0.520309
2772 0.520283
2776 0.520175
2780 0.520195
2784 0.520193
2788 0.520213
2792 0.520213
2796 0.520313
2800 0.520264
2804 0.520263
2808 0.520271
2812 0.520327
2816 0.520347
2820 0.520307
2824 0.520334
2828 0.520367
2832 0.520368
2836 0.520372
2840 0.520379
2844 0.520349
2848 0.520423
2852 0.520331
2856 0.520323
2860 0.520245
2864 0.520186
2868 0.520158
2872 0.520164
2876 0.520145
2880 0.520132
2884 0.520133
2888 0.52011
2892 0.520134
2896 0.520212
2900 0.520172
2904 0.520195
2908 0.52016
2912 0.520199
2916 0.520239
2920 0.520257
2924 0.520265
2928 0.520298
2932 0.520295
2936 0.520258
2940 0.520143
2944 0.520001
2948 0.519919
2952 0.519827
2956 0.519733
2960 0.519657
2964 0.519596
2968 0.519494
2972 0.519442
2976 0.519269
2980 0.519219
2984 0.519105
2988 0.519006
2992 0.518829
2996 0.518727
3000 0.518647
3004 0.51856
3008 0.518472
3012 0.518438
3016 0.518387
3020 0.518343
3024 0.518318
3028 0.518314
3032 0.518204
3036 0.518153
3040 0.518033
3044 0.517917
3048 0.517783
3052 0.517662
3056 0.517538
3060 0.517526
3064 0.517344
3068 0.517298
3072 0.517249
3076 0.517194
3080 0.517146
3084 0.517089
3088 0.517028
3092 0.516936
3096 0.516917
3100 0.516867
3104 0.516892
3108 0.516842
3112 0.516843
3116 0.516815
3120 0.516843
3124 0.516914
3128 0.516944
3132 0.516938
3136 0.516873
3140 0.516863
3144 0.516831
3148 0.516836
3152 0.516873
3156 0.516924
3160 0.516912
3164 0.516906
3168 0.516873
3172 0.516947
3176 0.516894
3180 0.516913
3184 0.516958
3188 0.516999
3192 0.517016
3196 0.517038
3200 0.517076
3204 0.517088
3208 0.517102
3212 0.51709
3216 0.517119
3220 0.517131
3224 0.517083
3228 0.517101
3232 0.51714
3236 0.517147
3240 0.517201
3244 0.517224
3248 0.517282
3252 0.517324
3256 0.517365
3260 0.51743
3264 0.5175
3268 0.517563
3272 0.517631
3276 0.51769
3280 0.51776
3284 0.517906
3288 0.51805
3292 0.518095
3296 0.51819
3300 0.518252
3304 0.518315
3308 0.518368
3312 0.518435
3316 0.518544
3320 0.51864
3324 0.518727
3328 0.518848
3332 0.518986
3336 0.519125
3340 0.519223
3344 0.519333
3348 0.519481
3352 0.51956
3356 0.519706
3360 0.519775
3364 0.519775
3368 0.519844
3372 0.519871
3376 0.519983
3380 0.520033
3384 0.520071
3388 0.520152
3392 0.520216
3396 0.52031
3400 0.520386
3404 0.520499
3408 0.520632
3412 0.520751
3416 0.520888
3420 0.52103
3424 0.521176
3428 0.521257
3432 0.521432
3436 0.521494
3440 0.521631
3444 0.521671
3448 0.521715
3452 0.521779
3456 0.521922
3460 0.522048
3464 0.522159
3468 0.522285
3472 0.522398
3476 0.522515
3480 0.52264
3484 0.522757
3488 0.522882
3492 0.522985
3496 0.523072
3500 0.52317
3504 0.523247
3508 0.523323
3512 0.523446
3516 0.523587
3520 0.523656
3524 0.523785
3528 0.523863
3532 0.523992
3536 0.524079
3540 0.524195
3544 0.524267
3548 0.524369
3552 0.524444
3556 0.524527
3560 0.524611
3564 0.524694
3568 0.524733
3572 0.524839
3576 0.524939
3580 0.525011
3584 0.524952
3588 0.525001
3592 0.525055
3596 0.525101
3600 0.525155
3604 0.525223
3608 0.525272
3612 0.525282
3616 0.525398
3620 0.525461
3624 0.52555
3628 0.525621
3632 0.525706
3636 0.525766
3640 0.525841
3644 0.525967
3648 0.526084
3652 0.526197
3656 0.526239
3660 0.52631
3664 0.526411
3668 0.526545
3672 0.526582
3676 0.526638
3680 0.526716
3684 0.526775
3688 0.526858
3692 0.52693
3696 0.527013
3700 0.52705
3704 0.527046
3708 0.527015
3712 0.527012
3716 0.527054
3720 0.527024
3724 0.527042
3728 0.527079
3732 0.527075
3736 0.52712
3740 0.52713
3744 0.527176
3748 0.527166
3752 0.527217
3756 0.527289
3760 0.527349
3764 0.52736
3768 0.527464
3772 0.527499
3776 0.527573
3780 0.527632
3784 0.527717
3788 0.527766
3792 0.52783
3796 0.527879
3800 0.527939
3804 0.528005
3808 0.528098
3812 0.528128
3816 0.52817
3820 0.528222
3824 0.5283
3828 0.528353
3832 0.528377
3836 0.528386
3840 0.528417
3844 0.528483
3848 0.528537
3852 0.52853
3856 0.52859
3860 0.52865
3864 0.528686
3868 0.528739
3872 0.528797
3876 0.528831
3880 0.528885
3884 0.528958
3888 0.528953
3892 0.529012
3896 0.529063
3900 0.529072
3904 0.529107
3908 0.529074
3912 0.529097
3916 0.529131
3920 0.529139
3924 0.529228
3928 0.529232
3932 0.52927
3936 0.529258
3940 0.529222
3944 0.529293
3948 0.529272
3952 0.529299
3956 0.529303
3960 0.529365
3964 0.529389
3968 0.529405
3972 0.529382
3976 0.529397
3980 0.52938
3984 0.529434
3988 0.529432
3992 0.529465
3996 0.52947
4000 0.529504
4004 0.529565
4008 0.529595
4012 0.529673
4016 0.529715
4020 0.529774
4024 0.529805
4028 0.529813
4032 0.529847
4036 0.529894
4040 0.52986
4044 0.529863
4048 0.52993
4052 0.529967
4056 0.530081
4060 0.530155
4064 0.530252
4068 0.530397
4072 0.530552
4076 0.530686
4080 0.530822
4084 0.530938
4088 0.531039
4092 0.531137
4096 0.531276
4100 0.531394
4104 0.531544
4108 0.531647
4112 0.531777
4116 0.53193
4120 0.532108
4124 0.532291
4128 0.532468
4132 0.532654
4136 0.532761
4140 0.532893
4144 0.533013
4148 0.533172
4152 0.533333
4156 0.533473
4160 0.533621
4164 0.533788
4168 0.533944
4172 0.53407
4176 0.534185
4180 0.534313
4184 0.534432
4188 0.534563
4192 0.534655
4196 0.53477
4200 0.534836
4204 0.534939
4208 0.535037
4212 0.535151
4216 0.535256
4220 0.535348
4224 0.535444
4228 0.535558
4232 0.53564
4236 0.535736
4240 0.535786
4244 0.535931
4248 0.536019
4252 0.536137
4256 0.536224
4260 0.53634
4264 0.536465
4268 0.536629
4272 0.536793
4276 0.536987
4280 0.537135
4284 0.537293
4288 0.53737
4292 0.537511
4296 0.537642
4300 0.537849
4304 0.538051
4308 0.538208
4312 0.538371
4316 0.538499
4320 0.538654
4324 0.538817
4328 0.538936
4332 0.539064
4336 0.539241
4340 0.539366
4344 0.539555
4348 0.539751
4352 0.539906
4356 0.540066
4360 0.540239
4364 0.540379
4368 0.540495
4372 0.540651
4376 0.540709
4380 0.540851
4384 0.540966
4388 0.541076
4392 0.54119
4396 0.54131
4400 0.541425
4404 0.541539
4408 0.541642
4412 0.541769
4416 0.541872
4420 0.542013
4424 0.542075
4428 0.542157
4432 0.542166
4436 0.542252
4440 0.5423
4444 0.542307
4448 0.542376
4452 0.542422
4456 0.5425
4460 0.542595
4464 0.542656
4468 0.542727
4472 0.542802
4476 0.542857
4480 0.542934
4484 0.542982
4488 0.543043
4492 0.543102
4496 0.543168
4500 0.543234
4504 0.54332
4508 0.543356
4512 0.543392
4516 0.543435
4520 0.543443
4524 0.543456
4528 0.543515
4532 0.543553
4536 0.543554
4540 0.543585
4544 0.543628
4548 0.543663
4552 0.543687
4556 0.543717
4560 0.543752
4564 0.543727
4568 0.54377
4572 0.543788
4576 0.543834
4580 0.543875
4584 0.543911
4588 0.543951
4592 0.544012
4596 0.544048
4600 0.544063
4604 0.544121
4608 0.544173
4612 0.544247
4616 0.544319
4620 0.544382
4624 0.544432
4628 0.544471
4632 0.544496
4636 0.544586
4640 0.544633
4644 0.544673
4648 0.544728
4652 0.544798
4656 0.544866
4660 0.544956
4664 0.545015
4668 0.545065
4672 0.545106
4676 0.545175
4680 0.545269
4684 0.545346
4688 0.545393
4692 0.545463
4696 0.545495
4700 0.545562
4704 0.545618
4708 0.545695
4712 0.545761
4716 0.545839
4720 0.545927
4724 0.546001
4728 0.546079
4732 0.546168
4736 0.546235
4740 0.546316
4744 0.546427
4748 0.546477
4752 0.54651
4756 0.546562
4760 0.546652
4764 0.546754
4768 0.546858
4772 0.546951
4776 0.547078
4780 0.547205
4784 0.54732
4788 0.547428
4792 0.547538
4796 0.547664
4800 0.547771
4804 0.547865
4808 0.547987
4812 0.548138
4816 0.548243
4820 0.548347
4824 0.548444
4828 0.548569
4832 0.548685
4836 0.548769
4840 0.548876
4844 0.548956
4848 0.549044
4852 0.549128
4856 0.549192
4860 0.549288
4864 0.549359
4868 0.549457
4872 0.549527
4876 0.549642
4880 0.549745
4884 0.549861
4888 0.549981
4892 0.550097
4896 0.550219
4900 0.550331
4904 0.550433
4908 0.550576
4912 0.550656
4916 0.550746
4920 0.550829
4924 0.550932
4928 0.551064
4932 0.551179
4936 0.551276
4940 0.551359
4944 0.551457
4948 0.551504
4952 0.551561
4956 0.551642
4960 0.551768
4964 0.551841
4968 0.551915
4972 0.552009
4976 0.552096
4980 0.552207
4984 0.552316
4988 0.552432
4992 0.552508
4996 0.552571
