100000 0.137766
104900 0.142704
109800 0.162146
114700 0.12196
119600 0.218544
124500 0.12844
129400 0.109349
134300 0.168959
139200 0.176696
144100 0.200273
149000 0.210924
153900 0.232218
158800 0.171817
163700 0.195538
168600 0.205014
173500 0.160851
178400 0.189524
183300 0.176013
188200 0.222718
193100 0.256317
198000 0.329221
202900 0.191617
207800 0.218468
212700 0.119253
217600 0.176215
222500 0.120811
227400 0.165463
232300 0.211919
237200 0.19394
242100 0.216148
247000 0.218016
251900 0.169487
256800 0.164474
261700 0.216308
266600 0.195193
271500 0.176578
276400 0.112057
281300 0.155803
286200 0.133488
291100 0.176899
296000 0.129045
300900 0.16773
305800 0.250094
310700 0.216537
315600 0.169338
320500 0.165236
325400 0.131262
330300 0.114149
335200 0.158004
340100 0.0655366
345000 0.0541724
349900 0.0843747
354800 0.198758
359700 0.176806
364600 0.201272
369500 0.273796
374400 0.257319
379300 0.181313
384200 0.13708
389100 0.160767
394000 0.152295
398900 0.135415
403800 0.200401
408700 0.147444
413600 0.236524
418500 0.274074
423400 0.260647
428300 0.209977
433200 0.183965
438100 0.172391
443000 0.201718
447900 0.16217
452800 0.119719
457700 0.157244
462600 0.278937
467500 0.230337
472400 0.178684
477300 0.204664
482200 0.245496
487100 0.302668
492000 0.170543
496900 0.117379
501800 0.132366
506700 0.126942
511600 0.18597
516500 0.184997
521400 0.163868
526300 0.163628
531200 0.205104
536100 0.156786
541000 0.186666
545900 0.209954
550800 0.184288
555700 0.170126
560600 0.184982
565500 0.215839
570400 0.164638
575300 0.179598
580200 0.157675
585100 0.100702
590000 0.100635
594900 0.0790596
599800 0.101736
604700 0.131706
609600 0.185201
614500 0.192534
619400 0.233116
624300 0.211137
629200 0.267878
634100 0.253425
639000 0.195391
643900 0.149702
648800 0.172314
653700 0.236773
658600 0.28665
663500 0.19334
668400 0.174883
673300 0.292612
678200 0.262205
683100 0.283895
688000 0.274227
692900 0.234297
697800 0.216727
702700 0.135466
707600 0.147226
712500 0.151709
717400 0.156815
722300 0.145949
727200 0.159895
732100 0.17164
737000 0.123828
741900 0.149949
746800 0.0890286
751700 0.105457
756600 0.171458
761500 0.200817
766400 0.257863
771300 0.0609568
776200 0.104488
781100 0.0995851
786000 0.17765
790900 0.151427
795800 0.16718
800700 0.127982
805600 0.0624984
810500 0.0953241
815400 0.0704757
820300 0.198931
825200 0.179916
830100 0.191098
835000 0.143992
839900 0.134392
844800 0.268453
849700 0.222823
854600 0.174064
859500 0.236834
864400 0.317092
869300 0.239185
874200 0.165788
879100 0.21142
884000 0.217832
888900 0.250201
893800 0.161771
898700 0.135372
903600 0.156303
908500 0.165445
913400 0.183798
918300 0.25829
923200 0.213605
928100 0.254954
933000 0.246422
937900 0.228487
942800 0.156871
947700 0.16876
952600 0.245782
957500 0.251864
962400 0.109446
967300 0.139197
972200 0.179475
977100 0.17372
982000 0.133874
986900 0.117834
991800 0.186304
996700 0.216215
1.0016e+06 0.170282
1.0065e+06 0.220527
1.0114e+06 0.146539
1.0163e+06 0.183021
1.0212e+06 0.19331
1.0261e+06 0.188021
1.031e+06 0.155898
1.0359e+06 0.152519
1.0408e+06 0.125563
1.0457e+06 0.115071
1.0506e+06 0.0483146
1.0555e+06 0.051621
1.0604e+06 0.112435
1.0653e+06 0.124604
1.0702e+06 0.105515
1.0751e+06 0.192377
1.08e+06 0.170206
1.0849e+06 0.17475
1.0898e+06 0.149107
1.0947e+06 0.190711
1.0996e+06 0.22612
1.1045e+06 0.202962
1.1094e+06 0.111179
1.1143e+06 0.227526
1.1192e+06 0.165096
1.1241e+06 0.310407
1.129e+06 0.199157
1.1339e+06 0.235346
1.1388e+06 0.199622
1.1437e+06 0.113276
1.1486e+06 0.150767
1.1535e+06 0.10974
1.1584e+06 0.135099
1.1633e+06 0.108044
1.1682e+06 0.161777
1.1731e+06 0.161086
1.178e+06 0.136714
1.1829e+06 0.168867
1.1878e+06 0.221866
1.1927e+06 0.147769
1.1976e+06 0.142243
1.2025e+06 0.224709
1.2074e+06 0.249066
1.2123e+06 0.17888
1.2172e+06 0.179702
1.2221e+06 0.235023
1.227e+06 0.231656
1.2319e+06 0.12011
1.2368e+06 0.158013
1.2417e+06 0.152105
1.2466e+06 0.257413
1.2515e+06 0.247191
1.2564e+06 0.227036
1.2613e+06 0.227346
1.2662e+06 0.250037
1.2711e+06 0.252988
1.276e+06 0.237664
1.2809e+06 0.219112
1.2858e+06 0.24016
1.2907e+06 0.167139
1.2956e+06 0.186871
1.3005e+06 0.0815676
1.3054e+06 0.202795
1.3103e+06 0.171738
1.3152e+06 0.190389
1.3201e+06 0.194327
1.325e+06 0.209777
1.3299e+06 0.20025
1.3348e+06 0.187104
1.3397e+06 0.150545
1.3446e+06 0.207385
1.3495e+06 0.229163
1.3544e+06 0.175296
1.3593e+06 0.204999
1.3642e+06 0.13697
1.3691e+06 0.215743
1.374e+06 0.294754
1.3789e+06 0.34905
1.3838e+06 0.350961
1.3887e+06 0.152563
1.3936e+06 0.123963
1.3985e+06 0.10189
1.4034e+06 0.162988
1.4083e+06 0.185797
1.4132e+06 0.172041
1.4181e+06 0.235295
1.423e+06 0.213305
1.4279e+06 0.271886
1.4328e+06 0.330834
1.4377e+06 0.324072
1.4426e+06 0.257478
1.4475e+06 0.261655
1.4524e+06 0.223462
1.4573e+06 0.253692
1.4622e+06 0.230733
1.4671e+06 0.187747
1.472e+06 0.22323
1.4769e+06 0.290837
1.4818e+06 0.237165
1.4867e+06 0.267345
1.4916e+06 0.206372
1.4965e+06 0.180582
1.5014e+06 0.262389
1.5063e+06 0.203988
1.5112e+06 0.155942
1.5161e+06 0.144658
1.521e+06 0.111935
1.5259e+06 0.12429
1.5308e+06 0.121812
1.5357e+06 0.187602
1.5406e+06 0.126183
1.5455e+06 0.110907
1.5504e+06 0.154248
1.5553e+06 0.172968
1.5602e+06 0.166673
1.5651e+06 0.11007
1.57e+06 0.121802
1.5749e+06 0.141713
1.5798e+06 0.12824
1.5847e+06 0.133971
1.5896e+06 0.140966
1.5945e+06 0.141007
1.5994e+06 0.11383
1.6043e+06 0.129076
1.6092e+06 0.17272
1.6141e+06 0.245774
1.619e+06 0.185195
1.6239e+06 0.293315
1.6288e+06 0.227109
1.6337e+06 0.291246
1.6386e+06 0.217764
1.6435e+06 0.189393
1.6484e+06 0.249284
1.6533e+06 0.143293
1.6582e+06 0.120593
1.6631e+06 0.145272
1.668e+06 0.234618
1.6729e+06 0.237295
1.6778e+06 0.215079
1.6827e+06 0.155085
1.6876e+06 0.155516
1.6925e+06 0.121659
1.6974e+06 0.152913
1.7023e+06 0.141498
1.7072e+06 0.224945
1.7121e+06 0.160867
1.717e+06 0.179488
1.7219e+06 0.276034
1.7268e+06 0.276324
1.7317e+06 0.210468
1.7366e+06 0.244285
1.7415e+06 0.193513
1.7464e+06 0.224438
1.7513e+06 0.207927
1.7562e+06 0.144171
1.7611e+06 0.139671
1.766e+06 0.149162
1.7709e+06 0.181364
1.7758e+06 0.176571
1.7807e+06 0.0498232
1.7856e+06 0.128879
1.7905e+06 0.150558
1.7954e+06 0.186202
1.8003e+06 0.172138
1.8052e+06 0.191169
1.8101e+06 0.182313
1.815e+06 0.253444
1.8199e+06 0.303113
1.8248e+06 0.287673
1.8297e+06 0.231707
1.8346e+06 0.273823
1.8395e+06 0.140778
1.8444e+06 0.202458
1.8493e+06 0.108745
1.8542e+06 0.120627
1.8591e+06 0.109751
1.864e+06 0.121964
1.8689e+06 0.10235
1.8738e+06 0.0707419
1.8787e+06 0.0750995
1.8836e+06 0.167258
1.8885e+06 0.104507
1.8934e+06 0.125827
1.8983e+06 0.125513
1.9032e+06 0.122531
1.9081e+06 0.113707
1.913e+06 0.126719
1.9179e+06 0.155242
1.9228e+06 0.137438
1.9277e+06 0.134744
1.9326e+06 0.243272
1.9375e+06 0.31696
1.9424e+06 0.16961
1.9473e+06 0.241766
1.9522e+06 0.224811
1.9571e+06 0.23953
1.962e+06 0.193909
1.9669e+06 0.255959
1.9718e+06 0.275025
1.9767e+06 0.322818
1.9816e+06 0.292047
1.9865e+06 0.220802
1.9914e+06 0.190129
1.9963e+06 0.243682
2.0012e+06 0.219847
2.0061e+06 0.207147
2.011e+06 0.184138
2.0159e+06 0.190826
2.0208e+06 0.286953
2.0257e+06 0.232601
2.0306e+06 0.243929
2.0355e+06 0.247749
2.0404e+06 0.119327
2.0453e+06 0.120905
2.0502e+06 0.155217
2.0551e+06 0.133874
2.06e+06 0.220103
2.0649e+06 0.229711
2.0698e+06 0.197904
2.0747e+06 0.147049
2.0796e+06 0.222725
2.0845e+06 0.244636
2.0894e+06 0.191433
2.0943e+06 0.196799
2.0992e+06 0.129998
2.1041e+06 0.152487
2.109e+06 0.187355
2.1139e+06 0.178875
2.1188e+06 0.22271
2.1237e+06 0.330596
2.1286e+06 0.33536
2.1335e+06 0.187867
2.1384e+06 0.251903
2.1433e+06 0.211955
2.1482e+06 0.211053
2.1531e+06 0.178405
2.158e+06 0.215774
2.1629e+06 0.243119
2.1678e+06 0.192647
2.1727e+06 0.217597
2.1776e+06 0.173634
2.1825e+06 0.142726
2.1874e+06 0.18654
2.1923e+06 0.104621
2.1972e+06 0.125014
2.2021e+06 0.145889
2.207e+06 0.198898
2.2119e+06 0.182519
2.2168e+06 0.204393
2.2217e+06 0.0852882
2.2266e+06 0.148079
2.2315e+06 0.181876
2.2364e+06 0.216137
2.2413e+06 0.190504
2.2462e+06 0.236778
2.2511e+06 0.303857
2.256e+06 0.260046
2.2609e+06 0.178855
2.2658e+06 0.218724
2.2707e+06 0.221865
2.2756e+06 0.199873
2.2805e+06 0.15304
2.2854e+06 0.141189
2.2903e+06 0.196368
2.2952e+06 0.166328
2.3001e+06 0.253723
2.305e+06 0.210557
2.3099e+06 0.166291
2.3148e+06 0.0691976
2.3197e+06 0.128223
2.3246e+06 0.0694318
2.3295e+06 0.174821
2.3344e+06 0.278932
2.3393e+06 0.242117
2.3442e+06 0.273903
2.3491e+06 0.171585
2.354e+06 0.151018
2.3589e+06 0.140437
2.3638e+06 0.143264
2.3687e+06 0.192697
2.3736e+06 0.159299
2.3785e+06 0.14329
2.3834e+06 0.253758
2.3883e+06 0.185682
2.3932e+06 0.246675
2.3981e+06 0.168191
2.403e+06 0.29183
2.4079e+06 0.320724
2.4128e+06 0.2404
2.4177e+06 0.298556
2.4226e+06 0.284602
2.4275e+06 0.231506
2.4324e+06 0.2229
2.4373e+06 0.224272
2.4422e+06 0.263087
2.4471e+06 0.20443
2.452e+06 0.133573
2.4569e+06 0.0944445
2.4618e+06 0.161484
2.4667e+06 0.180907
2.4716e+06 0.235764
2.4765e+06 0.164652
2.4814e+06 0.257407
2.4863e+06 0.210852
2.4912e+06 0.240881
2.4961e+06 0.236637
2.501e+06 0.217244
2.5059e+06 0.20355
2.5108e+06 0.170231
2.5157e+06 0.2504
2.5206e+06 0.201528
2.5255e+06 0.222792
2.5304e+06 0.148331
2.5353e+06 0.174378
2.5402e+06 0.122352
2.5451e+06 0.105918
2.55e+06 0.191589
2.5549e+06 0.198784
2.5598e+06 0.160362
2.5647e+06 0.0868979
2.5696e+06 0.106265
2.5745e+06 0.0537612
2.5794e+06 0.0363705
2.5843e+06 0.0832336
2.5892e+06 0.148858
2.5941e+06 0.237002
2.599e+06 0.193542
2.6039e+06 0.277774
2.6088e+06 0.24718
2.6137e+06 0.237915
2.6186e+06 0.230879
2.6235e+06 0.218607
2.6284e+06 0.185297
2.6333e+06 0.205473
2.6382e+06 0.167893
2.6431e+06 0.152313
2.648e+06 0.160174
2.6529e+06 0.0848047
2.6578e+06 0.166146
2.6627e+06 0.202073
2.6676e+06 0.200121
2.6725e+06 0.186376
2.6774e+06 0.149451
2.6823e+06 0.174018
2.6872e+06 0.198518
2.6921e+06 0.0976784
2.697e+06 0.155832
2.7019e+06 0.15141
2.7068e+06 0.194299
2.7117e+06 0.148889
2.7166e+06 0.136306
2.7215e+06 0.149974
2.7264e+06 0.190891
2.7313e+06 0.11362
2.7362e+06 0.170441
2.7411e+06 0.1561
2.746e+06 0.272328
2.7509e+06 0.274276
2.7558e+06 0.246167
2.7607e+06 0.231457
2.7656e+06 0.226334
2.7705e+06 0.217588
2.7754e+06 0.1694
2.7803e+06 0.17062
2.7852e+06 0.182293
2.7901e+06 0.176001
2.795e+06 0.132796
2.7999e+06 0.139698
2.8048e+06 0.114229
2.8097e+06 0.180346
2.8146e+06 0.0910306
2.8195e+06 0.08339
2.8244e+06 0.124498
2.8293e+06 0.157846
2.8342e+06 0.173217
2.8391e+06 0.141195
2.844e+06 0.192291
2.8489e+06 0.259499
2.8538e+06 0.325405
2.8587e+06 0.157859
2.8636e+06 0.16387
2.8685e+06 0.107784
2.8734e+06 0.124578
2.8783e+06 0.179086
2.8832e+06 0.17203
2.8881e+06 0.19057
2.893e+06 0.230511
2.8979e+06 0.319467
2.9028e+06 0.264918
2.9077e+06 0.289035
2.9126e+06 0.210589
2.9175e+06 0.184184
2.9224e+06 0.180949
2.9273e+06 0.220256
2.9322e+06 0.16037
2.9371e+06 0.23884
2.942e+06 0.194654
2.9469e+06 0.200289
2.9518e+06 0.220845
2.9567e+06 0.188697
2.9616e+06 0.176277
2.9665e+06 0.224518
2.9714e+06 0.119904
2.9763e+06 0.104252
2.9812e+06 0.12469
2.9861e+06 0.156458
2.991e+06 0.132869
2.9959e+06 0.155913
3.0008e+06 0.082081
3.0057e+06 0.154452
3.0106e+06 0.19877
3.0155e+06 0.190214
3.0204e+06 0.145576
3.0253e+06 0.191501
3.0302e+06 0.187329
3.0351e+06 0.203621
3.04e+06 0.276115
3.0449e+06 0.242272
3.0498e+06 0.290775
3.0547e+06 0.226924
3.0596e+06 0.263213
3.0645e+06 0.246404
3.0694e+06 0.205907
3.0743e+06 0.199097
3.0792e+06 0.180354
3.0841e+06 0.295767
3.089e+06 0.238982
3.0939e+06 0.309629
3.0988e+06 0.185948
3.1037e+06 0.174906
3.1086e+06 0.201846
3.1135e+06 0.250341
3.1184e+06 0.205735
3.1233e+06 0.200191
3.1282e+06 0.184171
3.1331e+06 0.135678
3.138e+06 0.197599
3.1429e+06 0.322669
3.1478e+06 0.207376
3.1527e+06 0.169838
3.1576e+06 0.159717
3.1625e+06 0.246041
3.1674e+06 0.207567
3.1723e+06 0.168821
3.1772e+06 0.236478
3.1821e+06 0.249745
3.187e+06 0.2248
3.1919e+06 0.242272
3.1968e+06 0.24124
3.2017e+06 0.261567
3.2066e+06 0.240894
3.2115e+06 0.183391
3.2164e+06 0.10135
3.2213e+06 0.171304
3.2262e+06 0.110347
3.2311e+06 0.129771
3.236e+06 0.26822
3.2409e+06 0.19107
3.2458e+06 0.190103
3.2507e+06 0.192672
3.2556e+06 0.209734
3.2605e+06 0.211868
3.2654e+06 0.102642
3.2703e+06 0.14877
3.2752e+06 0.125222
3.2801e+06 0.123319
3.285e+06 0.131785
3.2899e+06 0.145153
3.2948e+06 0.15266
3.2997e+06 0.164484
3.3046e+06 0.0672133
3.3095e+06 0.145757
3.3144e+06 0.157116
3.3193e+06 0.206034
3.3242e+06 0.199853
3.3291e+06 0.286604
3.334e+06 0.150862
3.3389e+06 0.171918
3.3438e+06 0.139557
3.3487e+06 0.16493
3.3536e+06 0.120478
3.3585e+06 0.154918
3.3634e+06 0.135967
3.3683e+06 0.180164
3.3732e+06 0.194319
3.3781e+06 0.189397
3.383e+06 0.267175
3.3879e+06 0.222475
3.3928e+06 0.177025
3.3977e+06 0.119385
3.4026e+06 0.150208
3.4075e+06 0.153345
3.4124e+06 0.184584
3.4173e+06 0.176764
3.4222e+06 0.163542
3.4271e+06 0.174803
3.432e+06 0.147447
3.4369e+06 0.212731
3.4418e+06 0.20832
3.4467e+06 0.242173
3.4516e+06 0.216523
3.4565e+06 0.182482
3.4614e+06 0.156217
3.4663e+06 0.0777903
3.4712e+06 0.158911
3.4761e+06 0.133274
3.481e+06 0.157086
3.4859e+06 0.113196
3.4908e+06 0.115109
3.4957e+06 0.134529
3.5006e+06 0.131928
3.5055e+06 0.0798176
3.5104e+06 0.184496
3.5153e+06 0.152704
3.5202e+06 0.150696
3.5251e+06 0.184226
3.53e+06 0.207192
3.5349e+06 0.177651
3.5398e+06 0.180278
3.5447e+06 0.197167
3.5496e+06 0.175226
3.5545e+06 0.25332
3.5594e+06 0.198188
3.5643e+06 0.201425
3.5692e+06 0.157817
3.5741e+06 0.174413
3.579e+06 0.164954
3.5839e+06 0.157955
3.5888e+06 0.157755
3.5937e+06 0.181251
3.5986e+06 0.222939
3.6035e+06 0.238302
3.6084e+06 0.266459
3.6133e+06 0.250789
3.6182e+06 0.247608
3.6231e+06 0.287272
3.628e+06 0.19594
3.6329e+06 0.231396
3.6378e+06 0.147459
3.6427e+06 0.168223
3.6476e+06 0.17614
3.6525e+06 0.262327
3.6574e+06 0.208766
3.6623e+06 0.201377
3.6672e+06 0.14971
3.6721e+06 0.136226
3.677e+06 0.193211
3.6819e+06 0.149985
3.6868e+06 0.250782
3.6917e+06 0.278254
3.6966e+06 0.247997
3.7015e+06 0.307268
3.7064e+06 0.206199
3.7113e+06 0.162523
3.7162e+06 0.179146
3.7211e+06 0.213238
3.726e+06 0.11591
3.7309e+06 0.154952
3.7358e+06 0.159994
3.7407e+06 0.22394
3.7456e+06 0.231017
3.7505e+06 0.242405
3.7554e+06 0.191618
3.7603e+06 0.174147
3.7652e+06 0.200194
3.7701e+06 0.212973
3.775e+06 0.195462
3.7799e+06 0.330474
3.7848e+06 0.200708
3.7897e+06 0.203248
3.7946e+06 0.261621
3.7995e+06 0.185571
3.8044e+06 0.244374
3.8093e+06 0.255239
3.8142e+06 0.150688
3.8191e+06 0.150926
3.824e+06 0.159021
3.8289e+06 0.168394
3.8338e+06 0.237568
3.8387e+06 0.212856
3.8436e+06 0.125293
3.8485e+06 0.209304
3.8534e+06 0.198267
3.8583e+06 0.240333
3.8632e+06 0.183903
3.8681e+06 0.208505
3.873e+06 0.181867
3.8779e+06 0.15524
3.8828e+06 0.129767
3.8877e+06 0.103417
3.8926e+06 0.09023
3.8975e+06 0.0699948
3.9024e+06 0.0889271
3.9073e+06 0.159261
3.9122e+06 0.201429
3.9171e+06 0.259964
3.922e+06 0.267864
3.9269e+06 0.226199
3.9318e+06 0.246718
3.9367e+06 0.211999
3.9416e+06 0.278832
3.9465e+06 0.197176
3.9514e+06 0.199934
3.9563e+06 0.198005
3.9612e+06 0.190559
3.9661e+06 0.240385
3.971e+06 0.322209
3.9759e+06 0.316518
3.9808e+06 0.270431
3.9857e+06 0.317838
3.9906e+06 0.271201
3.9955e+06 0.238794
4.0004e+06 0.304548
4.0053e+06 0.320977
4.0102e+06 0.302532
4.0151e+06 0.207069
4.02e+06 0.229419
4.0249e+06 0.19449
4.0298e+06 0.165173
4.0347e+06 0.254897
4.0396e+06 0.173467
4.0445e+06 0.190594
4.0494e+06 0.321176
4.0543e+06 0.257777
4.0592e+06 0.203693
4.0641e+06 0.168108
4.069e+06 0.19548
4.0739e+06 0.116736
4.0788e+06 0.0816406
4.0837e+06 0.110076
4.0886e+06 0.161817
4.0935e+06 0.131441
4.0984e+06 0.0647844
4.1033e+06 0.157213
4.1082e+06 0.208049
4.1131e+06 0.16109
4.118e+06 0.107399
4.1229e+06 0.171052
4.1278e+06 0.195568
4.1327e+06 0.250717
4.1376e+06 0.184681
4.1425e+06 0.277001
4.1474e+06 0.23451
4.1523e+06 0.24455
4.1572e+06 0.266021
4.1621e+06 0.215086
4.167e+06 0.244441
4.1719e+06 0.223897
4.1768e+06 0.29956
4.1817e+06 0.251712
4.1866e+06 0.246493
4.1915e+06 0.280074
4.1964e+06 0.284961
4.2013e+06 0.224296
4.2062e+06 0.216534
4.2111e+06 0.232802
4.216e+06 0.124081
4.2209e+06 0.16379
4.2258e+06 0.1583
4.2307e+06 0.114031
4.2356e+06 0.189539
4.2405e+06 0.160421
4.2454e+06 0.102659
4.2503e+06 0.140039
4.2552e+06 0.175892
4.2601e+06 0.120633
4.265e+06 0.115975
4.2699e+06 0.154916
4.2748e+06 0.0739365
4.2797e+06 0.0962912
4.2846e+06 0.128854
4.2895e+06 0.207351
4.2944e+06 0.149382
4.2993e+06 0.204871
4.3042e+06 0.189018
4.3091e+06 0.344877
4.314e+06 0.205342
4.3189e+06 0.184058
4.3238e+06 0.202506
4.3287e+06 0.184746
4.3336e+06 0.301373
4.3385e+06 0.239208
4.3434e+06 0.273414
4.3483e+06 0.346915
4.3532e+06 0.134938
4.3581e+06 0.129502
4.363e+06 0.175749
4.3679e+06 0.165065
4.3728e+06 0.106056
4.3777e+06 0.19229
4.3826e+06 0.126349
4.3875e+06 0.135782
4.3924e+06 0.106306
4.3973e+06 0.113808
4.4022e+06 0.104554
4.4071e+06 0.135002
4.412e+06 0.217972
4.4169e+06 0.177709
4.4218e+06 0.128826
4.4267e+06 0.131236
4.4316e+06 0.121532
4.4365e+06 0.097375
4.4414e+06 0.0997642
4.4463e+06 0.18277
4.4512e+06 0.138682
4.4561e+06 0.246982
4.461e+06 0.204192
4.4659e+06 0.265587
4.4708e+06 0.375446
4.4757e+06 0.321395
4.4806e+06 0.272058
4.4855e+06 0.256694
4.4904e+06 0.298416
4.4953e+06 0.264574
4.5002e+06 0.262096
4.5051e+06 0.169325
4.51e+06 0.143256
4.5149e+06 0.208301
4.5198e+06 0.206657
4.5247e+06 0.227266
4.5296e+06 0.220191
4.5345e+06 0.212684
4.5394e+06 0.15463
4.5443e+06 0.186374
4.5492e+06 0.247831
4.5541e+06 0.218641
4.559e+06 0.216785
4.5639e+06 0.271509
4.5688e+06 0.269557
4.5737e+06 0.264245
4.5786e+06 0.272738
4.5835e+06 0.1643
4.5884e+06 0.185705
4.5933e+06 0.236228
4.5982e+06 0.198811
4.6031e+06 0.216994
4.608e+06 0.203559
4.6129e+06 0.156787
4.6178e+06 0.21575
4.6227e+06 0.185695
4.6276e+06 0.20383
4.6325e+06 0.230842
4.6374e+06 0.256889
4.6423e+06 0.210181
4.6472e+06 0.168693
4.6521e+06 0.167622
4.657e+06 0.191983
4.6619e+06 0.123535
4.6668e+06 0.0838273
4.6717e+06 0.100497
4.6766e+06 0.11368
4.6815e+06 0.182602
4.6864e+06 0.144948
4.6913e+06 0.161925
4.6962e+06 0.0849121
4.7011e+06 0.129356
4.706e+06 0.143943
4.7109e+06 0.0894256
4.7158e+06 0.151726
4.7207e+06 0.196355
4.7256e+06 0.12267
4.7305e+06 0.14314
4.7354e+06 0.183691
4.7403e+06 0.187729
4.7452e+06 0.165914
4.7501e+06 0.165115
4.755e+06 0.194956
4.7599e+06 0.175777
4.7648e+06 0.201723
4.7697e+06 0.140581
4.7746e+06 0.174142
4.7795e+06 0.174328
4.7844e+06 0.149725
4.7893e+06 0.183499
4.7942e+06 0.128326
4.7991e+06 0.234283
4.804e+06 0.220799
4.8089e+06 0.185068
4.8138e+06 0.241323
4.8187e+06 0.255898
4.8236e+06 0.202386
4.8285e+06 0.170059
4.8334e+06 0.179184
4.8383e+06 0.1903
4.8432e+06 0.11174
4.8481e+06 0.165429
4.853e+06 0.118218
4.8579e+06 0.240753
4.8628e+06 0.200579
4.8677e+06 0.228861
4.8726e+06 0.266452
4.8775e+06 0.232985
4.8824e+06 0.221612
4.8873e+06 0.195566
4.8922e+06 0.246457
4.8971e+06 0.229392
4.902e+06 0.157793
4.9069e+06 0.125611
4.9118e+06 0.172094
4.9167e+06 0.129945
4.9216e+06 0.170856
4.9265e+06 0.199507
4.9314e+06 0.137204
4.9363e+06 0.171777
4.9412e+06 0.168241
4.9461e+06 0.190989
4.951e+06 0.145824
4.9559e+06 0.192309
4.9608e+06 0.130736
4.9657e+06 0.140116
4.9706e+06 0.223748
4.9755e+06 0.240953
4.9804e+06 0.226453
4.9853e+06 0.210548
4.9902e+06 0.286506
4.9951e+06 0.216885
