1000 0.0255479
1004 0.0519898
1008 0.0397022
1012 0.0587801
1016 0.0327057
1020 0.0247116
1024 0.0205952
1028 0.0473273
1032 0.0481662
1036 0.0231126
1040 0.0448127
1044 0.0695517
1048 0.00764199
1052 0.0384924
1056 0.0236303
1060 0.0321413
1064 0.0257081
1068 0.0179847
1072 0.0639677
1076 0.0327694
1080 0.0607074
1084 0.0351564
1088 0.0298401
1092 0.0542632
1096 0.0133852
1100 0.0280112
1104 0.0267714
1108 0.0359417
1112 0.0103652
1116 0.0338166
1120 0.050609
1124 0.0240045
1128 0.0128625
1132 0.0159847
1136 0.114068
1140 -0.00313561
1144 0.0210705
1148 0.0031442
1152 0.0619771
1156 0.00591416
1160 0.0462531
1164 0.0408374
1168 0.032304
1172 0.0439003
1176 0.0218701
1180 0.0207543
1184 0.0548172
1188 0.00081617
1192 0.0312905
1196 0.0206691
1200 -0.02092
1204 0.0402166
1208 0.0545294
1212 0.0502548
1216 0.0329232
1220 0.0123226
1224 0.0251819
1228 0.0318227
1232 0.0434269
1236 0.0192386
1240 0.0495257
1244 0.0218703
1248 0.033783
1252 0.0195137
1256 0.038997
1260 0.0245254
1264 -0.0189007
1268 0.0656871
1272 -0.00243116
1276 0.0154953
1280 0.0339084
1284 0.022155
1288 0.0294802
1292 0.0189524
1296 0.0243263
1300 0.00813912
1304 0.0587204
1308 0.0321707
1312 0.0454654
1316 0.033003
1320 0.00669466
1324 0.0450872
1328 0.0457431
1332 0.0444271
1336 0.0103163
1340 0.0331738
1344 0.0291794
1348 0.0493426
1352 0.023643
1356 0.0305631
1360 0.014625
1364 0.0298397
1368 0.00544122
1372 0.0137508
1376 0.0627855
1380 0.00879715
1384 0.0467053
1388 0.0526674
1392 0.0273261
1396 0.0400082
1400 0.0600698
1404 0.0117842
1408 0.0525923
1412 0.0382533
1416 0.064488
1420 0.0118174
1424 0.046188
1428 0.0395279
1432 0.0535364
1436 0.0282054
1440 0.0593076
1444 -0.00118186
1448 0.0584528
1452 0.0143364
1456 0.0456887
1460 0.0524688
1464 0.0288107
1468 0.0409617
1472 0.0289539
1476 0.0300842
1480 0.0359726
1484 0.0308246
1488 0.0444445
1492 0.0157818
1496 0.0302414
1500 0.025898
1504 0.0139455
1508 0.0397058
1512 0.0208758
1516 0.0655839
1520 -0.0240785
1524 0.0362549
1528 0.0294372
1532 0.0382287
1536 0.0546933
1540 0.00239744
1544 0.0285298
1548 0.0351214
1552 0.0336474
1556 0.0632707
1560 -0.012843
1564 0.0337884
1568 0.0121263
1572 0.0591115
1576 0.0246646
1580 0.0371101
1584 0.0173584
1588 0.0425455
1592 0.0311785
1596 0.0178432
1600 0.0263183
1604 0.0592238
1608 0.0186563
1612 0.0341925
1616 0.00444364
1620 0.0453321
1624 0.00876118
1628 0.0359271
1632 0.0248786
1636 0.0550877
1640 0.0366245
1644 0.0408497
1648 0.00377231
1652 0.0276559
1656 0.0494419
1660 -0.00508875
1664 0.0419669
1668 0.0288648
1672 0.0164305
1676 0.0168108
1680 0.0503295
1684 0.0150562
1688 0.0510624
1692 0.013784
1696 -0.00158529
1700 0.0457407
1704 0.00198407
1708 0.0178217
1712 0.0313226
1716 0.0433489
1720 0.0434008
1724 -0.0157198
1728 0.0393688
1732 -0.00277874
1736 0.0393923
1740 0.037793
1744 0.0116023
1748 0.019131
1752 0.0332853
1756 0.0496924
1760 0.0561749
1764 0.050437
1768 0.0455803
1772 0.0366021
1776 0.0243226
1780 0.039239
1784 0.0448951
1788 0.024858
1792 0.0613355
1796 0.0658073
1800 0.0388709
1804 0.0427294
1808 0.0400216
1812 0.0575755
1816 0.0568124
1820 0.0658743
1824 0.0462923
1828 0.0280386
1832 0.083826
1836 0.0598566
1840 0.0759619
1844 0.03607
1848 0.0497577
1852 0.106079
1856 0.0560667
1860 0.0817645
1864 0.0515162
1868 0.0416748
1872 0.0713448
1876 0.0445541
1880 0.0191855
1884 0.0629231
1888 0.0175374
1892 0.0847456
1896 0.0676339
1900 0.0680693
1904 0.0400235
1908 0.0517205
1912 0.0440119
1916 0.0389893
1920 0.0150435
1924 0.0793202
1928 0.0577625
1932 0.0349272
1936 0.0756819
1940 0.0573371
1944 0.0317809
1948 0.0505415
1952 0.0396295
1956 0.0522412
1960 0.0745178
1964 -0.0118773
1968 0.0706291
1972 0.0580019
1976 0.0348541
1980 0.0555614
1984 0.0278428
1988 0.0854076
1992 0.0487098
1996 0.0275979
2000 0.0808006
2004 0.0498207
2008 0.0716099
2012 0.0450753
2016 0.0458195
2020 0.0428962
2024 0.0555957
2028 0.0562759
2032 0.0489456
2036 0.0479319
2040 0.0629725
2044 0.0270834
2048 0.0407078
2052 0.0702992
2056 0.0327144
2060 0.0573661
2064 0.0462348
2068 0.059048
2072 0.0510908
2076 0.084636
2080 0.0392614
2084 0.0862199
2088 0.05233
2092 0.0503399
2096 0.0599255
2100 0.0567017
2104 0.0509127
2108 0.0539682
2112 0.046581
2116 0.0478057
2120 0.00976991
2124 0.0265312
2128 0.0366213
2132 0.0225411
2136 0.029812
2140 0.0589698
2144 0.0490462
2148 0.0482212
2152 0.0616741
2156 0.0521932
2160 0.0493304
2164 0.0399663
2168 0.0815511
2172 0.0395466
2176 0.0215065
2180 0.0808643
2184 0.0415065
2188 0.0318262
2192 0.0744015
2196 0.0295911
2200 0.0697724
2204 0.0311558
2208 0.0401106
2212 0.00403101
2216 0.0584634
2220 0.0318907
2224 0.0380733
2228 0.034369
2232 0.0595686
2236 0.048958
2240 0.0702343
2244 0.0765696
2248 0.068075
2252 0.0587325
2256 0.0403291
2260 0.0729369
2264 0.0427956
2268 0.04271
2272 0.0591828
2276 0.0451993
2280 0.0415935
2284 0.032865
2288 0.0204373
2292 0.0863199
2296 0.0562662
2300 0.0527448
2304 0.0658594
2308 0.0301195
2312 0.0557322
2316 0.0465061
2320 0.0210503
2324 0.0381687
2328 0.056264
2332 0.0492239
2336 0.0613453
2340 0.0424144
2344 0.0400789
2348 0.0508024
2352 0.0324233
2356 0.0522904
2360 0.0371564
2364 0.0699431
2368 0.0521153
2372 0.0538978
2376 0.0604488
2380 0.056129
2384 0.0327811
2388 0.0697097
2392 0.0439782
2396 0.10383
2400 0.0252883
2404 0.0702491
2408 0.0463499
2412 0.0551979
2416 0.0207004
2420 0.0374855
2424 0.0416077
2428 0.0387523
2432 0.0110323
2436 0.0790053
2440 0.0146933
2444 0.0488076
2448 0.0575993
2452 0.0733503
2456 0.0757067
2460 0.0537565
2464 0.0650241
2468 0.0613526
2472 0.0736308
2476 0.027529
2480 0.071139
2484 0.039981
2488 0.0632868
2492 0.0119213
2496 0.0606986
2500 -0.00435415
2504 0.0838741
2508 -0.0138798
2512 0.109882
2516 0.0156767
2520 0.045424
2524 0.0117176
2528 0.047032
2532 0.0267443
2536 0.0762171
2540 0.0596092
2544 0.0163969
2548 0.0618757
2552 0.0214145
2556 0.0342317
2560 0.0442635
2564 0.0758765
2568 0.0184747
2572 0.0652667
2576 0.0365707
2580 0.0525777
2584 0.0463052
2588 0.0566716
2592 0.0529082
2596 0.0379296
2600 0.0479666
2604 0.0331151
2608 0.0876173
2612 0.0211433
2616 0.0769516
2620 0.0143316
2624 0.0798829
2628 0.0484755
2632 0.0705913
2636 0.0376048
2640 0.0664905
2644 0.0681353
2648 0.0286119
2652 0.0292602
2656 0.0862494
2660 0.0349434
2664 0.106078
2668 0.0514357
2672 0.0687563
2676 0.047432
2680 0.055427
2684 0.0476502
2688 0.042627
2692 0.055056
2696 0.0588837
2700 0.0571602
2704 0.0661883
2708 0.0356554
2712 0.0884685
2716 0.0555643
2720 0.0578616
2724 0.0629127
2728 0.0574303
2732 0.0369957
2736 0.0499572
2740 0.0535689
2744 0.0577473
2748 0.019827
2752 0.0447758
2756 0.0536776
2760 0.0736863
2764 0.0515723
2768 0.0243579
2772 0.0699291
2776 0.0224314
2780 0.0633898
2784 0.0620126
2788 0.0343796
2792 0.0692744
2796 0.0574048
2800 0.0346642
2804 0.025827
2808 0.0609822
2812 0.0279751
2816 0.0185049
2820 0.116625
2824 0.0428441
2828 0.0385738
2832 0.0206933
2836 0.0496835
2840 0.0274764
2844 0.0842782
2848 0.0279277
2852 0.0961284
2856 0.0663597
2860 0.0624697
2864 0.0380285
2868 0.00193035
2872 0.0325332
2876 0.0256317
2880 0.0524227
2884 -0.00248438
2888 0.0627745
2892 0.0258449
2896 0.0290404
2900 0.0466768
2904 0.0564984
2908 0.0487815
2912 0.0482222
2916 0.0666381
2920 0.0643258
2924 0.0666884
2928 0.00962887
2932 0.0866575
2936 0.020044
2940 0.0509483
2944 0.033743
2948 0.0669277
2952 0.0443589
2956 0.0768365
2960 0.0378331
2964 0.0633652
2968 0.0377851
2972 0.0740209
2976 0.0323974
2980 0.0752299
2984 0.0490704
2988 0.0412115
2992 0.0508183
2996 0.0648434
3000 0.0196041
3004 0.0730855
3008 0.00133606
3012 0.0590849
3016 0.0266107
3020 0.056132
3024 0.0508036
3028 0.0533834
3032 0.0574994
3036 0.0449099
3040 0.0837215
3044 0.00780592
3048 0.088947
3052 0.0306168
3056 0.0473957
3060 0.0381542
3064 0.0457977
3068 0.0491867
3072 0.0620478
3076 0.029041
3080 0.0890694
3084 0.0534401
3088 0.0389437
3092 0.0591168
3096 0.0483198
3100 0.0302278
3104 0.0376795
3108 0.0638251
3112 0.0241579
3116 0.0447961
3120 0.0538932
3124 0.0586354
3128 0.0542063
3132 0.0503614
3136 0.0613179
3140 0.0251394
3144 0.052302
3148 0.0285702
3152 0.019908
3156 0.0548998
3160 0.0742824
3164 0.0409085
3168 0.0559724
3172 0.0373231
3176 0.0733598
3180 0.00823892
3184 0.0711272
3188 0.0497684
3192 0.0680981
3196 0.0440991
3200 0.046342
3204 0.0460045
3208 0.0069196
3212 0.0420144
3216 0.0254336
3220 0.0345762
3224 0.0528104
3228 0.0715829
3232 0.0591989
3236 0.0341565
3240 0.0697062
3244 0.0480173
3248 0.0180939
3252 0.054112
3256 0.0293278
3260 0.0243455
3264 0.0500535
3268 0.0729729
3272 0.0372912
3276 0.0234725
3280 0.0477215
3284 0.0276407
3288 0.0369371
3292 0.0665604
3296 0.0859492
3300 0.0156314
3304 0.0611319
3308 0.0470849
3312 0.0715189
3316 0.0247648
3320 0.0428158
3324 0.0301923
3328 0.0389115
3332 0.0256311
3336 0.0883677
3340 0.0312923
3344 0.052447
3348 0.0422068
3352 0.0609252
3356 0.0481577
3360 0.0178352
3364 0.0387348
3368 0.0195549
3372 0.0556461
3376 0.019322
3380 0.0832831
3384 0.0148026
3388 0.0577088
3392 0.010358
3396 0.0632087
3400 0.0404036
3404 0.0564678
3408 0.0465936
3412 0.0441234
3416 0.0617188
3420 0.0267194
3424 0.0687611
3428 0.0374414
3432 0.046908
3436 0.0433467
3440 0.0744415
3444 0.0286907
3448 0.066132
3452 0.0565834
3456 0.035418
3460 0.0520568
3464 0.0392558
3468 0.00439825
3472 0.0807523
3476 0.0299976
3480 0.0909298
3484 0.0428617
3488 0.0870795
3492 0.0384568
3496 0.084774
3500 0.0630699
3504 0.0374207
3508 0.0543551
3512 0.0579196
3516 0.0733756
3520 -0.00285242
3524 0.0426567
3528 -0.00451983
3532 0.0640046
3536 0.0118849
3540 0.0713892
3544 0.0589807
3548 0.0510012
3552 0.0305357
3556 0.0469126
3560 0.0630039
3564 0.0386245
3568 0.0439427
3572 0.0319875
3576 0.0766956
3580 0.05915
3584 0.0938456
3588 0.0570314
3592 0.0558207
3596 0.0563494
3600 0.0567962
3604 0.0503427
3608 0.0292497
3612 0.0319069
3616 0.0877705
3620 0.000508756
3624 0.0490349
3628 0.066166
3632 0.0401755
3636 0.090017
3640 0.0446131
3644 0.10333
3648 0.0290802
3652 0.0465664
3656 0.0451914
3660 0.0493358
3664 0.0384179
3668 0.0607798
3672 0.0481541
3676 0.062534
3680 0.0598335
3684 0.0554066
3688 0.0695468
3692 0.0457254
3696 0.0560035
3700 0.0719026
3704 0.0651357
3708 0.0508823
3712 0.0413063
3716 0.0232525
3720 0.0400087
3724 0.0410175
3728 0.0259114
3732 0.0601517
3736 0.0477156
3740 0.0628236
3744 0.0213965
3748 0.0739488
3752 0.0671024
3756 0.0260742
3760 0.0919583
3764 0.0625016
3768 0.0695288
3772 0.0136339
3776 0.0514127
3780 0.0237826
3784 0.0851107
3788 0.0406393
3792 0.109746
3796 0.0107837
3800 0.0774394
3804 0.0504154
3808 0.0390587
3812 0.0460793
3816 0.0890349
3820 0.041139
3824 0.0806155
3828 0.0475896
3832 0.0455903
3836 0.0725222
3840 0.0421873
3844 0.0674274
3848 0.0251442
3852 0.0531685
3856 0.0421958
3860 0.0664884
3864 0.0107803
3868 0.0673515
3872 0.041397
3876 0.0451612
3880 0.046768
3884 0.0552341
3888 0.0189183
3892 0.0685899
3896 0.0774296
3900 0.0420659
3904 0.0483719
3908 0.0843946
3912 0.0731553
3916 0.0289656
3920 0.0433324
3924 0.0647527
3928 0.0524927
3932 0.0489517
3936 0.0592945
3940 0.0547523
3944 0.0553064
3948 0.0875679
3952 0.0363371
3956 0.0586547
3960 0.0712382
3964 0.0532124
3968 0.0660424
3972 0.0423434
3976 0.0546228
3980 0.0147151
3984 0.0363519
3988 0.031195
3992 0.0941452
3996 0.0288794
4000 0.0732519
4004 0.0235255
4008 0.037668
4012 0.0394196
4016 0.065186
4020 0.0347637
4024 0.0692046
4028 0.0574084
4032 0.0631971
4036 0.0190737
4040 0.0518346
4044 0.0456326
4048 0.0158197
4052 0.0546256
4056 0.054814
4060 0.0848336
4064 0.0451182
4068 0.0841759
4072 -0.0171662
4076 0.104729
4080 0.00438
4084 0.0832485
4088 0.0505333
4092 0.0561923
4096 0.00951075
4100 0.0525793
4104 0.0577813
4108 0.0287396
4112 0.0527028
4116 0.0337291
4120 0.0744974
4124 0.0278476
4128 0.0426047
4132 0.0103351
4136 0.0542819
4140 0.0484865
4144 0.0696497
4148 0.0548702
4152 0.0497431
4156 0.0348628
4160 0.0570236
4164 0.0773253
4168 0.023153
4172 0.0487273
4176 0.078872
4180 0.0373766
4184 0.0725802
4188 0.0369559
4192 0.0702557
4196 0.0376448
4200 0.0383686
4204 0.080605
4208 0.0259102
4212 0.0471682
4216 0.0370574
4220 0.0581001
4224 0.0466115
4228 0.0690939
4232 0.0707917
4236 0.0565751
4240 0.0929041
4244 0.0222267
4248 0.0623019
4252 0.0038104
4256 0.0364964
4260 -4.18992e-05
4264 0.0733214
4268 0.0490923
4272 0.0611869
4276 0.0597092
4280 0.0232695
4284 0.0433501
4288 0.0277739
4292 0.100789
4296 0.0397881
4300 0.0720097
4304 0.0394347
4308 0.058188
4312 0.0702915
4316 0.0476652
4320 0.0628826
4324 0.0446611
4328 0.0571988
4332 0.0529768
4336 0.0517759
4340 0.0685495
4344 0.0612023
4348 0.0535376
4352 0.0891991
4356 0.00945679
4360 0.0542412
4364 0.0513295
4368 0.0407091
4372 0.0232103
4376 0.0550071
4380 0.0221538
4384 0.0777549
4388 0.0254804
4392 0.0705027
4396 0.0156631
4400 0.0456001
4404 0.076725
4408 0.0254364
4412 0.0992871
4416 0.0201686
4420 0.0516014
4424 0.0626617
4428 0.0105332
4432 0.0374711
4436 0.0499454
4440 0.0262467
4444 0.0622483
4448 0.0410356
4452 0.0509723
4456 0.0485834
4460 0.0526159
4464 0.0454854
4468 0.0428105
4472 0.0646022
4476 0.0446097
4480 0.074334
4484 0.0357313
4488 0.0501247
4492 0.0628744
4496 0.052045
4500 0.064937
4504 0.0355157
4508 0.0628364
4512 0.0498129
4516 0.0603148
4520 0.0593371
4524 0.0524351
4528 0.039483
4532 0.0347908
4536 0.035321
4540 0.0682253
4544 0.0396587
4548 0.0293678
4552 0.0339148
4556 0.0582437
4560 0.0321092
4564 0.0316464
4568 0.0435992
4572 0.0618432
4576 0.0546533
4580 0.080317
4584 0.0414394
4588 0.0592998
4592 0.033037
4596 0.0203483
4600 0.0505781
4604 0.0426204
4608 0.0528529
4612 0.0811161
4616 0.0339603
4620 0.0713098
4624 0.0327815
4628 0.0475314
4632 0.0759243
4636 0.031489
4640 0.0823138
4644 0.0226883
4648 0.0647969
4652 0.0716399
4656 0.0407295
4660 0.0763595
4664 0.040077
4668 0.075691
4672 0.0133582
4676 0.0922994
4680 0.0324578
4684 0.076951
4688 0.0448395
4692 0.0394892
4696 0.0737522
4700 0.0471327
4704 0.0629398
4708 0.0368492
4712 0.0522439
4716 0.00511025
4720 0.0551943
4724 0.0341202
4728 0.0420298
4732 0.0586225
4736 0.0265455
4740 0.0571615
4744 0.0574882
4748 0.0666957
4752 0.0586893
4756 0.0468491
4760 0.0761429
4764 0.0276442
4768 0.0740335
4772 0.0471433
4776 0.0363781
4780 0.0375784
4784 0.0475298
4788 0.037925
4792 0.0654173
4796 0.0512344
4800 0.0541826
4804 0.0316334
4808 0.0538827
4812 0.0311619
4816 0.076045
4820 0.0377043
4824 0.0498412
4828 0.047033
4832 0.0455802
4836 0.0698171
4840 0.0636749
4844 0.0454429
4848 0.0659555
4852 0.0433057
4856 0.0833307
4860 0.0404931
4864 0.0737731
4868 0.0415
4872 0.0563128
4876 0.0635832
4880 0.0336156
4884 0.0650774
4888 0.0449864
4892 0.0449078
4896 0.0693986
4900 0.0392856
4904 0.0534385
4908 0.0525991
4912 0.0381832
4916 0.0565706
4920 0.0086042
4924 0.0277278
4928 0.0275776
4932 0.0395185
4936 0.0238419
4940 0.067043
4944 0.012602
4948 0.046377
4952 0.0339465
4956 0.0441176
4960 0.0494834
4964 0.067993
4968 0.024645
4972 0.054988
4976 0.0659815
4980 0.0659111
4984 0.064809
4988 0.0631005
4992 0.0650855
4996 0.0141548
