1000 0.00235908
1004 -0.00769016
1008 8.25578e-05
1012 -0.0035594
1016 -0.000572728
1020 -0.000498478
1024 0.000290296
1028 -0.00088589
1032 -0.00151246
1036 0.0010773
1040 -0.000432979
1044 -0.000699605
1048 -0.000137662
1052 -0.000890243
1056 -4.58241e-05
1060 0.000323049
1064 -0.000824744
1068 2.67127e-05
1072 -0.000602259
1076 0.000162358
1080 1.27958e-05
1084 -8.19514e-05
1088 -0.000203546
1092 -1.62634e-06
1096 -0.000214162
1100 -9.24699e-05
1104 -0.000451403
1108 -0.000153481
1112 -0.000224281
1116 0.000111014
1120 -0.000242246
1124 0.000118956
1128 -0.000249399
1132 -8.53929e-05
1136 -0.00021685
1140 -0.000273948
1144 3.60749e-05
1148 -1.93669e-05
1152 -9.2772e-05
1156 -5.41674e-05
1160 2.10783e-05
1164 -0.000271248
1168 0.00017406
1172 -8.85822e-05
1176 -0.00022433
1180 4.37144e-05
1184 -0.000185435
1188 -4.38087e-05
1192 -0.000146104
1196 9.08692e-05
1200 -0.000187864
1204 -9.78758e-05
1208 -0.000220636
1212 -3.98133e-05
1216 -0.000256216
1220 1.32188e-05
1224 -0.000178436
1228 -0.000160419
1232 -8.92028e-05
1236 9.84168e-05
1240 -5.17386e-05
1244 -3.85096e-05
1248 1.23871e-05
1252 -0.000186
1256 -9.47777e-05
1260 -1.03335e-05
1264 5.1579e-05
1268 -0.00012362
1272 -0.000100214
1276 -4.53014e-05
1280 2.43144e-05
1284 -9.93324e-05
1288 9.34349e-05
1292 5.512e-05
1296 -0.00012165
1300 -4.19926e-05
1304 -2.22999e-06
1308 4.5075e-05
1312 -8.42566e-05
1316 -9.92018e-05
1320 5.10767e-05
1324 -0.000108795
1328 -8.02453e-05
1332 2.5211e-05
1336 -3.82885e-05
1340 1.07546e-05
1344 -5.90289e-05
1348 3.1605e-05
1352 -6.40918e-05
1356 3.52857e-05
1360 -0.000150331
1364 0.000100141
1368 -7.68013e-05
1372 2.88758e-05
1376 -7.71304e-05
1380 9.83484e-06
1384 -0.000104341
1388 -1.98519e-05
1392 1.83171e-05
1396 -5.29199e-08
1400 -7.86883e-06
1404 -1.78058e-05
1408 -0.000104851
1412 -1.19944e-05
1416 -5.96822e-05
1420 2.03893e-05
1424 -7.6896e-05
1428 -4.37011e-05
1432 -7.78508e-05
1436 -1.13003e-05
1440 -4.06083e-05
1444 -6.08885e-05
1448 -7.0677e-05
1452 -2.5236e-05
1456 1.00217e-05
1460 -2.83542e-05
1464 -4.70797e-05
1468 -2.38544e-05
1472 -2.38837e-05
1476 3.48076e-06
1480 -1.58536e-05
1484 3.07981e-05
1488 -9.2253e-05
1492 -2.79457e-05
1496 -3.65091e-06
1500 -3.6379e-05
1504 -3.54287e-05
1508 -2.74863e-05
1512 -5.70597e-05
1516 -7.51508e-05
1520 3.90747e-05
1524 -2.20643e-05
1528 -3.00251e-05
1532 -8.08582e-05
1536 1.48693e-05
1540 -6.24792e-05
1544 -5.94931e-05
1548 -5.79308e-05
1552 1.45264e-05
1556 -3.49986e-05
1560 -3.41354e-05
1564 8.33364e-05
1568 3.36762e-05
1572 0.000222728
1576 0.000400639
1580 0.000388349
1584 0.0006065
1588 0.000595946
1592 0.000774089
1596 0.000831464
1600 0.0009724
1604 0.00105757
1608 0.00119767
1612 0.00125956
1616 0.00143069
1620 0.00144512
1624 0.00155957
1628 0.00160862
1632 0.0017119
1636 0.00181492
1640 0.00194795
1644 0.00199882
1648 0.00215419
1652 0.0021449
1656 0.00232877
1660 0.00234621
1664 0.0023568
1668 0.00246907
1672 0.00251542
1676 0.00254517
1680 0.00269012
1684 0.00271613
1688 0.00285286
1692 0.00292313
1696 0.00297497
1700 0.00309497
1704 0.00316211
1708 0.00326364
1712 0.00335673
1716 0.00336303
1720 0.00346945
1724 0.00358116
1728 0.00362231
1732 0.00373983
1736 0.00375693
1740 0.00388613
1744 0.00380567
1748 0.00398984
1752 0.00401405
1756 0.00409371
1760 0.00413448
1764 0.0042293
1768 0.00425974
1772 0.0043935
1776 0.00432993
1780 0.00451911
1784 0.00450862
1788 0.00456969
1792 0.00467791
1796 0.00468224
1800 0.00479565
1804 0.00483426
1808 0.00493298
1812 0.00490884
1816 0.00502675
1820 0.00506404
1824 0.00512211
1828 0.00519442
1832 0.00519772
1836 0.00528239
1840 0.00536078
1844 0.00538629
1848 0.00543898
1852 0.00544304
1856 0.00552739
1860 0.00556651
1864 0.00561787
1868 0.00566122
1872 0.00575912
1876 0.00575801
1880 0.00582679
1884 0.00588533
1888 0.00589636
1892 0.00599413
1896 0.00599569
1900 0.00612982
1904 0.00608988
1908 0.00619623
1912 0.00622014
1916 0.00624744
1920 0.00629062
1924 0.00638933
1928 0.00638089
1932 0.00651431
1936 0.00650854
1940 0.00658958
1944 0.00657885
1948 0.00669432
1952 0.00661921
1956 0.00670276
1960 0.00674136
1964 0.00678054
1968 0.00682334
1972 0.00686838
1976 0.00689032
1980 0.0069499
1984 0.00700475
1988 0.00702255
1992 0.00710661
1996 0.00711033
2000 0.00715534
2004 0.00722719
2008 0.00726163
2012 0.00728537
2016 0.00735556
2020 0.00737683
2024 0.00738792
2028 0.0074422
2032 0.00748748
2036 0.00751624
2040 0.00756777
2044 0.00758056
2048 0.00760076
2052 0.00766132
2056 0.00768951
2060 0.00774323
2064 0.00773465
2068 0.00778059
2072 0.00782119
2076 0.00781706
2080 0.00787061
2084 0.00789949
2088 0.00790064
2092 0.00800647
2096 0.00795453
2100 0.00800872
2104 0.00805639
2108 0.00805542
2112 0.00808686
2116 0.00810282
2120 0.00813585
2124 0.00814381
2128 0.00818412
2132 0.00823541
2136 0.00824344
2140 0.00822892
2144 0.00829562
2148 0.00829012
2152 0.00837417
2156 0.00836367
2160 0.00839014
2164 0.00842082
2168 0.00842762
2172 0.00846015
2176 0.00851187
2180 0.0085002
2184 0.00853856
2188 0.00857145
2192 0.00860745
2196 0.00860465
2200 0.00868328
2204 0.00865999
2208 0.00869167
2212 0.00871461
2216 0.00875353
2220 0.00878514
2224 0.00879473
2228 0.00885725
2232 0.00883696
2236 0.00890717
2240 0.00887433
2244 0.00895538
2248 0.00890044
2252 0.00898229
2256 0.00896465
2260 0.00902552
2264 0.00899633
2268 0.00902911
2272 0.00903421
2276 0.00908771
2280 0.00910699
2284 0.00912182
2288 0.00917042
2292 0.00920561
2296 0.00921149
2300 0.00922749
2304 0.00925333
2308 0.00926273
2312 0.00929569
2316 0.0093265
2320 0.0093266
2324 0.00934708
2328 0.00932251
2332 0.00927108
2336 0.00927129
2340 0.00921957
2344 0.00918419
2348 0.00917309
2352 0.00915216
2356 0.00911664
2360 0.00909243
2364 0.0090816
2368 0.00902478
2372 0.00901846
2376 0.0089914
2380 0.00898805
2384 0.00892036
2388 0.00889976
2392 0.00889406
2396 0.00884324
2400 0.00886682
2404 0.00880943
2408 0.00881263
2412 0.00873953
2416 0.00874379
2420 0.00871543
2424 0.00871459
2428 0.00859781
2432 0.00866646
2436 0.00862044
2440 0.00859529
2444 0.00857668
2448 0.00853194
2452 0.00854294
2456 0.00846417
2460 0.00847129
2464 0.0084472
2468 0.00841613
2472 0.00840496
2476 0.00837406
2480 0.00832566
2484 0.00837058
2488 0.00827982
2492 0.00827717
2496 0.00828244
2500 0.00825729
2504 0.00821964
2508 0.00819836
2512 0.00816407
2516 0.00817372
2520 0.00814183
2524 0.00814019
2528 0.00808899
2532 0.00809339
2536 0.00801551
2540 0.00805098
2544 0.00802723
2548 0.00799398
2552 0.00794352
2556 0.00796585
2560 0.00790326
2564 0.00790886
2568 0.00788278
2572 0.00788776
2576 0.00786767
2580 0.0078016
2584 0.00780578
2588 0.00781329
2592 0.00775371
2596 0.00774718
2600 0.00774914
2604 0.00769559
2608 0.00771204
2612 0.0076549
2616 0.00766301
2620 0.00765249
2624 0.00760903
2628 0.00758401
2632 0.00756355
2636 0.00757249
2640 0.00751581
2644 0.00753313
2648 0.00749225
2652 0.00746182
2656 0.00744806
2660 0.0074484
2664 0.00745515
2668 0.00741406
2672 0.00740317
2676 0.00737721
2680 0.00734438
2684 0.0073446
2688 0.00732813
2692 0.00729349
2696 0.00727721
2700 0.00726881
2704 0.00725144
2708 0.00723226
2712 0.00723315
2716 0.00719542
2720 0.00719615
2724 0.00717201
2728 0.00716165
2732 0.00713716
2736 0.00711763
2740 0.00709783
2744 0.00708865
2748 0.00707625
2752 0.00704956
2756 0.00703545
2760 0.00704831
2764 0.00698915
2768 0.00700351
2772 0.00698478
2776 0.0069354
2780 0.00695317
2784 0.00689632
2788 0.00692561
2792 0.00689062
2796 0.00690044
2800 0.00689061
2804 0.0068482
2808 0.00684542
2812 0.00683551
2816 0.00679601
2820 0.00680744
2824 0.00675956
2828 0.00676219
2832 0.00674446
2836 0.00673259
2840 0.00672297
2844 0.00670839
2848 0.00668377
2852 0.0066759
2856 0.00665236
2860 0.00663848
2864 0.00664428
2868 0.00661953
2872 0.00660387
2876 0.00658446
2880 0.00659289
2884 0.00654813
2888 0.00658646
2892 0.00649332
2896 0.00653596
2900 0.0065176
2904 0.0064667
2908 0.0065086
2912 0.00643349
2916 0.00647585
2920 0.00643464
2924 0.00646737
2928 0.0064676
2932 0.00650252
2936 0.00651876
2940 0.00655041
2944 0.00656122
2948 0.00660926
2952 0.0066049
2956 0.00662896
2960 0.00666346
2964 0.00668973
2968 0.00668756
2972 0.00671271
2976 0.00675081
2980 0.00677326
2984 0.00677914
2988 0.0068196
2992 0.00683081
2996 0.0068521
3000 0.00687739
3004 0.00689734
3008 0.00691066
3012 0.0069232
3016 0.00697325
3020 0.00697087
3024 0.00700288
3028 0.00700532
3032 0.00703346
3036 0.00705956
3040 0.00708732
3044 0.00710623
3048 0.00710027
3052 0.00713169
3056 0.00715441
3060 0.00717555
3064 0.00719268
3068 0.00721276
3072 0.00722352
3076 0.00725506
3080 0.00723718
3084 0.00729739
3088 0.00728072
3092 0.00732533
3096 0.00732299
3100 0.00733804
3104 0.00738782
3108 0.00737886
3112 0.00740109
3116 0.00743473
3120 0.00742628
3124 0.0074641
3128 0.00747273
3132 0.00749096
3136 0.00751557
3140 0.00753266
3144 0.00754956
3148 0.00756721
3152 0.00758755
3156 0.00761092
3160 0.00762667
3164 0.00764823
3168 0.00766786
3172 0.0076881
3176 0.00768049
3180 0.00769349
3184 0.00771773
3188 0.00772224
3192 0.00774669
3196 0.00773387
3200 0.00776257
3204 0.00774728
3208 0.00778304
3212 0.00779328
3216 0.00782666
3220 0.0078348
3224 0.0078601
3228 0.00787564
3232 0.00786635
3236 0.00791696
3240 0.0079077
3244 0.00793317
3248 0.00794264
3252 0.00797324
3256 0.00799035
3260 0.0079845
3264 0.00803418
3268 0.00803162
3272 0.00805355
3276 0.00808621
3280 0.00809292
3284 0.00809893
3288 0.00810772
3292 0.00814539
3296 0.00818324
3300 0.00815689
3304 0.00820205
3308 0.00817459
3312 0.00821077
3316 0.00821042
3320 0.00822843
3324 0.00824704
3328 0.00825628
3332 0.00827851
3336 0.00827458
3340 0.00829863
3344 0.00830587
3348 0.00831749
3352 0.00833091
3356 0.00833711
3360 0.00835623
3364 0.0083745
3368 0.00839541
3372 0.00840816
3376 0.00842295
3380 0.00844423
3384 0.00844524
3388 0.00845589
3392 0.00846369
3396 0.00848787
3400 0.0085013
3404 0.00849617
3408 0.00851994
3412 0.00854616
3416 0.00853529
3420 0.00857057
3424 0.00858901
3428 0.00860636
3432 0.00859809
3436 0.00862963
3440 0.00864765
3444 0.00864953
3448 0.00866516
3452 0.00869043
3456 0.00868606
3460 0.00870836
3464 0.00872773
3468 0.00875121
3472 0.00875372
3476 0.00877337
3480 0.00876547
3484 0.00879581
3488 0.0087984
3492 0.00882338
3496 0.00883199
3500 0.00883696
3504 0.00885736
3508 0.00885247
3512 0.00888224
3516 0.00889773
3520 0.00889789
3524 0.00891464
3528 0.00893003
3532 0.0089416
3536 0.00896002
3540 0.00896442
3544 0.008985
3548 0.0089854
3552 0.00900482
3556 0.00901796
3560 0.00902838
3564 0.00903318
3568 0.00902447
3572 0.0090575
3576 0.00905783
3580 0.00907831
3584 0.00910564
3588 0.00909658
3592 0.00910744
3596 0.00911582
3600 0.0091208
3604 0.00915155
3608 0.00916152
3612 0.00915324
3616 0.00917908
3620 0.00918665
3624 0.00917528
3628 0.00919888
3632 0.0092026
3636 0.00921503
3640 0.00923565
3644 0.00922148
3648 0.00924379
3652 0.00925914
3656 0.00925809
3660 0.00929008
3664 0.00927356
3668 0.0093033
3672 0.00931202
3676 0.00929809
3680 0.0093421
3684 0.00934469
3688 0.00933847
3692 0.00937178
3696 0.00936504
3700 0.00937968
3704 0.00940739
3708 0.00940071
3712 0.00939701
3716 0.00943448
3720 0.00943442
3724 0.00943938
3728 0.00945416
3732 0.00945484
3736 0.00947337
3740 0.00947567
3744 0.00950747
3748 0.0094977
3752 0.0095004
3756 0.00952613
3760 0.0095431
3764 0.00953662
3768 0.00956357
3772 0.00954833
3776 0.00957497
3780 0.00957872
3784 0.00959141
3788 0.00959334
3792 0.00960908
3796 0.00960559
3800 0.00962584
3804 0.00965266
3808 0.00963033
3812 0.00965998
3816 0.00967049
3820 0.00967789
3824 0.00968084
3828 0.00969755
3832 0.00971083
3836 0.00969888
3840 0.0097357
3844 0.00974267
3848 0.00974817
3852 0.00976824
3856 0.00977374
3860 0.00978213
3864 0.00981236
3868 0.00980464
3872 0.00982119
3876 0.00983072
3880 0.00983278
3884 0.00983977
3888 0.00983168
3892 0.00985272
3896 0.00985148
3900 0.00987317
3904 0.00987828
3908 0.00987342
3912 0.00989083
3916 0.00988757
3920 0.00990232
3924 0.00991667
3928 0.00992238
3932 0.00992471
3936 0.00993615
3940 0.00994708
3944 0.00994693
3948 0.00995394
3952 0.00996551
3956 0.00998458
3960 0.0099752
3964 0.0100153
3968 0.00999898
3972 0.0100259
3976 0.0100223
3980 0.0100355
3984 0.010043
3988 0.0100565
3992 0.0100559
3996 0.0100556
4000 0.0100727
4004 0.0100865
4008 0.0100957
4012 0.0100977
4016 0.0101259
4020 0.0101264
4024 0.0101531
4028 0.0101336
4032 0.0101598
4036 0.0101482
4040 0.0101828
4044 0.0101793
4048 0.0101882
4052 0.010198
4056 0.0101949
4060 0.0102232
4064 0.0102118
4068 0.0102321
4072 0.0102412
4076 0.010246
4080 0.0102704
4084 0.0102715
4088 0.0102776
4092 0.0102805
4096 0.0102982
4100 0.0102969
4104 0.0102981
4108 0.0103291
4112 0.0103181
4116 0.0103322
4120 0.010331
4124 0.0103345
4128 0.0103513
4132 0.0103488
4136 0.0103618
4140 0.0103641
4144 0.0103752
4148 0.0103976
4152 0.010402
4156 0.0104149
4160 0.0104261
4164 0.0104236
4168 0.0104542
4172 0.0104586
4176 0.0104719
4180 0.010469
4184 0.0104936
4188 0.0104821
4192 0.0105107
4196 0.0105062
4200 0.0105312
4204 0.0105108
4208 0.0105374
4212 0.0105328
4216 0.0105308
4220 0.0105388
4224 0.0105408
4228 0.0105457
4232 0.0105614
4236 0.0105599
4240 0.0105787
4244 0.0105779
4248 0.0105889
4252 0.0105806
4256 0.0105925
4260 0.0105962
4264 0.0106068
4268 0.0106127
4272 0.0106239
4276 0.0106306
4280 0.0106344
4284 0.0106372
4288 0.0106382
4292 0.0106612
4296 0.0106555
4300 0.0106592
4304 0.0106644
4308 0.0106685
4312 0.0106612
4316 0.0106918
4320 0.010672
4324 0.0106861
4328 0.0107053
4332 0.0106969
4336 0.0107007
4340 0.0107271
4344 0.0107214
4348 0.0107228
4352 0.0107402
4356 0.0107388
4360 0.0107471
4364 0.0107377
4368 0.0107534
4372 0.0107541
4376 0.0107629
4380 0.0107757
4384 0.0107764
4388 0.0107886
4392 0.0107856
4396 0.0107939
4400 0.0108091
4404 0.0108035
4408 0.0108277
4412 0.0108374
4416 0.0108371
4420 0.0108355
4424 0.0108481
4428 0.0108529
4432 0.0108557
4436 0.0108673
4440 0.0108681
4444 0.0108731
4448 0.0108833
4452 0.010887
4456 0.0109004
4460 0.010902
4464 0.0109125
4468 0.0109126
4472 0.0109129
4476 0.0109162
4480 0.0109208
4484 0.0109198
4488 0.0109304
4492 0.010933
4496 0.0109496
4500 0.0109455
4504 0.0109419
4508 0.0109573
4512 0.0109506
4516 0.0109588
4520 0.0109594
4524 0.0109588
4528 0.0109776
4532 0.010964
4536 0.0109782
4540 0.0109767
4544 0.0109885
4548 0.0109929
4552 0.0110131
4556 0.0110099
4560 0.0110162
4564 0.0110181
4568 0.0110275
4572 0.0110278
4576 0.0110295
4580 0.0110423
4584 0.0110338
4588 0.0110539
4592 0.0110505
4596 0.0110616
4600 0.0110588
4604 0.0110673
4608 0.0110811
4612 0.0110768
4616 0.0110736
4620 0.0110795
4624 0.0110779
4628 0.0110918
4632 0.0110825
4636 0.0110997
4640 0.0110992
4644 0.0111123
4648 0.0111094
4652 0.0111268
4656 0.0111207
4660 0.0111291
4664 0.0111294
4668 0.0111377
4672 0.0111431
4676 0.0111397
4680 0.0111399
4684 0.0111406
4688 0.0111562
4692 0.0111558
4696 0.0111768
4700 0.0111645
4704 0.0111855
4708 0.0111869
4712 0.0111973
4716 0.0112005
4720 0.0112027
4724 0.0112055
4728 0.0112148
4732 0.011224
4736 0.0112288
4740 0.0112457
4744 0.0112292
4748 0.01126
4752 0.0112486
4756 0.0112633
4760 0.0112516
4764 0.0112694
4768 0.0112796
4772 0.0112802
4776 0.0112956
4780 0.0112918
4784 0.011297
4788 0.0113043
4792 0.011309
4796 0.011322
4800 0.0113198
4804 0.0113276
4808 0.0113352
4812 0.01133
4816 0.011344
4820 0.011341
4824 0.0113676
4828 0.0113533
4832 0.0113649
4836 0.0113651
4840 0.0113875
4844 0.0113808
4848 0.0113976
4852 0.0113896
4856 0.0114012
4860 0.0114005
4864 0.0114177
4868 0.0114212
4872 0.0114309
4876 0.0114285
4880 0.0114335
4884 0.0114428
4888 0.0114529
4892 0.0114479
4896 0.0114653
4900 0.0114653
4904 0.011476
4908 0.011465
4912 0.0114774
4916 0.0114865
4920 0.0114956
4924 0.0114866
4928 0.0115036
4932 0.0114944
4936 0.0115084
4940 0.0115054
4944 0.0115011
4948 0.0115202
4952 0.0115111
4956 0.0115206
4960 0.0115309
4964 0.0115317
4968 0.011544
4972 0.0115497
4976 0.011549
4980 0.0115483
4984 0.0115528
4988 0.0115653
4992 0.0115647
4996 0.0115731
