100000 0.94804
104900 0.702605
109800 0.826778
114700 0.884383
119600 0.837679
124500 0.802365
129400 0.764884
134300 0.781268
139200 0.735174
144100 0.710217
149000 0.679067
153900 0.870154
158800 0.673458
163700 0.761788
168600 0.765515
173500 0.905306
178400 0.766933
183300 0.661418
188200 0.853513
193100 0.836724
198000 0.840419
202900 0.578521
207800 0.764119
212700 0.793597
217600 0.738108
222500 0.783268
227400 0.667825
232300 0.744857
237200 0.760655
242100 0.754386
247000 0.865918
251900 0.875009
256800 0.674653
261700 0.614099
266600 0.714789
271500 0.940552
276400 0.887498
281300 0.826607
286200 0.734737
291100 0.728822
296000 0.797199
300900 0.680971
305800 0.777665
310700 0.753972
315600 0.830368
320500 0.739694
325400 0.761666
330300 0.636263
335200 0.800904
340100 0.69799
345000 0.777628
349900 0.912877
354800 0.830331
359700 0.859666
364600 0.968424
369500 0.81283
374400 0.808643
379300 0.679913
384200 0.873473
389100 0.830878
394000 0.638805
398900 0.777768
403800 0.798819
408700 0.780272
413600 0.773416
418500 0.734182
423400 0.787488
428300 0.785656
433200 0.851578
438100 0.769464
443000 0.709008
447900 0.838429
452800 0.759756
457700 0.886522
462600 0.705896
467500 0.776566
472400 0.658211
477300 0.793987
482200 0.759904
487100 0.953038
492000 0.828962
496900 0.624968
501800 0.701859
506700 0.863147
511600 0.506022
516500 0.832799
521400 0.762025
526300 0.755845
531200 0.843632
536100 0.858246
541000 0.845762
545900 0.774749
550800 0.936231
555700 0.94988
560600 0.890392
565500 0.820619
570400 0.565791
575300 0.739613
580200 0.790102
585100 0.716281
590000 0.828712
594900 0.800242
599800 0.797021
604700 0.821784
609600 0.580684
614500 0.811467
619400 0.728616
624300 0.727969
629200 0.760517
634100 0.771215
639000 0.727177
643900 0.742975
648800 0.764958
653700 0.662388
658600 0.713157
663500 0.631273
668400 0.733514
673300 0.863122
678200 0.675274
683100 0.664195
688000 0.806184
692900 0.854409
697800 0.75739
702700 0.870224
707600 0.558737
712500 0.754834
717400 0.772164
722300 0.66263
727200 0.833063
732100 0.754702
737000 0.973045
741900 0.727413
746800 0.774426
751700 0.583451
756600 0.73875
761500 0.600952
766400 0.854082
771300 0.782009
776200 0.839486
781100 0.846193
786000 0.897287
790900 0.809586
795800 0.753424
800700 0.735986
805600 0.79389
810500 0.766397
815400 0.825443
820300 0.762042
825200 0.890979
830100 0.864367
835000 0.731185
839900 0.737237
844800 0.695335
849700 0.704076
854600 0.902564
859500 0.756389
864400 0.746131
869300 0.648566
874200 0.584158
879100 0.904004
884000 0.811918
888900 0.786384
893800 0.931837
898700 0.859239
903600 0.858895
908500 0.929807
913400 0.733873
918300 0.749298
923200 0.585779
928100 0.683383
933000 0.759234
937900 0.68597
942800 0.729089
947700 0.780099
952600 0.596553
957500 0.709813
962400 0.711664
967300 0.908629
972200 0.828552
977100 0.895674
982000 0.702432
986900 0.664645
991800 0.710391
996700 0.859654
1.0016e+06 0.862847
1.0065e+06 0.758306
1.0114e+06 0.780808
1.0163e+06 0.832988
1.0212e+06 0.829865
1.0261e+06 0.576607
1.031e+06 0.798856
1.0359e+06 0.611181
1.0408e+06 0.906165
1.0457e+06 0.816888
1.0506e+06 0.670542
1.0555e+06 0.744103
1.0604e+06 0.603431
1.0653e+06 0.750256
1.0702e+06 0.737891
1.0751e+06 0.695656
1.08e+06 0.802535
1.0849e+06 0.768724
1.0898e+06 0.803921
1.0947e+06 0.711443
1.0996e+06 0.74341
1.1045e+06 0.929957
1.1094e+06 1.03629
1.1143e+06 0.732644
1.1192e+06 0.640777
1.1241e+06 0.59914
1.129e+06 0.653882
1.1339e+06 0.750037
1.1388e+06 0.663736
1.1437e+06 0.777227
1.1486e+06 0.868735
1.1535e+06 0.789205
1.1584e+06 0.77942
1.1633e+06 0.642092
1.1682e+06 0.925429
1.1731e+06 0.768529
1.178e+06 0.62701
1.1829e+06 0.712271
1.1878e+06 0.807824
1.1927e+06 0.830858
1.1976e+06 0.745302
1.2025e+06 0.800336
1.2074e+06 0.740832
1.2123e+06 0.805126
1.2172e+06 0.798791
1.2221e+06 0.76155
1.227e+06 0.840875
1.2319e+06 0.906532
1.2368e+06 0.706394
1.2417e+06 0.84421
1.2466e+06 0.78827
1.2515e+06 0.840623
1.2564e+06 0.88191
1.2613e+06 0.792378
1.2662e+06 0.885061
1.2711e+06 0.886856
1.276e+06 0.668103
1.2809e+06 0.653867
1.2858e+06 0.844776
1.2907e+06 0.888909
1.2956e+06 0.792322
1.3005e+06 0.677549
1.3054e+06 0.790194
1.3103e+06 0.698546
1.3152e+06 0.671166
1.3201e+06 0.753303
1.325e+06 0.832051
1.3299e+06 0.749961
1.3348e+06 0.882721
1.3397e+06 0.921634
1.3446e+06 0.78737
1.3495e+06 0.8227
1.3544e+06 0.935247
1.3593e+06 0.780359
1.3642e+06 0.72133
1.3691e+06 0.810209
1.374e+06 0.746065
1.3789e+06 0.677793
1.3838e+06 0.865949
1.3887e+06 0.592184
1.3936e+06 0.901688
1.3985e+06 0.760247
1.4034e+06 0.88865
1.4083e+06 0.730697
1.4132e+06 0.736404
1.4181e+06 0.644959
1.423e+06 0.708453
1.4279e+06 0.765533
1.4328e+06 0.883474
1.4377e+06 0.690325
1.4426e+06 0.850548
1.4475e+06 0.858892
1.4524e+06 0.658955
1.4573e+06 0.833966
1.4622e+06 0.648533
1.4671e+06 0.735176
1.472e+06 0.902346
1.4769e+06 0.8199
1.4818e+06 0.802845
1.4867e+06 0.749686
1.4916e+06 0.879145
1.4965e+06 0.632177
1.5014e+06 0.71618
1.5063e+06 0.775121
1.5112e+06 0.83768
1.5161e+06 0.815281
1.521e+06 0.596662
1.5259e+06 0.709993
1.5308e+06 0.73107
1.5357e+06 0.605725
1.5406e+06 0.78749
1.5455e+06 0.623621
1.5504e+06 0.691059
1.5553e+06 0.736339
1.5602e+06 0.957022
1.5651e+06 0.916152
1.57e+06 0.737096
1.5749e+06 0.820133
1.5798e+06 0.699964
1.5847e+06 0.738307
1.5896e+06 0.593551
1.5945e+06 0.546081
1.5994e+06 0.780678
1.6043e+06 0.851057
1.6092e+06 0.75586
1.6141e+06 0.8078
1.619e+06 0.687227
1.6239e+06 0.691317
1.6288e+06 0.781698
1.6337e+06 0.776179
1.6386e+06 0.627502
1.6435e+06 0.768646
1.6484e+06 0.861995
1.6533e+06 0.756242
1.6582e+06 0.753753
1.6631e+06 0.864635
1.668e+06 0.721525
1.6729e+06 0.637679
1.6778e+06 0.854481
1.6827e+06 1.02041
1.6876e+06 0.603205
1.6925e+06 0.91749
1.6974e+06 0.832032
1.7023e+06 0.83783
1.7072e+06 0.810648
1.7121e+06 0.704753
1.717e+06 0.872516
1.7219e+06 0.864236
1.7268e+06 0.803196
1.7317e+06 0.923138
1.7366e+06 0.613601
1.7415e+06 0.686586
1.7464e+06 0.849948
1.7513e+06 0.891484
1.7562e+06 0.817406
1.7611e+06 0.919989
1.766e+06 0.846349
1.7709e+06 0.729184
1.7758e+06 0.794835
1.7807e+06 0.798417
1.7856e+06 0.808993
1.7905e+06 0.670586
1.7954e+06 0.650409
1.8003e+06 0.863085
1.8052e+06 0.678861
1.8101e+06 0.748682
1.815e+06 0.632582
1.8199e+06 0.684969
1.8248e+06 0.730169
1.8297e+06 0.729484
1.8346e+06 0.768249
1.8395e+06 0.898749
1.8444e+06 0.680615
1.8493e+06 0.880053
1.8542e+06 0.613816
1.8591e+06 0.818823
1.864e+06 0.72784
1.8689e+06 0.804779
1.8738e+06 0.722641
1.8787e+06 1.05426
1.8836e+06 0.822513
1.8885e+06 0.787338
1.8934e+06 0.656792
1.8983e+06 0.789614
1.9032e+06 0.784874
1.9081e+06 0.807766
1.913e+06 0.849564
1.9179e+06 0.770548
1.9228e+06 0.653252
1.9277e+06 0.698601
1.9326e+06 0.759671
1.9375e+06 0.667036
1.9424e+06 0.539618
1.9473e+06 0.866194
1.9522e+06 0.542734
1.9571e+06 0.761682
1.962e+06 0.737606
1.9669e+06 0.644016
1.9718e+06 0.850754
1.9767e+06 0.919278
1.9816e+06 0.817887
1.9865e+06 0.902637
1.9914e+06 0.649559
1.9963e+06 0.900575
2.0012e+06 0.842494
2.0061e+06 0.873618
2.011e+06 0.831852
2.0159e+06 0.786022
2.0208e+06 0.832987
2.0257e+06 0.765807
2.0306e+06 0.71947
2.0355e+06 1.00659
2.0404e+06 0.900216
2.0453e+06 0.739031
2.0502e+06 0.643387
2.0551e+06 0.8683
2.06e+06 0.895104
2.0649e+06 0.649663
2.0698e+06 0.8717
2.0747e+06 0.73384
2.0796e+06 0.930345
2.0845e+06 0.646995
2.0894e+06 0.828355
2.0943e+06 0.621469
2.0992e+06 0.882416
2.1041e+06 0.890483
2.109e+06 0.729043
2.1139e+06 0.628672
2.1188e+06 0.771567
2.1237e+06 0.880791
2.1286e+06 0.606201
2.1335e+06 0.660595
2.1384e+06 0.90133
2.1433e+06 0.695995
2.1482e+06 0.698582
2.1531e+06 0.789418
2.158e+06 0.812759
2.1629e+06 0.504581
2.1678e+06 0.85909
2.1727e+06 0.815039
2.1776e+06 0.688788
2.1825e+06 0.828715
2.1874e+06 0.799487
2.1923e+06 0.782931
2.1972e+06 0.896262
2.2021e+06 0.768699
2.207e+06 0.682294
2.2119e+06 0.932995
2.2168e+06 0.843468
2.2217e+06 0.81872
2.2266e+06 0.731029
2.2315e+06 0.841231
2.2364e+06 0.841038
2.2413e+06 0.997043
2.2462e+06 0.911111
2.2511e+06 0.734067
2.256e+06 0.766298
2.2609e+06 0.671481
2.2658e+06 0.756432
2.2707e+06 0.691403
2.2756e+06 0.743869
2.2805e+06 0.825739
2.2854e+06 0.957961
2.2903e+06 0.656927
2.2952e+06 0.644342
2.3001e+06 0.828519
2.305e+06 0.759462
2.3099e+06 0.778459
2.3148e+06 0.758104
2.3197e+06 0.722006
2.3246e+06 0.928438
2.3295e+06 0.77946
2.3344e+06 0.697427
2.3393e+06 0.896454
2.3442e+06 0.823999
2.3491e+06 0.806183
2.354e+06 0.75475
2.3589e+06 0.776808
2.3638e+06 0.760044
2.3687e+06 0.884318
2.3736e+06 0.756057
2.3785e+06 0.738264
2.3834e+06 0.682379
2.3883e+06 0.894665
2.3932e+06 0.694442
2.3981e+06 0.90861
2.403e+06 0.871779
2.4079e+06 0.743804
2.4128e+06 0.853349
2.4177e+06 0.841137
2.4226e+06 0.794376
2.4275e+06 0.865287
2.4324e+06 1.00465
2.4373e+06 0.675909
2.4422e+06 0.836253
2.4471e+06 0.704693
2.452e+06 0.681895
2.4569e+06 0.667678
2.4618e+06 0.881396
2.4667e+06 0.770423
2.4716e+06 0.712843
2.4765e+06 0.955485
2.4814e+06 0.782543
2.4863e+06 0.891263
2.4912e+06 1.03166
2.4961e+06 0.811994
2.501e+06 0.659913
2.5059e+06 0.885295
2.5108e+06 0.774755
2.5157e+06 0.826139
2.5206e+06 0.915277
2.5255e+06 0.838945
2.5304e+06 0.622608
2.5353e+06 0.630157
2.5402e+06 0.818222
2.5451e+06 0.795734
2.55e+06 0.758754
2.5549e+06 0.816103
2.5598e+06 0.614979
2.5647e+06 0.81444
2.5696e+06 0.613775
2.5745e+06 0.700315
2.5794e+06 0.907497
2.5843e+06 0.726797
2.5892e+06 0.872872
2.5941e+06 0.785494
2.599e+06 0.762458
2.6039e+06 0.865147
2.6088e+06 0.912078
2.6137e+06 0.792366
2.6186e+06 0.806564
2.6235e+06 0.786974
2.6284e+06 0.968174
2.6333e+06 0.87644
2.6382e+06 0.610872
2.6431e+06 0.721342
2.648e+06 0.638847
2.6529e+06 1.02633
2.6578e+06 0.778391
2.6627e+06 0.83316
2.6676e+06 0.624558
2.6725e+06 0.887736
2.6774e+06 0.803977
2.6823e+06 0.902425
2.6872e+06 0.886682
2.6921e+06 0.587561
2.697e+06 0.803044
2.7019e+06 0.70575
2.7068e+06 0.82437
2.7117e+06 0.761221
2.7166e+06 0.684501
2.7215e+06 0.722018
2.7264e+06 0.771398
2.7313e+06 0.79171
2.7362e+06 0.69687
2.7411e+06 0.865512
2.746e+06 0.779875
2.7509e+06 0.929307
2.7558e+06 0.700511
2.7607e+06 0.715205
2.7656e+06 0.931883
2.7705e+06 0.799121
2.7754e+06 0.84121
2.7803e+06 0.723265
2.7852e+06 0.820269
2.7901e+06 0.76684
2.795e+06 0.641833
2.7999e+06 0.816906
2.8048e+06 0.878305
2.8097e+06 0.830408
2.8146e+06 0.794789
2.8195e+06 0.677236
2.8244e+06 0.842699
2.8293e+06 0.805702
2.8342e+06 0.784286
2.8391e+06 0.799283
2.844e+06 0.721764
2.8489e+06 0.765908
2.8538e+06 0.784051
2.8587e+06 0.752137
2.8636e+06 0.829246
2.8685e+06 0.911496
2.8734e+06 0.763101
2.8783e+06 0.624991
2.8832e+06 0.827302
2.8881e+06 0.695017
2.893e+06 0.865071
2.8979e+06 0.721248
2.9028e+06 0.77534
2.9077e+06 0.611444
2.9126e+06 0.629425
2.9175e+06 0.791814
2.9224e+06 0.634677
2.9273e+06 0.966477
2.9322e+06 0.764746
2.9371e+06 0.663182
2.942e+06 0.709319
2.9469e+06 0.7944
2.9518e+06 0.798092
2.9567e+06 0.951082
2.9616e+06 0.670753
2.9665e+06 0.823705
2.9714e+06 0.816282
2.9763e+06 0.768741
2.9812e+06 0.815014
2.9861e+06 0.698481
2.991e+06 0.7506
2.9959e+06 0.877902
3.0008e+06 0.726346
3.0057e+06 0.78882
3.0106e+06 0.728729
3.0155e+06 0.730693
3.0204e+06 0.929007
3.0253e+06 0.803144
3.0302e+06 0.831019
3.0351e+06 0.730894
3.04e+06 0.670356
3.0449e+06 0.900044
3.0498e+06 0.576382
3.0547e+06 0.603765
3.0596e+06 0.688895
3.0645e+06 0.696785
3.0694e+06 0.830098
3.0743e+06 0.758708
3.0792e+06 0.968131
3.0841e+06 0.903269
3.089e+06 0.782782
3.0939e+06 0.705025
3.0988e+06 0.882772
3.1037e+06 0.71977
3.1086e+06 0.705751
3.1135e+06 0.716763
3.1184e+06 0.72597
3.1233e+06 0.973627
3.1282e+06 0.690869
3.1331e+06 0.909901
3.138e+06 0.781393
3.1429e+06 0.746528
3.1478e+06 0.88068
3.1527e+06 0.873225
3.1576e+06 0.707792
3.1625e+06 0.780544
3.1674e+06 0.622509
3.1723e+06 0.806358
3.1772e+06 0.871584
3.1821e+06 0.777724
3.187e+06 0.651152
3.1919e+06 0.881287
3.1968e+06 0.785269
3.2017e+06 0.962361
3.2066e+06 0.684702
3.2115e+06 0.65386
3.2164e+06 0.848421
3.2213e+06 0.816397
3.2262e+06 0.947676
3.2311e+06 0.758665
3.236e+06 0.733184
3.2409e+06 0.957788
3.2458e+06 0.720735
3.2507e+06 0.793196
3.2556e+06 0.749966
3.2605e+06 0.72038
3.2654e+06 0.843965
3.2703e+06 0.619924
3.2752e+06 0.717495
3.2801e+06 0.753834
3.285e+06 0.7039
3.2899e+06 0.925027
3.2948e+06 0.773636
3.2997e+06 0.899657
3.3046e+06 0.746092
3.3095e+06 0.713561
3.3144e+06 0.766764
3.3193e+06 0.745714
3.3242e+06 0.845597
3.3291e+06 0.853562
3.334e+06 0.814834
3.3389e+06 0.761405
3.3438e+06 0.797244
3.3487e+06 0.835657
3.3536e+06 0.670602
3.3585e+06 0.65824
3.3634e+06 0.615016
3.3683e+06 0.603486
3.3732e+06 0.6944
3.3781e+06 0.820164
3.383e+06 0.845713
3.3879e+06 0.697541
3.3928e+06 0.65324
3.3977e+06 0.852921
3.4026e+06 0.803116
3.4075e+06 0.805865
3.4124e+06 0.781748
3.4173e+06 0.860272
3.4222e+06 0.757994
3.4271e+06 1.01143
3.432e+06 0.886081
3.4369e+06 0.81035
3.4418e+06 0.800816
3.4467e+06 0.847497
3.4516e+06 0.817039
3.4565e+06 0.921993
3.4614e+06 0.893995
3.4663e+06 0.78039
3.4712e+06 0.807371
3.4761e+06 0.821999
3.481e+06 0.931181
3.4859e+06 0.882141
3.4908e+06 0.793101
3.4957e+06 0.804603
3.5006e+06 0.766036
3.5055e+06 0.80524
3.5104e+06 0.765337
3.5153e+06 0.762693
3.5202e+06 0.702485
3.5251e+06 0.791808
3.53e+06 0.843875
3.5349e+06 0.673152
3.5398e+06 0.669951
3.5447e+06 0.847184
3.5496e+06 0.833889
3.5545e+06 0.842145
3.5594e+06 0.859966
3.5643e+06 0.771243
3.5692e+06 0.853418
3.5741e+06 0.863497
3.579e+06 0.709125
3.5839e+06 0.823832
3.5888e+06 0.832914
3.5937e+06 0.740893
3.5986e+06 0.836298
3.6035e+06 0.796026
3.6084e+06 0.731089
3.6133e+06 0.71625
3.6182e+06 0.78828
3.6231e+06 0.720348
3.628e+06 0.694479
3.6329e+06 0.749817
3.6378e+06 0.825888
3.6427e+06 0.701129
3.6476e+06 0.734535
3.6525e+06 0.648576
3.6574e+06 0.560367
3.6623e+06 0.761257
3.6672e+06 0.518234
3.6721e+06 0.659321
3.677e+06 0.87895
3.6819e+06 0.827128
3.6868e+06 0.690017
3.6917e+06 0.74582
3.6966e+06 0.697761
3.7015e+06 0.682237
3.7064e+06 0.533257
3.7113e+06 0.827601
3.7162e+06 0.841859
3.7211e+06 0.833773
3.726e+06 0.599943
3.7309e+06 0.883404
3.7358e+06 0.724047
3.7407e+06 0.867217
3.7456e+06 0.722473
3.7505e+06 0.847078
3.7554e+06 0.770697
3.7603e+06 0.638161
3.7652e+06 0.697098
3.7701e+06 0.652273
3.775e+06 0.612864
3.7799e+06 0.725018
3.7848e+06 0.65715
3.7897e+06 0.794302
3.7946e+06 0.728599
3.7995e+06 0.679898
3.8044e+06 0.830827
3.8093e+06 0.698056
3.8142e+06 0.819097
3.8191e+06 0.754346
3.824e+06 0.815239
3.8289e+06 0.747738
3.8338e+06 0.812679
3.8387e+06 0.696168
3.8436e+06 0.82557
3.8485e+06 0.80745
3.8534e+06 0.92247
3.8583e+06 0.75595
3.8632e+06 0.79324
3.8681e+06 0.851862
3.873e+06 0.665677
3.8779e+06 0.812894
3.8828e+06 0.804754
3.8877e+06 0.771509
3.8926e+06 0.684909
3.8975e+06 0.604786
3.9024e+06 0.883337
3.9073e+06 0.728865
3.9122e+06 0.860332
3.9171e+06 0.663782
3.922e+06 0.887245
3.9269e+06 0.751657
3.9318e+06 0.688889
3.9367e+06 0.744185
3.9416e+06 0.963814
3.9465e+06 0.742891
3.9514e+06 0.89197
3.9563e+06 0.609254
3.9612e+06 0.767859
3.9661e+06 0.787825
3.971e+06 0.655393
3.9759e+06 0.921739
3.9808e+06 0.684783
3.9857e+06 0.84493
3.9906e+06 0.769
3.9955e+06 0.885146
4.0004e+06 0.783572
4.0053e+06 0.547758
4.0102e+06 0.826017
4.0151e+06 0.894213
4.02e+06 0.792116
4.0249e+06 0.999983
4.0298e+06 0.865576
4.0347e+06 0.684343
4.0396e+06 0.778535
4.0445e+06 0.81535
4.0494e+06 0.718015
4.0543e+06 0.784089
4.0592e+06 0.597329
4.0641e+06 0.723639
4.069e+06 0.622612
4.0739e+06 0.745548
4.0788e+06 0.671148
4.0837e+06 0.74241
4.0886e+06 0.714212
4.0935e+06 0.934733
4.0984e+06 0.829146
4.1033e+06 0.816161
4.1082e+06 0.902094
4.1131e+06 0.851683
4.118e+06 0.880962
4.1229e+06 0.773953
4.1278e+06 0.707494
4.1327e+06 0.787083
4.1376e+06 0.688695
4.1425e+06 0.880701
4.1474e+06 0.798942
4.1523e+06 0.821361
4.1572e+06 0.816538
4.1621e+06 0.948819
4.167e+06 0.733101
4.1719e+06 0.698582
4.1768e+06 0.80243
4.1817e+06 0.675744
4.1866e+06 0.73666
4.1915e+06 0.728552
4.1964e+06 0.822168
4.2013e+06 0.905883
4.2062e+06 0.791392
4.2111e+06 0.810296
4.216e+06 0.901833
4.2209e+06 0.575924
4.2258e+06 0.709356
4.2307e+06 0.859769
4.2356e+06 0.631625
4.2405e+06 0.705279
4.2454e+06 0.823669
4.2503e+06 0.81536
4.2552e+06 0.755051
4.2601e+06 0.682326
4.265e+06 0.868891
4.2699e+06 0.805799
4.2748e+06 0.799931
4.2797e+06 0.776685
4.2846e+06 0.828619
4.2895e+06 0.677528
4.2944e+06 0.874458
4.2993e+06 0.562679
4.3042e+06 0.811789
4.3091e+06 0.729786
4.314e+06 0.805542
4.3189e+06 0.949829
4.3238e+06 0.703138
4.3287e+06 0.778463
4.3336e+06 0.80748
4.3385e+06 0.822317
4.3434e+06 0.715733
4.3483e+06 0.877394
4.3532e+06 0.755986
4.3581e+06 0.798227
4.363e+06 0.844119
4.3679e+06 0.86177
4.3728e+06 0.751577
4.3777e+06 0.753679
4.3826e+06 0.721707
4.3875e+06 0.758629
4.3924e+06 0.752263
4.3973e+06 0.924993
4.4022e+06 0.847045
4.4071e+06 1.00793
4.412e+06 0.781778
4.4169e+06 0.688237
4.4218e+06 0.920806
4.4267e+06 0.593275
4.4316e+06 0.891108
4.4365e+06 0.934886
4.4414e+06 0.811682
4.4463e+06 0.685416
4.4512e+06 0.829467
4.4561e+06 0.667422
4.461e+06 0.792157
4.4659e+06 0.921615
4.4708e+06 0.811964
4.4757e+06 0.776286
4.4806e+06 0.807807
4.4855e+06 0.8185
4.4904e+06 0.657813
4.4953e+06 0.635785
4.5002e+06 0.768752
4.5051e+06 0.791301
4.51e+06 0.747813
4.5149e+06 0.683339
4.5198e+06 0.860134
4.5247e+06 0.796131
4.5296e+06 0.83455
4.5345e+06 0.895525
4.5394e+06 0.596998
4.5443e+06 0.784872
4.5492e+06 0.606597
4.5541e+06 0.795428
4.559e+06 0.788681
4.5639e+06 0.742717
4.5688e+06 0.764318
4.5737e+06 0.688643
4.5786e+06 0.762978
4.5835e+06 0.871334
4.5884e+06 0.647607
4.5933e+06 0.838654
4.5982e+06 0.949417
4.6031e+06 0.587933
4.608e+06 0.686564
4.6129e+06 0.70132
4.6178e+06 0.851976
4.6227e+06 0.836054
4.6276e+06 0.878522
4.6325e+06 0.855002
4.6374e+06 0.542817
4.6423e+06 0.76627
4.6472e+06 0.666391
4.6521e+06 0.634609
4.657e+06 0.801366
4.6619e+06 0.914303
4.6668e+06 1.05754
4.6717e+06 0.5894
4.6766e+06 0.735747
4.6815e+06 0.74158
4.6864e+06 0.755389
4.6913e+06 0.799158
4.6962e+06 0.912594
4.7011e+06 0.724675
4.706e+06 0.830571
4.7109e+06 0.809026
4.7158e+06 0.617196
4.7207e+06 0.719356
4.7256e+06 0.853086
4.7305e+06 0.885838
4.7354e+06 0.504854
4.7403e+06 0.736332
4.7452e+06 0.692439
4.7501e+06 0.81243
4.755e+06 0.726649
4.7599e+06 0.87397
4.7648e+06 0.716245
4.7697e+06 0.740926
4.7746e+06 0.874433
4.7795e+06 0.802637
4.7844e+06 0.84332
4.7893e+06 0.737588
4.7942e+06 0.87934
4.7991e+06 0.881426
4.804e+06 0.663616
4.8089e+06 0.992338
4.8138e+06 0.642857
4.8187e+06 0.837134
4.8236e+06 0.907825
4.8285e+06 0.745278
4.8334e+06 0.695913
4.8383e+06 0.812658
4.8432e+06 0.898476
4.8481e+06 0.620687
4.853e+06 0.799998
4.8579e+06 0.767244
4.8628e+06 0.634081
4.8677e+06 0.824985
4.8726e+06 0.833994
4.8775e+06 0.802259
4.8824e+06 0.741725
4.8873e+06 0.754483
4.8922e+06 0.831238
4.8971e+06 0.496244
4.902e+06 0.866687
4.9069e+06 0.722451
4.9118e+06 0.794887
4.9167e+06 0.766474
4.9216e+06 0.804682
4.9265e+06 0.706073
4.9314e+06 0.908839
4.9363e+06 1.01611
4.9412e+06 0.701409
4.9461e+06 0.840998
4.951e+06 0.864188
4.9559e+06 0.680401
4.9608e+06 0.825407
4.9657e+06 0.669441
4.9706e+06 0.786381
4.9755e+06 0.708534
4.9804e+06 0.746941
4.9853e+06 0.637182
4.9902e+06 0.848256
4.9951e+06 0.888913
