100000 0.137766
104900 0.136716
109800 0.145832
114700 0.155724
119600 0.166382
124500 0.168417
129400 0.158288
134300 0.153368
139200 0.156754
144100 0.159381
149000 0.163877
153900 0.16698
158800 0.170343
163700 0.17251
168600 0.17408
173500 0.173721
178400 0.172929
183300 0.175158
188200 0.176688
193100 0.178218
198000 0.182853
202900 0.186942
207800 0.188037
212700 0.187781
217600 0.185614
222500 0.1837
227400 0.182158
232300 0.182174
237200 0.183018
242100 0.183289
247000 0.184285
251900 0.183765
256800 0.182557
261700 0.182408
266600 0.181866
271500 0.182056
276400 0.181106
281300 0.180516
286200 0.179369
291100 0.179319
296000 0.178846
300900 0.178547
305800 0.17848
310700 0.179212
315600 0.179735
320500 0.18048
325400 0.180368
330300 0.178873
335200 0.177934
340100 0.176243
345000 0.174072
349900 0.172349
354800 0.171741
359700 0.171635
364600 0.172285
369500 0.173791
374400 0.175166
379300 0.176313
384200 0.176546
389100 0.176119
394000 0.175808
398900 0.175443
403800 0.174911
408700 0.175384
413600 0.17603
418500 0.177002
423400 0.177712
428300 0.178569
433200 0.178928
438100 0.179165
443000 0.179004
447900 0.178761
452800 0.178035
457700 0.177527
462600 0.177987
467500 0.178162
472400 0.178314
477300 0.178631
482200 0.179228
487100 0.180252
492000 0.181031
496900 0.180787
501800 0.180341
506700 0.179936
511600 0.179707
516500 0.179546
521400 0.180087
526300 0.180184
531200 0.180027
536100 0.17982
541000 0.179812
545900 0.179893
550800 0.180029
555700 0.179838
560600 0.179832
565500 0.179905
570400 0.180303
575300 0.180295
580200 0.179996
585100 0.179141
590000 0.178155
594900 0.177203
599800 0.176282
604700 0.175672
609600 0.175696
614500 0.175554
619400 0.175528
624300 0.175741
629200 0.176258
634100 0.176933
639000 0.177202
643900 0.177187
648800 0.177308
653700 0.17764
658600 0.178333
663500 0.178733
668400 0.179045
673300 0.179242
678200 0.179964
683100 0.180768
688000 0.181433
692900 0.181932
697800 0.182028
702700 0.181869
707600 0.181792
712500 0.181473
717400 0.181335
722300 0.181078
727200 0.18082
732100 0.180581
737000 0.180359
741900 0.180011
746800 0.179517
751700 0.179122
756600 0.178914
761500 0.17903
766400 0.179375
771300 0.179363
776200 0.17863
781100 0.17806
786000 0.177858
790900 0.177812
795800 0.177669
800700 0.177371
805600 0.17659
810500 0.176108
815400 0.175695
820300 0.175549
825200 0.175576
830100 0.175652
835000 0.175461
839900 0.175145
844800 0.175329
849700 0.175885
854600 0.176164
859500 0.176602
864400 0.176954
869300 0.17728
874200 0.177446
879100 0.177739
884000 0.177974
888900 0.178199
893800 0.178336
898700 0.178281
903600 0.178143
908500 0.178069
913400 0.178245
918300 0.178707
923200 0.179246
928100 0.179658
933000 0.180106
937900 0.180509
942800 0.18062
947700 0.180653
952600 0.180846
957500 0.181163
962400 0.181072
967300 0.180847
972200 0.180833
977100 0.180837
982000 0.180591
986900 0.18043
991800 0.180406
996700 0.180379
1.0016e+06 0.180285
1.0065e+06 0.180137
1.0114e+06 0.180105
1.0163e+06 0.180042
1.0212e+06 0.179963
1.0261e+06 0.179838
1.031e+06 0.179814
1.0359e+06 0.179841
1.0408e+06 0.179493
1.0457e+06 0.179204
1.0506e+06 0.178852
1.0555e+06 0.178295
1.0604e+06 0.177893
1.0653e+06 0.177655
1.0702e+06 0.177211
1.0751e+06 0.177024
1.08e+06 0.177157
1.0849e+06 0.177273
1.0898e+06 0.177334
1.0947e+06 0.177405
1.0996e+06 0.177605
1.1045e+06 0.177755
1.1094e+06 0.177833
1.1143e+06 0.177967
1.1192e+06 0.178212
1.1241e+06 0.178428
1.129e+06 0.178931
1.1339e+06 0.178903
1.1388e+06 0.179099
1.1437e+06 0.179119
1.1486e+06 0.178922
1.1535e+06 0.178478
1.1584e+06 0.178054
1.1633e+06 0.177737
1.1682e+06 0.177426
1.1731e+06 0.177228
1.178e+06 0.177063
1.1829e+06 0.176948
1.1878e+06 0.176961
1.1927e+06 0.176859
1.1976e+06 0.176664
1.2025e+06 0.176631
1.2074e+06 0.176704
1.2123e+06 0.1768
1.2172e+06 0.177029
1.2221e+06 0.177173
1.227e+06 0.177371
1.2319e+06 0.177437
1.2368e+06 0.177394
1.2417e+06 0.177349
1.2466e+06 0.177384
1.2515e+06 0.177666
1.2564e+06 0.177934
1.2613e+06 0.178102
1.2662e+06 0.178378
1.2711e+06 0.178604
1.276e+06 0.178801
1.2809e+06 0.178963
1.2858e+06 0.179142
1.2907e+06 0.179143
1.2956e+06 0.179122
1.3005e+06 0.179089
1.3054e+06 0.179025
1.3103e+06 0.178968
1.3152e+06 0.178918
1.3201e+06 0.17904
1.325e+06 0.179214
1.3299e+06 0.17926
1.3348e+06 0.179299
1.3397e+06 0.179269
1.3446e+06 0.1792
1.3495e+06 0.179341
1.3544e+06 0.179348
1.3593e+06 0.179253
1.3642e+06 0.179293
1.3691e+06 0.179306
1.374e+06 0.17947
1.3789e+06 0.179951
1.3838e+06 0.180467
1.3887e+06 0.180727
1.3936e+06 0.180665
1.3985e+06 0.180565
1.4034e+06 0.180435
1.4083e+06 0.180351
1.4132e+06 0.180289
1.4181e+06 0.180313
1.423e+06 0.180431
1.4279e+06 0.18072
1.4328e+06 0.181109
1.4377e+06 0.181646
1.4426e+06 0.182021
1.4475e+06 0.182503
1.4524e+06 0.182898
1.4573e+06 0.183102
1.4622e+06 0.183231
1.4671e+06 0.183372
1.472e+06 0.183504
1.4769e+06 0.183684
1.4818e+06 0.183951
1.4867e+06 0.184285
1.4916e+06 0.184601
1.4965e+06 0.184712
1.5014e+06 0.18478
1.5063e+06 0.184859
1.5112e+06 0.18488
1.5161e+06 0.184788
1.521e+06 0.184572
1.5259e+06 0.184366
1.5308e+06 0.184188
1.5357e+06 0.184183
1.5406e+06 0.184093
1.5455e+06 0.183892
1.5504e+06 0.183705
1.5553e+06 0.183639
1.5602e+06 0.183517
1.5651e+06 0.183358
1.57e+06 0.183178
1.5749e+06 0.18301
1.5798e+06 0.18289
1.5847e+06 0.182705
1.5896e+06 0.182411
1.5945e+06 0.182096
1.5994e+06 0.181964
1.6043e+06 0.181928
1.6092e+06 0.181827
1.6141e+06 0.181951
1.619e+06 0.182135
1.6239e+06 0.182429
1.6288e+06 0.182772
1.6337e+06 0.183044
1.6386e+06 0.183274
1.6435e+06 0.183418
1.6484e+06 0.183531
1.6533e+06 0.183515
1.6582e+06 0.183399
1.6631e+06 0.183347
1.668e+06 0.18342
1.6729e+06 0.183517
1.6778e+06 0.183613
1.6827e+06 0.183527
1.6876e+06 0.18348
1.6925e+06 0.18341
1.6974e+06 0.183217
1.7023e+06 0.183131
1.7072e+06 0.183148
1.7121e+06 0.183177
1.717e+06 0.183264
1.7219e+06 0.183441
1.7268e+06 0.183677
1.7317e+06 0.1839
1.7366e+06 0.183911
1.7415e+06 0.183941
1.7464e+06 0.183931
1.7513e+06 0.183968
1.7562e+06 0.184007
1.7611e+06 0.183907
1.766e+06 0.183814
1.7709e+06 0.183815
1.7758e+06 0.183793
1.7807e+06 0.183688
1.7856e+06 0.183419
1.7905e+06 0.183264
1.7954e+06 0.183234
1.8003e+06 0.183166
1.8052e+06 0.18317
1.8101e+06 0.183188
1.815e+06 0.183312
1.8199e+06 0.18359
1.8248e+06 0.183894
1.8297e+06 0.184069
1.8346e+06 0.184183
1.8395e+06 0.184292
1.8444e+06 0.184267
1.8493e+06 0.184245
1.8542e+06 0.184145
1.8591e+06 0.183973
1.864e+06 0.183792
1.8689e+06 0.183657
1.8738e+06 0.183436
1.8787e+06 0.183247
1.8836e+06 0.183157
1.8885e+06 0.183042
1.8934e+06 0.182843
1.8983e+06 0.182675
1.9032e+06 0.182544
1.9081e+06 0.182327
1.913e+06 0.182214
1.9179e+06 0.182042
1.9228e+06 0.18193
1.9277e+06 0.181804
1.9326e+06 0.181827
1.9375e+06 0.182019
1.9424e+06 0.18199
1.9473e+06 0.181985
1.9522e+06 0.18202
1.9571e+06 0.182235
1.962e+06 0.182327
1.9669e+06 0.182439
1.9718e+06 0.182606
1.9767e+06 0.182863
1.9816e+06 0.183151
1.9865e+06 0.183327
1.9914e+06 0.18331
1.9963e+06 0.183336
2.0012e+06 0.183364
2.0061e+06 0.18339
2.011e+06 0.183382
2.0159e+06 0.183386
2.0208e+06 0.18354
2.0257e+06 0.183761
2.0306e+06 0.18388
2.0355e+06 0.184
2.0404e+06 0.183995
2.0453e+06 0.183819
2.0502e+06 0.183664
2.0551e+06 0.183583
2.06e+06 0.183536
2.0649e+06 0.183487
2.0698e+06 0.183558
2.0747e+06 0.183567
2.0796e+06 0.183621
2.0845e+06 0.183736
2.0894e+06 0.183873
2.0943e+06 0.183868
2.0992e+06 0.183796
2.1041e+06 0.183687
2.109e+06 0.183673
2.1139e+06 0.183735
2.1188e+06 0.183871
2.1237e+06 0.184045
2.1286e+06 0.184315
2.1335e+06 0.184385
2.1384e+06 0.184436
2.1433e+06 0.184557
2.1482e+06 0.184537
2.1531e+06 0.184526
2.158e+06 0.184615
2.1629e+06 0.184717
2.1678e+06 0.184812
2.1727e+06 0.18484
2.1776e+06 0.184804
2.1825e+06 0.184759
2.1874e+06 0.18475
2.1923e+06 0.184696
2.1972e+06 0.184513
2.2021e+06 0.1844
2.207e+06 0.184383
2.2119e+06 0.184415
2.2168e+06 0.18439
2.2217e+06 0.184295
2.2266e+06 0.184163
2.2315e+06 0.184126
2.2364e+06 0.184136
2.2413e+06 0.184258
2.2462e+06 0.184335
2.2511e+06 0.184512
2.256e+06 0.184637
2.2609e+06 0.18465
2.2658e+06 0.184663
2.2707e+06 0.184741
2.2756e+06 0.184806
2.2805e+06 0.184731
2.2854e+06 0.18469
2.2903e+06 0.18468
2.2952e+06 0.184703
2.3001e+06 0.184742
2.305e+06 0.184802
2.3099e+06 0.184872
2.3148e+06 0.184782
2.3197e+06 0.184629
2.3246e+06 0.184505
2.3295e+06 0.1844
2.3344e+06 0.184459
2.3393e+06 0.184534
2.3442e+06 0.184701
2.3491e+06 0.184746
2.354e+06 0.1847
2.3589e+06 0.184603
2.3638e+06 0.184576
2.3687e+06 0.184585
2.3736e+06 0.184572
2.3785e+06 0.184499
2.3834e+06 0.18448
2.3883e+06 0.184561
2.3932e+06 0.184644
2.3981e+06 0.184713
2.403e+06 0.184892
2.4079e+06 0.185118
2.4128e+06 0.185323
2.4177e+06 0.185571
2.4226e+06 0.185759
2.4275e+06 0.185949
2.4324e+06 0.186025
2.4373e+06 0.186127
2.4422e+06 0.186231
2.4471e+06 0.186292
2.452e+06 0.186328
2.4569e+06 0.186175
2.4618e+06 0.18602
2.4667e+06 0.185903
2.4716e+06 0.185878
2.4765e+06 0.185898
2.4814e+06 0.185973
2.4863e+06 0.186037
2.4912e+06 0.186163
2.4961e+06 0.186248
2.501e+06 0.186406
2.5059e+06 0.186533
2.5108e+06 0.186535
2.5157e+06 0.186602
2.5206e+06 0.186653
2.5255e+06 0.18666
2.5304e+06 0.186636
2.5353e+06 0.186651
2.5402e+06 0.186602
2.5451e+06 0.186487
2.55e+06 0.18641
2.5549e+06 0.186373
2.5598e+06 0.186338
2.5647e+06 0.186291
2.5696e+06 0.186133
2.5745e+06 0.185915
2.5794e+06 0.185684
2.5843e+06 0.185441
2.5892e+06 0.185327
2.5941e+06 0.185328
2.599e+06 0.185374
2.6039e+06 0.185476
2.6088e+06 0.185566
2.6137e+06 0.185642
2.6186e+06 0.185728
2.6235e+06 0.185834
2.6284e+06 0.185918
2.6333e+06 0.185911
2.6382e+06 0.185887
2.6431e+06 0.185828
2.648e+06 0.185739
2.6529e+06 0.185654
2.6578e+06 0.185535
2.6627e+06 0.185429
2.6676e+06 0.185372
2.6725e+06 0.185421
2.6774e+06 0.185436
2.6823e+06 0.185355
2.6872e+06 0.185313
2.6921e+06 0.185275
2.697e+06 0.185266
2.7019e+06 0.185229
2.7068e+06 0.185171
2.7117e+06 0.185103
2.7166e+06 0.185051
2.7215e+06 0.184989
2.7264e+06 0.184914
2.7313e+06 0.184837
2.7362e+06 0.184769
2.7411e+06 0.18475
2.746e+06 0.184791
2.7509e+06 0.184857
2.7558e+06 0.184986
2.7607e+06 0.185102
2.7656e+06 0.1852
2.7705e+06 0.18523
2.7754e+06 0.185209
2.7803e+06 0.185199
2.7852e+06 0.185165
2.7901e+06 0.185132
2.795e+06 0.185085
2.7999e+06 0.18496
2.8048e+06 0.184879
2.8097e+06 0.184845
2.8146e+06 0.184745
2.8195e+06 0.184607
2.8244e+06 0.184518
2.8293e+06 0.184475
2.8342e+06 0.184489
2.8391e+06 0.184484
2.844e+06 0.184508
2.8489e+06 0.184554
2.8538e+06 0.184682
2.8587e+06 0.184778
2.8636e+06 0.184728
2.8685e+06 0.184642
2.8734e+06 0.18454
2.8783e+06 0.184469
2.8832e+06 0.184458
2.8881e+06 0.18445
2.893e+06 0.18446
2.8979e+06 0.184591
2.9028e+06 0.184791
2.9077e+06 0.184916
2.9126e+06 0.184934
2.9175e+06 0.184877
2.9224e+06 0.184861
2.9273e+06 0.184845
2.9322e+06 0.184793
2.9371e+06 0.184825
2.942e+06 0.18487
2.9469e+06 0.184929
2.9518e+06 0.184999
2.9567e+06 0.185077
2.9616e+06 0.18511
2.9665e+06 0.185116
2.9714e+06 0.185139
2.9763e+06 0.185038
2.9812e+06 0.18495
2.9861e+06 0.184912
2.991e+06 0.184878
2.9959e+06 0.184813
3.0008e+06 0.184734
3.0057e+06 0.184592
3.0106e+06 0.184586
3.0155e+06 0.184636
3.0204e+06 0.184608
3.0253e+06 0.18458
3.0302e+06 0.184627
3.0351e+06 0.184642
3.04e+06 0.184698
3.0449e+06 0.184776
3.0498e+06 0.18487
3.0547e+06 0.184971
3.0596e+06 0.185037
3.0645e+06 0.185155
3.0694e+06 0.185239
3.0743e+06 0.185287
3.0792e+06 0.185332
3.0841e+06 0.185415
3.089e+06 0.18549
3.0939e+06 0.185561
3.0988e+06 0.185602
3.1037e+06 0.185588
3.1086e+06 0.18557
3.1135e+06 0.185574
3.1184e+06 0.18562
3.1233e+06 0.185669
3.1282e+06 0.185634
3.1331e+06 0.185571
3.138e+06 0.185615
3.1429e+06 0.185707
3.1478e+06 0.185787
3.1527e+06 0.185818
3.1576e+06 0.185776
3.1625e+06 0.185793
3.1674e+06 0.185824
3.1723e+06 0.185817
3.1772e+06 0.185833
3.1821e+06 0.185942
3.187e+06 0.185997
3.1919e+06 0.186063
3.1968e+06 0.186139
3.2017e+06 0.186226
3.2066e+06 0.186266
3.2115e+06 0.186273
3.2164e+06 0.186185
3.2213e+06 0.186126
3.2262e+06 0.186052
3.2311e+06 0.185937
3.236e+06 0.185909
3.2409e+06 0.185966
3.2458e+06 0.18592
3.2507e+06 0.185938
3.2556e+06 0.185946
3.2605e+06 0.185945
3.2654e+06 0.185858
3.2703e+06 0.185721
3.2752e+06 0.185596
3.2801e+06 0.185502
3.285e+06 0.185422
3.2899e+06 0.185327
3.2948e+06 0.185238
3.2997e+06 0.185196
3.3046e+06 0.185097
3.3095e+06 0.184988
3.3144e+06 0.184919
3.3193e+06 0.18489
3.3242e+06 0.184981
3.3291e+06 0.185039
3.334e+06 0.185048
3.3389e+06 0.184964
3.3438e+06 0.184919
3.3487e+06 0.184884
3.3536e+06 0.184848
3.3585e+06 0.184736
3.3634e+06 0.184654
3.3683e+06 0.184573
3.3732e+06 0.184602
3.3781e+06 0.184614
3.383e+06 0.184694
3.3879e+06 0.184734
3.3928e+06 0.184748
3.3977e+06 0.184729
3.4026e+06 0.184649
3.4075e+06 0.184589
3.4124e+06 0.184551
3.4173e+06 0.184537
3.4222e+06 0.184552
3.4271e+06 0.184582
3.432e+06 0.184534
3.4369e+06 0.184494
3.4418e+06 0.184524
3.4467e+06 0.184576
3.4516e+06 0.184639
3.4565e+06 0.184647
3.4614e+06 0.184627
3.4663e+06 0.184613
3.4712e+06 0.184565
3.4761e+06 0.184491
3.481e+06 0.184422
3.4859e+06 0.184307
3.4908e+06 0.184232
3.4957e+06 0.184162
3.5006e+06 0.184097
3.5055e+06 0.184019
3.5104e+06 0.183956
3.5153e+06 0.183945
3.5202e+06 0.183912
3.5251e+06 0.18385
3.53e+06 0.183871
3.5349e+06 0.183952
3.5398e+06 0.183991
3.5447e+06 0.184003
3.5496e+06 0.184039
3.5545e+06 0.184107
3.5594e+06 0.184175
3.5643e+06 0.184184
3.5692e+06 0.184192
3.5741e+06 0.184156
3.579e+06 0.18412
3.5839e+06 0.184073
3.5888e+06 0.184045
3.5937e+06 0.18407
3.5986e+06 0.184118
3.6035e+06 0.184193
3.6084e+06 0.1843
3.6133e+06 0.184401
3.6182e+06 0.18452
3.6231e+06 0.184631
3.628e+06 0.184692
3.6329e+06 0.184703
3.6378e+06 0.184679
3.6427e+06 0.184645
3.6476e+06 0.184627
3.6525e+06 0.184682
3.6574e+06 0.184787
3.6623e+06 0.184786
3.6672e+06 0.184768
3.6721e+06 0.184736
3.677e+06 0.184746
3.6819e+06 0.184749
3.6868e+06 0.184817
3.6917e+06 0.184908
3.6966e+06 0.185015
3.7015e+06 0.185138
3.7064e+06 0.185201
3.7113e+06 0.185218
3.7162e+06 0.185237
3.7211e+06 0.185271
3.726e+06 0.185217
3.7309e+06 0.185162
3.7358e+06 0.185166
3.7407e+06 0.185206
3.7456e+06 0.185225
3.7505e+06 0.185282
3.7554e+06 0.185323
3.7603e+06 0.185281
3.7652e+06 0.185298
3.7701e+06 0.185311
3.775e+06 0.185345
3.7799e+06 0.185465
3.7848e+06 0.185536
3.7897e+06 0.185536
3.7946e+06 0.185584
3.7995e+06 0.185637
3.8044e+06 0.185696
3.8093e+06 0.185764
3.8142e+06 0.18581
3.8191e+06 0.185764
3.824e+06 0.185716
3.8289e+06 0.185654
3.8338e+06 0.185617
3.8387e+06 0.185643
3.8436e+06 0.185595
3.8485e+06 0.185574
3.8534e+06 0.185629
3.8583e+06 0.185679
3.8632e+06 0.185687
3.8681e+06 0.18567
3.873e+06 0.185667
3.8779e+06 0.185645
3.8828e+06 0.185574
3.8877e+06 0.185512
3.8926e+06 0.185411
3.8975e+06 0.185304
3.9024e+06 0.185194
3.9073e+06 0.185113
3.9122e+06 0.185097
3.9171e+06 0.185105
3.922e+06 0.185142
3.9269e+06 0.185194
3.9318e+06 0.185289
3.9367e+06 0.185364
3.9416e+06 0.185423
3.9465e+06 0.185509
3.9514e+06 0.185539
3.9563e+06 0.185538
3.9612e+06 0.185581
3.9661e+06 0.185632
3.971e+06 0.185733
3.9759e+06 0.185878
3.9808e+06 0.186018
3.9857e+06 0.186147
3.9906e+06 0.186271
3.9955e+06 0.186352
4.0004e+06 0.186414
4.0053e+06 0.186546
4.0102e+06 0.186674
4.0151e+06 0.18679
4.02e+06 0.186856
4.0249e+06 0.186888
4.0298e+06 0.186875
4.0347e+06 0.186858
4.0396e+06 0.186871
4.0445e+06 0.186912
4.0494e+06 0.186953
4.0543e+06 0.187041
4.0592e+06 0.187105
4.0641e+06 0.187123
4.069e+06 0.187145
4.0739e+06 0.187073
4.0788e+06 0.186967
4.0837e+06 0.186854
4.0886e+06 0.186791
4.0935e+06 0.186713
4.0984e+06 0.186591
4.1033e+06 0.186523
4.1082e+06 0.186552
4.1131e+06 0.18657
4.118e+06 0.18655
4.1229e+06 0.186522
4.1278e+06 0.186531
4.1327e+06 0.186575
4.1376e+06 0.186617
4.1425e+06 0.186624
4.1474e+06 0.186708
4.1523e+06 0.186763
4.1572e+06 0.186835
4.1621e+06 0.186908
4.167e+06 0.186968
4.1719e+06 0.187014
4.1768e+06 0.187143
4.1817e+06 0.187295
4.1866e+06 0.187408
4.1915e+06 0.187487
4.1964e+06 0.187559
4.2013e+06 0.187644
4.2062e+06 0.187704
4.2111e+06 0.187743
4.216e+06 0.187758
4.2209e+06 0.187708
4.2258e+06 0.18766
4.2307e+06 0.187624
4.2356e+06 0.187588
4.2405e+06 0.18757
4.2454e+06 0.187541
4.2503e+06 0.187468
4.2552e+06 0.187393
4.2601e+06 0.187382
4.265e+06 0.187299
4.2699e+06 0.187204
4.2748e+06 0.18715
4.2797e+06 0.187029
4.2846e+06 0.186959
4.2895e+06 0.186949
4.2944e+06 0.186912
4.2993e+06 0.18691
4.3042e+06 0.186922
4.3091e+06 0.186995
4.314e+06 0.187086
4.3189e+06 0.187146
4.3238e+06 0.187176
4.3287e+06 0.18717
4.3336e+06 0.187235
4.3385e+06 0.187305
4.3434e+06 0.187379
4.3483e+06 0.187487
4.3532e+06 0.187513
4.3581e+06 0.187449
4.363e+06 0.187383
4.3679e+06 0.187378
4.3728e+06 0.187341
4.3777e+06 0.18732
4.3826e+06 0.187306
4.3875e+06 0.187262
4.3924e+06 0.187199
4.3973e+06 0.187136
4.4022e+06 0.187061
4.4071e+06 0.186979
4.412e+06 0.186964
4.4169e+06 0.187002
4.4218e+06 0.18697
4.4267e+06 0.18691
4.4316e+06 0.186856
4.4365e+06 0.186795
4.4414e+06 0.186697
4.4463e+06 0.186633
4.4512e+06 0.186613
4.4561e+06 0.186597
4.461e+06 0.186643
4.4659e+06 0.186757
4.4708e+06 0.186918
4.4757e+06 0.187075
4.4806e+06 0.187175
4.4855e+06 0.187254
4.4904e+06 0.187324
4.4953e+06 0.187435
4.5002e+06 0.187514
4.5051e+06 0.18755
4.51e+06 0.187564
4.5149e+06 0.187554
4.5198e+06 0.18756
4.5247e+06 0.187578
4.5296e+06 0.187612
4.5345e+06 0.187649
4.5394e+06 0.18767
4.5443e+06 0.187666
4.5492e+06 0.187696
4.5541e+06 0.187724
4.559e+06 0.187764
4.5639e+06 0.187843
4.5688e+06 0.187938
4.5737e+06 0.188023
4.5786e+06 0.18807
4.5835e+06 0.188091
4.5884e+06 0.18807
4.5933e+06 0.188067
4.5982e+06 0.188132
4.6031e+06 0.188135
4.608e+06 0.18815
4.6129e+06 0.188151
4.6178e+06 0.188168
4.6227e+06 0.188205
4.6276e+06 0.188217
4.6325e+06 0.188275
4.6374e+06 0.188323
4.6423e+06 0.188407
4.6472e+06 0.188429
4.6521e+06 0.188393
4.657e+06 0.188352
4.6619e+06 0.188334
4.6668e+06 0.188256
4.6717e+06 0.188166
4.6766e+06 0.188097
4.6815e+06 0.188087
4.6864e+06 0.188106
4.6913e+06 0.188056
4.6962e+06 0.18798
4.7011e+06 0.187912
4.706e+06 0.187888
4.7109e+06 0.18783
4.7158e+06 0.187757
4.7207e+06 0.187747
4.7256e+06 0.187695
4.7305e+06 0.187642
4.7354e+06 0.18766
4.7403e+06 0.187667
4.7452e+06 0.187652
4.7501e+06 0.187638
4.755e+06 0.187646
4.7599e+06 0.187675
4.7648e+06 0.187668
4.7697e+06 0.187638
4.7746e+06 0.187605
4.7795e+06 0.187641
4.7844e+06 0.187643
4.7893e+06 0.187621
4.7942e+06 0.187605
4.7991e+06 0.187574
4.804e+06 0.187588
4.8089e+06 0.187579
4.8138e+06 0.187627
4.8187e+06 0.187686
4.8236e+06 0.187698
4.8285e+06 0.187682
4.8334e+06 0.187664
4.8383e+06 0.187615
4.8432e+06 0.187556
4.8481e+06 0.187491
4.853e+06 0.187449
4.8579e+06 0.187449
4.8628e+06 0.187462
4.8677e+06 0.187463
4.8726e+06 0.187518
4.8775e+06 0.187579
4.8824e+06 0.187651
4.8873e+06 0.187696
4.8922e+06 0.187753
4.8971e+06 0.187777
4.902e+06 0.187752
4.9069e+06 0.187705
4.9118e+06 0.187666
4.9167e+06 0.187639
4.9216e+06 0.187579
4.9265e+06 0.187585
4.9314e+06 0.187558
4.9363e+06 0.187548
4.9412e+06 0.187516
4.9461e+06 0.187497
4.951e+06 0.187492
4.9559e+06 0.187472
4.9608e+06 0.187425
4.9657e+06 0.187368
4.9706e+06 0.18736
4.9755e+06 0.187401
4.9804e+06 0.187422
4.9853e+06 0.18745
4.9902e+06 0.187487
4.9951e+06 0.187509
