20000 0.0927623
27480 0.141204
34960 0.153151
42440 0.160698
49920 0.165714
57400 0.172142
64880 0.174345
72360 0.176847
79840 0.185078
87320 0.189442
94800 0.187385
102280 0.191331
109760 0.189911
117240 0.192591
124720 0.191308
132200 0.189757
139680 0.187095
147160 0.184525
154640 0.181466
162120 0.178731
169600 0.177439
177080 0.177997
184560 0.181702
192040 0.184905
199520 0.184046
207000 0.182203
214480 0.180973
221960 0.178905
229440 0.176558
236920 0.177271
244400 0.178658
251880 0.179104
259360 0.178567
266840 0.178051
274320 0.17799
281800 0.178574
289280 0.177806
296760 0.176222
304240 0.174906
311720 0.174324
319200 0.174314
326680 0.174002
334160 0.173906
341640 0.174589
349120 0.176498
356600 0.178553
364080 0.179643
371560 0.1793
379040 0.178812
386520 0.178366
394000 0.178421
401480 0.177987
408960 0.178375
416440 0.178708
423920 0.178116
431400 0.178408
438880 0.178388
446360 0.179185
453840 0.180053
461320 0.181313
468800 0.182035
476280 0.182245
483760 0.182695
491240 0.182622
498720 0.183079
506200 0.183777
513680 0.18439
521160 0.185646
528640 0.186903
536120 0.187709
543600 0.188084
551080 0.188811
558560 0.189618
566040 0.190137
573520 0.190223
581000 0.189456
588480 0.188974
595960 0.188201
603440 0.187898
610920 0.187662
618400 0.187938
625880 0.188304
633360 0.188548
640840 0.189469
648320 0.189924
655800 0.189856
663280 0.190403
670760 0.190948
678240 0.191239
685720 0.191082
693200 0.190889
700680 0.191239
708160 0.191673
715640 0.192098
723120 0.192763
730600 0.193564
738080 0.193909
745560 0.194308
753040 0.194713
760520 0.194987
768000 0.194862
775480 0.194992
782960 0.194718
790440 0.194094
797920 0.193721
805400 0.193081
812880 0.192374
820360 0.191355
827840 0.190883
835320 0.191164
842800 0.190941
850280 0.190929
857760 0.191135
865240 0.191456
872720 0.191843
880200 0.191609
887680 0.191214
895160 0.190512
902640 0.189658
910120 0.189215
917600 0.189211
925080 0.189492
932560 0.190112
940040 0.190375
947520 0.18993
955000 0.189386
962480 0.188763
969960 0.18818
977440 0.187844
984920 0.187958
992400 0.188446
999880 0.188299
1.00736e+06 0.188127
1.01484e+06 0.187622
1.02232e+06 0.187404
1.0298e+06 0.187285
1.03728e+06 0.187398
1.04476e+06 0.187448
1.05224e+06 0.187414
1.05972e+06 0.187576
1.0672e+06 0.188154
1.07468e+06 0.188814
1.08216e+06 0.189103
1.08964e+06 0.189233
1.09712e+06 0.189039
1.1046e+06 0.188867
1.11208e+06 0.188722
1.11956e+06 0.18886
1.12704e+06 0.189159
1.13452e+06 0.189499
1.142e+06 0.189751
1.14948e+06 0.190325
1.15696e+06 0.19081
1.16444e+06 0.190809
1.17192e+06 0.190598
1.1794e+06 0.190546
1.18688e+06 0.190364
1.19436e+06 0.190218
1.20184e+06 0.19007
1.20932e+06 0.189802
1.2168e+06 0.189382
1.22428e+06 0.189266
1.23176e+06 0.189577
1.23924e+06 0.189568
1.24672e+06 0.189455
1.2542e+06 0.189388
1.26168e+06 0.189602
1.26916e+06 0.189792
1.27664e+06 0.19035
1.28412e+06 0.190789
1.2916e+06 0.191288
1.29908e+06 0.191972
1.30656e+06 0.192264
1.31404e+06 0.192211
1.32152e+06 0.19228
1.329e+06 0.192602
1.33648e+06 0.193098
1.34396e+06 0.193551
1.35144e+06 0.19385
1.35892e+06 0.194185
1.3664e+06 0.194481
1.37388e+06 0.194445
1.38136e+06 0.194095
1.38884e+06 0.193513
1.39632e+06 0.192918
1.4038e+06 0.192408
1.41128e+06 0.191824
1.41876e+06 0.191313
1.42624e+06 0.190973
1.43372e+06 0.190533
1.4412e+06 0.190219
1.44868e+06 0.190485
1.45616e+06 0.19069
1.46364e+06 0.190903
1.47112e+06 0.191039
1.4786e+06 0.19105
1.48608e+06 0.190974
1.49356e+06 0.191123
1.50104e+06 0.191456
1.50852e+06 0.191548
1.516e+06 0.191433
1.52348e+06 0.191497
1.53096e+06 0.191723
1.53844e+06 0.192033
1.54592e+06 0.192119
1.5534e+06 0.192335
1.56088e+06 0.192634
1.56836e+06 0.192747
1.57584e+06 0.192696
1.58332e+06 0.192671
1.5908e+06 0.192627
1.59828e+06 0.19253
1.60576e+06 0.192466
1.61324e+06 0.192343
1.62072e+06 0.192043
1.6282e+06 0.191915
1.63568e+06 0.191803
1.64316e+06 0.191647
1.65064e+06 0.191273
1.65812e+06 0.190869
1.6656e+06 0.190641
1.67308e+06 0.190523
1.68056e+06 0.19056
1.68804e+06 0.190554
1.69552e+06 0.190603
1.703e+06 0.190466
1.71048e+06 0.190346
1.71796e+06 0.190401
1.72544e+06 0.190562
1.73292e+06 0.190677
1.7404e+06 0.190545
1.74788e+06 0.19018
1.75536e+06 0.190168
1.76284e+06 0.190309
1.77032e+06 0.190416
1.7778e+06 0.190468
1.78528e+06 0.190448
1.79276e+06 0.190302
1.80024e+06 0.190192
1.80772e+06 0.190122
1.8152e+06 0.189884
1.82268e+06 0.1898
1.83016e+06 0.189594
1.83764e+06 0.189578
1.84512e+06 0.189698
1.8526e+06 0.189956
1.86008e+06 0.190232
1.86756e+06 0.190272
1.87504e+06 0.190256
1.88252e+06 0.19022
1.89e+06 0.190084
1.89748e+06 0.19014
1.90496e+06 0.190281
1.91244e+06 0.190292
1.91992e+06 0.190135
1.9274e+06 0.189954
1.93488e+06 0.189957
1.94236e+06 0.190099
1.94984e+06 0.190005
1.95732e+06 0.189637
1.9648e+06 0.189411
1.97228e+06 0.189282
1.97976e+06 0.189025
1.98724e+06 0.188794
1.99472e+06 0.18875
2.0022e+06 0.188978
2.00968e+06 0.188963
2.01716e+06 0.188988
2.02464e+06 0.188802
2.03212e+06 0.188621
2.0396e+06 0.188472
2.04708e+06 0.188423
2.05456e+06 0.18843
2.06204e+06 0.1888
2.06952e+06 0.189074
2.077e+06 0.189291
2.08448e+06 0.189454
2.09196e+06 0.189409
2.09944e+06 0.189091
2.10692e+06 0.188727
2.1144e+06 0.188484
2.12188e+06 0.188363
2.12936e+06 0.188123
2.13684e+06 0.187989
2.14432e+06 0.187843
2.1518e+06 0.187815
2.15928e+06 0.187755
2.16676e+06 0.187773
2.17424e+06 0.187767
2.18172e+06 0.187732
2.1892e+06 0.187748
2.19668e+06 0.187851
2.20416e+06 0.187796
2.21164e+06 0.187765
2.21912e+06 0.187954
2.2266e+06 0.188098
2.23408e+06 0.187956
2.24156e+06 0.187784
2.24904e+06 0.187724
2.25652e+06 0.187947
2.264e+06 0.18792
2.27148e+06 0.187976
2.27896e+06 0.188003
2.28644e+06 0.188062
2.29392e+06 0.188133
2.3014e+06 0.188078
2.30888e+06 0.187974
2.31636e+06 0.187794
2.32384e+06 0.18766
2.33132e+06 0.187699
2.3388e+06 0.187783
2.34628e+06 0.187693
2.35376e+06 0.187693
2.36124e+06 0.187858
2.36872e+06 0.18801
2.3762e+06 0.188269
2.38368e+06 0.188473
2.39116e+06 0.188459
2.39864e+06 0.188278
2.40612e+06 0.188016
2.4136e+06 0.187886
2.42108e+06 0.187759
2.42856e+06 0.187899
2.43604e+06 0.188009
2.44352e+06 0.187975
2.451e+06 0.188207
2.45848e+06 0.18852
2.46596e+06 0.188604
2.47344e+06 0.188659
2.48092e+06 0.188797
2.4884e+06 0.188822
2.49588e+06 0.188997
2.50336e+06 0.189359
2.51084e+06 0.189532
2.51832e+06 0.189789
2.5258e+06 0.18999
2.53328e+06 0.189996
2.54076e+06 0.190145
2.54824e+06 0.19022
2.55572e+06 0.190256
2.5632e+06 0.190135
2.57068e+06 0.190033
2.57816e+06 0.189997
2.58564e+06 0.190029
2.59312e+06 0.190145
2.6006e+06 0.190143
2.60808e+06 0.190038
2.61556e+06 0.190106
2.62304e+06 0.190072
2.63052e+06 0.190005
2.638e+06 0.189827
2.64548e+06 0.189755
2.65296e+06 0.189665
2.66044e+06 0.189568
2.66792e+06 0.189504
2.6754e+06 0.189418
2.68288e+06 0.189355
2.69036e+06 0.189319
2.69784e+06 0.189225
2.70532e+06 0.189219
2.7128e+06 0.189266
2.72028e+06 0.189223
2.72776e+06 0.189161
2.73524e+06 0.189082
2.74272e+06 0.189123
2.7502e+06 0.18925
2.75768e+06 0.189354
2.76516e+06 0.189336
2.77264e+06 0.189291
2.78012e+06 0.189234
2.7876e+06 0.189132
2.79508e+06 0.189025
2.80256e+06 0.189051
2.81004e+06 0.189097
2.81752e+06 0.18911
2.825e+06 0.189109
2.83248e+06 0.189172
2.83996e+06 0.189284
2.84744e+06 0.189231
2.85492e+06 0.189098
2.8624e+06 0.188908
2.86988e+06 0.18879
2.87736e+06 0.188798
2.88484e+06 0.188943
2.89232e+06 0.189024
2.8998e+06 0.188982
2.90728e+06 0.188792
2.91476e+06 0.188635
2.92224e+06 0.188491
2.92972e+06 0.188475
2.9372e+06 0.188563
2.94468e+06 0.188688
2.95216e+06 0.188717
2.95964e+06 0.188675
2.96712e+06 0.188599
2.9746e+06 0.188545
2.98208e+06 0.188604
2.98956e+06 0.188603
2.99704e+06 0.18864
3.00452e+06 0.188681
3.012e+06 0.188691
3.01948e+06 0.18866
3.02696e+06 0.188854
3.03444e+06 0.189019
3.04192e+06 0.189034
3.0494e+06 0.188903
3.05688e+06 0.188861
3.06436e+06 0.188598
3.07184e+06 0.188395
3.07932e+06 0.188219
3.0868e+06 0.188128
3.09428e+06 0.188103
3.10176e+06 0.188084
3.10924e+06 0.187944
3.11672e+06 0.18771
3.1242e+06 0.187586
3.13168e+06 0.187544
3.13916e+06 0.187485
3.14664e+06 0.187515
3.15412e+06 0.187534
3.1616e+06 0.18754
3.16908e+06 0.187519
3.17656e+06 0.187377
3.18404e+06 0.187289
3.19152e+06 0.187248
3.199e+06 0.187105
3.20648e+06 0.186939
3.21396e+06 0.186774
3.22144e+06 0.186636
3.22892e+06 0.186534
3.2364e+06 0.186563
3.24388e+06 0.186599
3.25136e+06 0.186646
3.25884e+06 0.186779
3.26632e+06 0.186919
3.2738e+06 0.186987
3.28128e+06 0.187036
3.28876e+06 0.187017
3.29624e+06 0.186995
3.30372e+06 0.186904
3.3112e+06 0.186767
3.31868e+06 0.18655
3.32616e+06 0.186436
3.33364e+06 0.186455
3.34112e+06 0.186362
3.3486e+06 0.18625
3.35608e+06 0.186248
3.36356e+06 0.186256
3.37104e+06 0.186192
3.37852e+06 0.186186
3.386e+06 0.186183
3.39348e+06 0.186293
3.40096e+06 0.186383
3.40844e+06 0.18658
3.41592e+06 0.186789
3.4234e+06 0.186876
3.43088e+06 0.186871
3.43836e+06 0.18688
3.44584e+06 0.186883
3.45332e+06 0.186807
3.4608e+06 0.186863
3.46828e+06 0.186988
3.47576e+06 0.187105
3.48324e+06 0.18713
3.49072e+06 0.187249
3.4982e+06 0.187369
3.50568e+06 0.187487
3.51316e+06 0.187631
3.52064e+06 0.18778
3.52812e+06 0.18797
3.5356e+06 0.188057
3.54308e+06 0.188056
3.55056e+06 0.187938
3.55804e+06 0.187991
3.56552e+06 0.18798
3.573e+06 0.187974
3.58048e+06 0.187962
3.58796e+06 0.187946
3.59544e+06 0.187869
3.60292e+06 0.187833
3.6104e+06 0.187752
3.61788e+06 0.187608
3.62536e+06 0.187441
3.63284e+06 0.187342
3.64032e+06 0.187279
3.6478e+06 0.187163
3.65528e+06 0.186969
3.66276e+06 0.186854
3.67024e+06 0.186837
3.67772e+06 0.186741
3.6852e+06 0.186718
3.69268e+06 0.186873
3.70016e+06 0.187069
3.70764e+06 0.187252
3.71512e+06 0.187339
3.7226e+06 0.187334
3.73008e+06 0.187427
3.73756e+06 0.187479
3.74504e+06 0.187463
3.75252e+06 0.187568
3.76e+06 0.187745
3.76748e+06 0.187817
3.77496e+06 0.187907
3.78244e+06 0.187915
3.78992e+06 0.187839
3.7974e+06 0.18787
3.80488e+06 0.187893
3.81236e+06 0.187851
3.81984e+06 0.187877
3.82732e+06 0.187832
3.8348e+06 0.187734
3.84228e+06 0.187618
3.84976e+06 0.187465
3.85724e+06 0.187378
3.86472e+06 0.187393
3.8722e+06 0.18758
3.87968e+06 0.187698
3.88716e+06 0.187759
3.89464e+06 0.187895
3.90212e+06 0.188088
3.9096e+06 0.188292
3.91708e+06 0.188422
3.92456e+06 0.188471
3.93204e+06 0.188394
3.93952e+06 0.18837
3.947e+06 0.188481
3.95448e+06 0.188665
3.96196e+06 0.188856
3.96944e+06 0.18908
3.97692e+06 0.189199
3.9844e+06 0.18921
3.99188e+06 0.189147
3.99936e+06 0.189129
4.00684e+06 0.18914
4.01432e+06 0.189133
4.0218e+06 0.189097
4.02928e+06 0.189048
4.03676e+06 0.188988
4.04424e+06 0.188986
4.05172e+06 0.189097
4.0592e+06 0.189236
4.06668e+06 0.189321
4.07416e+06 0.189402
4.08164e+06 0.189414
4.08912e+06 0.189441
4.0966e+06 0.189484
4.10408e+06 0.189489
4.11156e+06 0.189484
4.11904e+06 0.189517
4.12652e+06 0.189535
4.134e+06 0.189465
4.14148e+06 0.189419
4.14896e+06 0.189291
4.15644e+06 0.189282
4.16392e+06 0.189308
4.1714e+06 0.189363
4.17888e+06 0.189337
4.18636e+06 0.189356
4.19384e+06 0.189377
4.20132e+06 0.189479
4.2088e+06 0.18955
4.21628e+06 0.189627
4.22376e+06 0.189637
4.23124e+06 0.18963
4.23872e+06 0.189588
4.2462e+06 0.189566
4.25368e+06 0.189583
4.26116e+06 0.189609
4.26864e+06 0.18959
4.27612e+06 0.189632
4.2836e+06 0.189622
4.29108e+06 0.189598
4.29856e+06 0.189623
4.30604e+06 0.189772
4.31352e+06 0.189897
4.321e+06 0.189995
4.32848e+06 0.190036
4.33596e+06 0.190007
4.34344e+06 0.190047
4.35092e+06 0.190027
4.3584e+06 0.190059
4.36588e+06 0.190141
4.37336e+06 0.190157
4.38084e+06 0.190205
4.38832e+06 0.190239
4.3958e+06 0.190277
4.40328e+06 0.190347
4.41076e+06 0.190389
4.41824e+06 0.190418
4.42572e+06 0.19044
4.4332e+06 0.190353
4.44068e+06 0.190246
4.44816e+06 0.190185
4.45564e+06 0.19015
4.46312e+06 0.190071
4.4706e+06 0.190021
4.47808e+06 0.189921
4.48556e+06 0.18974
4.49304e+06 0.189689
4.50052e+06 0.189808
4.508e+06 0.189888
4.51548e+06 0.18994
4.52296e+06 0.190002
4.53044e+06 0.190057
4.53792e+06 0.19006
4.5454e+06 0.190088
4.55288e+06 0.190122
4.56036e+06 0.190123
4.56784e+06 0.190183
4.57532e+06 0.190209
4.5828e+06 0.190168
4.59028e+06 0.190118
4.59776e+06 0.1901
4.60524e+06 0.190107
4.61272e+06 0.190147
4.6202e+06 0.190255
4.62768e+06 0.190353
4.63516e+06 0.190439
4.64264e+06 0.190493
4.65012e+06 0.190485
4.6576e+06 0.190543
4.66508e+06 0.190612
4.67256e+06 0.190626
4.68004e+06 0.190562
4.68752e+06 0.190509
4.695e+06 0.19045
4.70248e+06 0.190338
4.70996e+06 0.190222
4.71744e+06 0.190207
4.72492e+06 0.190204
4.7324e+06 0.190191
4.73988e+06 0.19023
4.74736e+06 0.190242
4.75484e+06 0.19019
4.76232e+06 0.190152
4.7698e+06 0.190108
4.77728e+06 0.190006
4.78476e+06 0.189986
4.79224e+06 0.189933
4.79972e+06 0.189955
4.8072e+06 0.190003
4.81468e+06 0.190029
4.82216e+06 0.190098
4.82964e+06 0.190143
4.83712e+06 0.190222
4.8446e+06 0.190137
4.85208e+06 0.190112
4.85956e+06 0.19022
4.86704e+06 0.19032
4.87452e+06 0.190406
4.882e+06 0.190484
4.88948e+06 0.190502
4.89696e+06 0.190572
4.90444e+06 0.19071
4.91192e+06 0.190792
4.9194e+06 0.190763
4.92688e+06 0.190811
4.93436e+06 0.190838
4.94184e+06 0.190867
4.94932e+06 0.190935
4.9568e+06 0.190946
4.96428e+06 0.190869
4.97176e+06 0.190849
4.97924e+06 0.190809
4.98672e+06 0.190716
4.9942e+06 0.190622
5.00168e+06 0.190573
5.00916e+06 0.190522
5.01664e+06 0.190498
5.02412e+06 0.190432
5.0316e+06 0.190375
5.03908e+06 0.1904
5.04656e+06 0.190416
5.05404e+06 0.190349
5.06152e+06 0.190327
5.069e+06 0.190282
5.07648e+06 0.190164
5.08396e+06 0.190013
5.09144e+06 0.189952
5.09892e+06 0.190005
5.1064e+06 0.190031
5.11388e+06 0.190048
5.12136e+06 0.190084
5.12884e+06 0.190129
5.13632e+06 0.190188
5.1438e+06 0.190211
5.15128e+06 0.190135
5.15876e+06 0.190127
5.16624e+06 0.190053
5.17372e+06 0.189991
5.1812e+06 0.189966
5.18868e+06 0.19002
5.19616e+06 0.190068
5.20364e+06 0.190073
5.21112e+06 0.190107
5.2186e+06 0.190109
5.22608e+06 0.190014
5.23356e+06 0.189922
5.24104e+06 0.189884
5.24852e+06 0.189812
5.256e+06 0.189716
5.26348e+06 0.189634
5.27096e+06 0.189697
5.27844e+06 0.189728
5.28592e+06 0.189771
5.2934e+06 0.189845
5.30088e+06 0.189975
5.30836e+06 0.190138
5.31584e+06 0.190256
5.32332e+06 0.190328
5.3308e+06 0.19042
5.33828e+06 0.190486
5.34576e+06 0.190527
5.35324e+06 0.190564
5.36072e+06 0.190577
5.3682e+06 0.190545
5.37568e+06 0.190532
5.38316e+06 0.190476
5.39064e+06 0.190427
5.39812e+06 0.190383
5.4056e+06 0.190501
5.41308e+06 0.190587
5.42056e+06 0.190624
5.42804e+06 0.190553
5.43552e+06 0.190465
5.443e+06 0.190441
5.45048e+06 0.190458
5.45796e+06 0.190379
5.46544e+06 0.190375
5.47292e+06 0.190456
5.4804e+06 0.190435
5.48788e+06 0.190405
5.49536e+06 0.190367
5.50284e+06 0.190308
5.51032e+06 0.190241
5.5178e+06 0.19019
5.52528e+06 0.190112
5.53276e+06 0.190105
5.54024e+06 0.190012
5.54772e+06 0.189919
5.5552e+06 0.189853
5.56268e+06 0.189902
5.57016e+06 0.189888
5.57764e+06 0.189859
5.58512e+06 0.189805
5.5926e+06 0.189764
5.60008e+06 0.189681
5.60756e+06 0.189653
5.61504e+06 0.189611
5.62252e+06 0.189601
5.63e+06 0.189601
5.63748e+06 0.189568
5.64496e+06 0.189543
5.65244e+06 0.189506
5.65992e+06 0.189447
5.6674e+06 0.189377
5.67488e+06 0.189328
5.68236e+06 0.189241
5.68984e+06 0.18918
5.69732e+06 0.189136
5.7048e+06 0.189127
5.71228e+06 0.189052
5.71976e+06 0.188995
5.72724e+06 0.188998
5.73472e+06 0.18896
5.7422e+06 0.188927
5.74968e+06 0.188887
5.75716e+06 0.188875
5.76464e+06 0.188825
5.77212e+06 0.188818
5.7796e+06 0.188804
5.78708e+06 0.188774
5.79456e+06 0.18891
5.80204e+06 0.189013
5.80952e+06 0.189066
5.817e+06 0.189038
5.82448e+06 0.189022
5.83196e+06 0.188985
5.83944e+06 0.188935
5.84692e+06 0.188905
5.8544e+06 0.188852
5.86188e+06 0.188879
5.86936e+06 0.188936
5.87684e+06 0.188992
5.88432e+06 0.189026
5.8918e+06 0.18905
5.89928e+06 0.188949
5.90676e+06 0.188806
5.91424e+06 0.188664
5.92172e+06 0.188537
5.9292e+06 0.188507
5.93668e+06 0.188448
5.94416e+06 0.188384
5.95164e+06 0.188374
5.95912e+06 0.18843
5.9666e+06 0.188451
5.97408e+06 0.188389
5.98156e+06 0.188307
5.98904e+06 0.188219
5.99652e+06 0.188111
6.004e+06 0.188007
6.01148e+06 0.187959
6.01896e+06 0.187976
6.02644e+06 0.18803
6.03392e+06 0.188038
6.0414e+06 0.18803
6.04888e+06 0.188058
6.05636e+06 0.188079
6.06384e+06 0.188143
6.07132e+06 0.188156
6.0788e+06 0.188125
6.08628e+06 0.188183
6.09376e+06 0.188349
6.10124e+06 0.188433
6.10872e+06 0.188477
6.1162e+06 0.188503
6.12368e+06 0.188522
6.13116e+06 0.188572
6.13864e+06 0.188566
6.14612e+06 0.18857
6.1536e+06 0.188502
6.16108e+06 0.188485
6.16856e+06 0.188472
6.17604e+06 0.188422
6.18352e+06 0.188434
6.191e+06 0.188407
6.19848e+06 0.188338
6.20596e+06 0.188295
6.21344e+06 0.188269
6.22092e+06 0.188157
6.2284e+06 0.188062
6.23588e+06 0.188003
6.24336e+06 0.188008
6.25084e+06 0.187995
6.25832e+06 0.187991
6.2658e+06 0.187953
6.27328e+06 0.187923
6.28076e+06 0.187911
6.28824e+06 0.187939
6.29572e+06 0.187927
6.3032e+06 0.187868
6.31068e+06 0.187815
6.31816e+06 0.18778
6.32564e+06 0.187787
6.33312e+06 0.187807
6.3406e+06 0.187791
6.34808e+06 0.187769
6.35556e+06 0.187724
6.36304e+06 0.187665
6.37052e+06 0.187651
6.378e+06 0.187646
6.38548e+06 0.187558
6.39296e+06 0.187479
6.40044e+06 0.187472
6.40792e+06 0.187448
6.4154e+06 0.187409
6.42288e+06 0.187335
6.43036e+06 0.187294
6.43784e+06 0.18724
6.44532e+06 0.187221
6.4528e+06 0.187297
6.46028e+06 0.187411
6.46776e+06 0.187467
6.47524e+06 0.187456
6.48272e+06 0.187445
6.4902e+06 0.187436
6.49768e+06 0.187481
6.50516e+06 0.187554
6.51264e+06 0.18761
6.52012e+06 0.187624
6.5276e+06 0.187603
6.53508e+06 0.187515
6.54256e+06 0.187431
6.55004e+06 0.187315
6.55752e+06 0.187196
6.565e+06 0.187116
6.57248e+06 0.187079
6.57996e+06 0.187073
6.58744e+06 0.187086
6.59492e+06 0.187101
6.6024e+06 0.187175
6.60988e+06 0.187222
6.61736e+06 0.18719
6.62484e+06 0.187165
6.63232e+06 0.187184
6.6398e+06 0.187208
6.64728e+06 0.187288
6.65476e+06 0.187277
6.66224e+06 0.187244
6.66972e+06 0.187244
6.6772e+06 0.187291
6.68468e+06 0.187306
6.69216e+06 0.187309
6.69964e+06 0.187265
6.70712e+06 0.187246
6.7146e+06 0.187188
6.72208e+06 0.18714
6.72956e+06 0.1871
6.73704e+06 0.187071
6.74452e+06 0.18705
6.752e+06 0.187005
6.75948e+06 0.186907
6.76696e+06 0.186838
6.77444e+06 0.18677
6.78192e+06 0.186705
6.7894e+06 0.186649
6.79688e+06 0.186566
6.80436e+06 0.186548
6.81184e+06 0.186516
6.81932e+06 0.186485
6.8268e+06 0.18645
6.83428e+06 0.186378
6.84176e+06 0.186311
6.84924e+06 0.186315
6.85672e+06 0.186325
6.8642e+06 0.186322
6.87168e+06 0.186283
6.87916e+06 0.186258
6.88664e+06 0.1862
6.89412e+06 0.186154
6.9016e+06 0.186111
6.90908e+06 0.186095
6.91656e+06 0.186081
6.92404e+06 0.186073
6.93152e+06 0.186037
6.939e+06 0.185977
6.94648e+06 0.18602
6.95396e+06 0.186067
6.96144e+06 0.186132
6.96892e+06 0.186133
6.9764e+06 0.186096
6.98388e+06 0.186118
6.99136e+06 0.186166
6.99884e+06 0.186206
7.00632e+06 0.186273
7.0138e+06 0.186331
7.02128e+06 0.186457
7.02876e+06 0.186571
7.03624e+06 0.186668
7.04372e+06 0.186639
7.0512e+06 0.186571
7.05868e+06 0.186556
7.06616e+06 0.186593
7.07364e+06 0.186646
7.08112e+06 0.186649
7.0886e+06 0.186727
7.09608e+06 0.186829
7.10356e+06 0.186873
7.11104e+06 0.18689
7.11852e+06 0.186859
7.126e+06 0.18681
7.13348e+06 0.186788
7.14096e+06 0.186811
7.14844e+06 0.186921
7.15592e+06 0.186985
7.1634e+06 0.187032
7.17088e+06 0.187096
7.17836e+06 0.187157
7.18584e+06 0.187171
7.19332e+06 0.18718
7.2008e+06 0.187182
7.20828e+06 0.187202
7.21576e+06 0.187224
7.22324e+06 0.187242
7.23072e+06 0.187254
7.2382e+06 0.187287
7.24568e+06 0.187325
7.25316e+06 0.18736
7.26064e+06 0.187341
7.26812e+06 0.187328
7.2756e+06 0.187307
7.28308e+06 0.18728
7.29056e+06 0.18728
7.29804e+06 0.187294
7.30552e+06 0.18727
7.313e+06 0.187256
7.32048e+06 0.187264
7.32796e+06 0.187259
7.33544e+06 0.187255
7.34292e+06 0.187266
7.3504e+06 0.187248
7.35788e+06 0.187246
7.36536e+06 0.18724
7.37284e+06 0.187199
7.38032e+06 0.187204
7.3878e+06 0.187258
7.39528e+06 0.187285
7.40276e+06 0.187293
7.41024e+06 0.187294
7.41772e+06 0.187327
7.4252e+06 0.187347
7.43268e+06 0.187349
7.44016e+06 0.187315
7.44764e+06 0.187227
7.45512e+06 0.187181
7.4626e+06 0.187164
7.47008e+06 0.187121
7.47756e+06 0.18709
7.48504e+06 0.187096
7.49252e+06 0.187098
