0 -19.9997 0.500001
0.003 -19.9082 0.500294
0.006 -19.8147 0.500611
0.009 -19.7195 0.500951
0.012 -19.6225 0.501316
0.015 -19.5239 0.501705
0.018 -19.4238 0.502118
0.021 -19.3222 0.502556
0.024 -19.2194 0.503019
0.027 -19.1154 0.503507
0.03 -19.0103 0.50402
0.033 -18.9045 0.504558
0.036 -18.7979 0.505121
0.039 -18.6907 0.505709
0.042 -18.5832 0.506322
0.045 -18.4754 0.506959
0.048 -18.3676 0.50762
0.051 -18.26 0.508305
0.054 -18.1527 0.509014
0.057 -18.0459 0.509747
0.06 -17.9399 0.510502
0.063 -17.8347 0.511279
0.066 -17.7306 0.512078
0.069 -17.6278 0.512899
0.072 -17.5265 0.51374
0.075 -17.4268 0.514601
0.078 -17.3289 0.515482
0.081 -17.233 0.51638
0.084 -17.1392 0.517297
0.087 -17.0477 0.518231
0.09 -16.9586 0.51918
0.093 -16.872 0.520145
0.096 -16.7882 0.521124
0.099 -16.7071 0.522117
0.102 -16.6289 0.523123
0.105 -16.5537 0.52414
0.108 -16.4816 0.525167
0.111 -16.4126 0.526205
0.114 -16.3468 0.527251
0.117 -16.2842 0.528306
0.12 -16.2249 0.529367
0.123 -16.1689 0.530435
0.126 -16.1162 0.531507
0.129 -16.0669 0.532584
0.132 -16.0208 0.533665
0.135 -15.978 0.534748
0.138 -15.9386 0.535832
0.141 -15.9024 0.536918
0.144 -15.8694 0.538003
0.147 -15.8396 0.539088
0.15 -15.813 0.540171
0.153 -15.7895 0.541251
0.156 -15.769 0.542329
0.159 -15.7515 0.543402
0.162 -15.7369 0.544472
0.165 -15.7252 0.545536
0.168 -15.7163 0.546594
0.171 -15.7101 0.547645
0.174 -15.7066 0.54869
0.177 -15.7056 0.549727
0.18 -15.7072 0.550756
0.183 -15.7113 0.551776
0.186 -15.7177 0.552786
0.189 -15.7265 0.553787
0.192 -15.7375 0.554777
0.195 -15.7507 0.555757
0.198 -15.766 0.556726
0.201 -15.7834 0.557683
0.204 -15.8027 0.558628
0.207 -15.8239 0.55956
0.21 -15.847 0.56048
0.213 -15.872 0.561386
0.216 -15.8986 0.562279
0.219 -15.9269 0.563159
0.222 -15.9569 0.564024
0.225 -15.9885 0.564875
0.228 -16.0215 0.565711
0.231 -16.0561 0.566532
0.234 -16.0921 0.567338
0.237 -16.1295 0.568128
0.24 -16.1682 0.568903
0.243 -16.2082 0.569662
0.246 -16.2495 0.570404
0.249 -16.2921 0.571131
0.252 -16.3358 0.57184
0.255 -16.3807 0.572533
0.258 -16.4267 0.573209
0.261 -16.4738 0.573868
0.264 -16.522 0.57451
0.267 -16.5713 0.575134
0.27 -16.6215 0.575741
0.273 -16.6728 0.57633
0.276 -16.725 0.576901
0.279 -16.7783 0.577454
0.282 -16.8324 0.577989
0.285 -16.8875 0.578506
0.288 -16.9435 0.579004
0.291 -17.0004 0.579484
0.294 -17.0581 0.579945
0.297 -17.1168 0.580388
0.3 -17.1763 0.580811
0.303 -17.2367 0.581216
0.306 -17.2979 0.581602
0.309 -17.36 0.581968
0.312 -17.4229 0.582315
0.315 -17.4866 0.582643
0.318 -17.5512 0.582951
0.321 -17.6167 0.583239
0.324 -17.683 0.583508
0.327 -17.7501 0.583757
0.33 -17.8181 0.583986
0.333 -17.887 0.584195
0.336 -17.9567 0.584384
0.339 -18.0273 0.584552
0.342 -18.0988 0.5847
0.345 -18.1712 0.584828
0.348 -18.2445 0.584935
0.351 -18.3187 0.585021
0.354 -18.3939 0.585086
0.357 -18.47 0.58513
0.36 -18.5472 0.585153
0.363 -18.6253 0.585155
0.366 -18.7045 0.585135
0.369 -18.7848 0.585094
0.372 -18.8662 0.585031
0.375 -18.9486 0.584945
0.378 -19.0323 0.584838
0.381 -19.1171 0.584708
0.384 -19.2031 0.584556
0.387 -19.2905 0.584381
0.39 -19.3791 0.584183
0.393 -19.4691 0.583962
0.396 -19.5606 0.583717
0.399 -19.6535 0.583449
0.402 -19.7479 0.583156
0.405 -19.8439 0.58284
0.408 -19.9415 0.582499
0.411 -20.0409 0.582133
0.414 -20.1421 0.581742
0.417 -20.2451 0.581325
0.42 -20.3501 0.580883
0.423 -20.4571 0.580414
0.426 -20.5662 0.579919
0.429 -20.6776 0.579397
0.432 -20.7913 0.578847
0.435 -20.9075 0.57827
0.438 -21.0262 0.577664
0.441 -21.1476 0.577029
0.444 -21.2718 0.576364
0.447 -21.399 0.575669
0.45 -21.5294 0.574944
0.453 -21.663 0.574188
0.456 -21.8001 0.573399
0.459 -21.9408 0.572578
0.462 -22.0854 0.571723
0.465 -22.2341 0.570834
0.468 -22.387 0.569911
0.471 -22.5444 0.568951
0.474 -22.7066 0.567954
0.477 -22.8738 0.56692
0.48 -23.0464 0.565847
0.483 -23.2245 0.564734
0.486 -23.4087 0.563581
0.489 -23.5991 0.562385
0.492 -23.7961 0.561146
0.495 -24.0002 0.559863
0.498 -24.2117 0.558534
0.501 -24.4311 0.557159
0.504 -24.6587 0.555735
0.507 -24.8952 0.554261
0.51 -25.1409 0.552736
0.513 -25.3965 0.551159
0.516 -25.6623 0.549527
0.519 -25.9391 0.54784
0.522 -26.2273 0.546096
0.525 -26.5276 0.544294
0.528 -26.8406 0.542432
0.531 -27.1668 0.540509
0.534 -27.5069 0.538524
0.537 -27.8614 0.536475
0.54 -28.2311 0.534361
0.543 -28.6163 0.532182
0.546 -29.0178 0.529937
0.549 -29.4358 0.527625
0.552 -29.871 0.525247
0.555 -30.3236 0.522801
0.558 -30.7938 0.52029
0.561 -31.2819 0.517712
0.564 -31.7879 0.51507
0.567 -32.3117 0.512365
0.57 -32.8531 0.509599
0.573 -33.4116 0.506773
0.576 -33.9868 0.50389
0.579 -34.578 0.500953
0.582 -35.1842 0.497966
0.585 -35.8045 0.494931
0.588 -36.4377 0.491852
0.591 -37.0824 0.488734
0.594 -37.7374 0.485579
0.597 -38.401 0.482392
0.6 -39.0717 0.479177
0.603 -39.7478 0.475938
0.606 -40.4277 0.472679
0.609 -41.1098 0.469402
0.612 -41.7924 0.466113
0.615 -42.474 0.462814
0.618 -43.1529 0.459509
0.621 -43.8278 0.456199
0.624 -44.4973 0.452889
0.627 -45.1601 0.449581
0.63 -45.8151 0.446277
0.633 -46.4612 0.442978
0.636 -47.0975 0.439688
0.639 -47.7232 0.436407
0.642 -48.3375 0.433137
0.645 -48.9398 0.42988
0.648 -49.5295 0.426636
0.651 -50.1063 0.423407
0.654 -50.6698 0.420194
0.657 -51.2196 0.416998
0.66 -51.7557 0.413818
0.663 -52.2779 0.410656
0.666 -52.786 0.407513
0.669 -53.2801 0.404389
0.672 -53.7602 0.401283
0.675 -54.2264 0.398198
0.678 -54.6787 0.395132
0.681 -55.1174 0.392086
0.684 -55.5425 0.389061
0.687 -55.9543 0.386056
0.69 -56.3529 0.383072
0.693 -56.7386 0.380108
0.696 -57.1117 0.377165
0.699 -57.4723 0.374243
0.702 -57.8208 0.371342
0.705 -58.1574 0.368461
0.708 -58.4824 0.365602
0.711 -58.796 0.362763
0.714 -59.0986 0.359945
0.717 -59.3904 0.357147
0.72 -59.6718 0.354371
0.723 -59.9429 0.351615
0.726 -60.2041 0.348879
0.729 -60.4556 0.346164
0.732 -60.6978 0.343469
0.735 -60.9308 0.340795
0.738 -61.155 0.338141
0.741 -61.3706 0.335507
0.744 -61.5779 0.332892
0.747 -61.7771 0.330298
0.75 -61.9685 0.327724
0.753 -62.1523 0.325169
0.756 -62.3287 0.322633
0.759 -62.498 0.320117
0.762 -62.6603 0.317621
0.765 -62.816 0.315143
0.768 -62.9652 0.312685
0.771 -63.1081 0.310245
0.774 -63.2449 0.307824
0.777 -63.3759 0.305422
0.78 -63.5011 0.303039
0.783 -63.6209 0.300674
0.786 -63.7353 0.298327
0.789 -63.8446 0.295998
0.792 -63.9489 0.293688
0.795 -64.0483 0.291395
0.798 -64.1431 0.28912
0.801 -64.2333 0.286863
0.804 -64.3192 0.284624
0.807 -64.4009 0.282401
0.81 -64.4784 0.280196
0.813 -64.552 0.278009
0.816 -64.6218 0.275838
0.819 -64.6879 0.273684
0.822 -64.7504 0.271547
0.825 -64.8095 0.269427
0.828 -64.8652 0.267323
0.831 -64.9177 0.265236
0.834 -64.9671 0.263165
0.837 -65.0134 0.26111
0.84 -65.0568 0.259071
0.843 -65.0974 0.257049
0.846 -65.1353 0.255042
0.849 -65.1705 0.25305
0.852 -65.2032 0.251075
0.855 -65.2334 0.249114
0.858 -65.2612 0.24717
0.861 -65.2867 0.24524
0.864 -65.31 0.243325
0.867 -65.3311 0.241426
0.87 -65.3502 0.239541
0.873 -65.3672 0.237672
0.876 -65.3823 0.235816
0.879 -65.3955 0.233976
0.882 -65.4069 0.23215
0.885 -65.4165 0.230338
0.888 -65.4245 0.22854
0.891 -65.4308 0.226757
0.894 -65.4355 0.224988
0.897 -65.4387 0.223232
0.9 -65.4403 0.22149
0.903 -65.4406 0.219762
0.906 -65.4395 0.218048
0.909 -65.437 0.216347
0.912 -65.4333 0.214659
0.915 -65.4283 0.212985
0.918 -65.4221 0.211324
0.921 -65.4147 0.209676
0.924 -65.4062 0.208041
0.927 -65.3966 0.206419
0.93 -65.386 0.204809
0.933 -65.3743 0.203213
0.936 -65.3617 0.201628
0.939 -65.3481 0.200057
0.942 -65.3336 0.198498
0.945 -65.3183 0.196951
0.948 -65.302 0.195416
0.951 -65.285 0.193893
0.954 -65.2672 0.192382
0.957 -65.2486 0.190884
0.96 -65.2292 0.189397
0.963 -65.2092 0.187922
0.966 -65.1884 0.186458
0.969 -65.167 0.185006
0.972 -65.1449 0.183565
0.975 -65.1223 0.182136
0.978 -65.099 0.180718
0.981 -65.0752 0.179312
0.984 -65.0508 0.177916
0.987 -65.0258 0.176532
0.99 -65.0004 0.175158
0.993 -64.9745 0.173795
0.996 -64.9481 0.172443
0.999 -64.9212 0.171102
1.002 -64.8939 0.169771
1.005 -64.8661 0.168451
1.008 -64.838 0.167141
1.011 -64.8094 0.165842
1.014 -64.7805 0.164553
1.017 -64.7512 0.163274
1.02 -64.7216 0.162005
1.023 -64.6916 0.160747
1.026 -64.6613 0.159498
1.029 -64.6307 0.158259
1.032 -64.5997 0.15703
1.035 -64.5685 0.15581
1.038 -64.5371 0.154601
1.041 -64.5053 0.153401
1.044 -64.4734 0.15221
1.047 -64.4411 0.151029
1.05 -64.4087 0.149857
1.053 -64.376 0.148695
1.056 -64.3431 0.147541
1.059 -64.31 0.146397
1.062 -64.2767 0.145262
1.065 -64.2433 0.144136
1.068 -64.2096 0.143019
1.071 -64.1758 0.141911
1.074 -64.1418 0.140811
1.077 -64.1077 0.139721
1.08 -64.0735 0.138638
1.083 -64.0391 0.137565
1.086 -64.0046 0.1365
1.089 -63.9699 0.135444
1.092 -63.9352 0.134395
1.095 -63.9003 0.133356
1.098 -63.8653 0.132324
1.101 -63.8303 0.131301
1.104 -63.7951 0.130286
1.107 -63.7599 0.129278
1.11 -63.7246 0.128279
1.113 -63.6892 0.127288
1.116 -63.6538 0.126305
1.119 -63.6183 0.125329
1.122 -63.5827 0.124362
1.125 -63.5471 0.123402
1.128 -63.5115 0.122449
1.131 -63.4758 0.121504
1.134 -63.44 0.120567
1.137 -63.4043 0.119637
1.14 -63.3685 0.118715
1.143 -63.3326 0.1178
1.146 -63.2968 0.116892
1.149 -63.2609 0.115992
1.152 -63.2251 0.115098
1.155 -63.1892 0.114212
1.158 -63.1533 0.113333
1.161 -63.1174 0.112461
1.164 -63.0815 0.111596
1.167 -63.0456 0.110737
1.17 -63.0098 0.109886
1.173 -62.9739 0.109041
1.176 -62.9381 0.108203
1.179 -62.9022 0.107372
1.182 -62.8664 0.106547
1.185 -62.8306 0.105729
1.188 -62.7948 0.104918
1.191 -62.7591 0.104113
1.194 -62.7234 0.103315
1.197 -62.6877 0.102522
1.2 -62.6521 0.101737
1.203 -62.6164 0.100957
1.206 -62.5809 0.100184
1.209 -62.5453 0.0994165
1.212 -62.5099 0.0986555
1.215 -62.4744 0.0979006
1.218 -62.439 0.0971518
1.221 -62.4037 0.0964089
1.224 -62.3684 0.095672
1.227 -62.3331 0.094941
1.23 -62.2979 0.0942158
1.233 -62.2628 0.0934965
1.236 -62.2277 0.0927829
1.239 -62.1927 0.092075
1.242 -62.1578 0.0913729
1.245 -62.1229 0.0906763
1.248 -62.088 0.0899853
1.251 -62.0533 0.0892999
1.254 -62.0186 0.08862
1.257 -61.9839 0.0879455
1.26 -61.9494 0.0872765
1.263 -61.9149 0.0866128
1.266 -61.8805 0.0859544
1.269 -61.8461 0.0853014
1.272 -61.8119 0.0846535
1.275 -61.7777 0.0840109
1.278 -61.7435 0.0833735
1.281 -61.7095 0.0827412
1.284 -61.6755 0.0821139
1.287 -61.6416 0.0814918
1.29 -61.6078 0.0808746
1.293 -61.5741 0.0802624
1.296 -61.5405 0.0796551
1.299 -61.5069 0.0790527
1.302 -61.4734 0.0784552
1.305 -61.44 0.0778624
1.308 -61.4067 0.0772745
1.311 -61.3735 0.0766913
1.314 -61.3403 0.0761128
1.317 -61.3073 0.0755389
1.32 -61.2743 0.0749697
1.323 -61.2414 0.0744051
1.326 -61.2087 0.073845
1.329 -61.176 0.0732895
1.332 -61.1433 0.0727384
1.335 -61.1108 0.0721918
1.338 -61.0784 0.0716496
1.341 -61.0461 0.0711118
1.344 -61.0138 0.0705783
1.347 -60.9817 0.0700492
1.35 -60.9496 0.0695243
1.353 -60.9177 0.0690037
1.356 -60.8858 0.0684873
1.359 -60.854 0.0679751
1.362 -60.8223 0.067467
1.365 -60.7908 0.066963
1.368 -60.7593 0.0664631
1.371 -60.7279 0.0659673
1.374 -60.6966 0.0654755
1.377 -60.6654 0.0649876
1.38 -60.6343 0.0645038
1.383 -60.6033 0.0640238
1.386 -60.5724 0.0635478
1.389 -60.5416 0.0630756
1.392 -60.5109 0.0626072
1.395 -60.4802 0.0621427
1.398 -60.4497 0.0616819
1.401 -60.4193 0.0612249
1.404 -60.389 0.0607715
1.407 -60.3588 0.0603219
1.41 -60.3287 0.0598759
1.413 -60.2986 0.0594336
1.416 -60.2687 0.0589949
1.419 -60.2389 0.0585597
1.422 -60.2092 0.0581281
1.425 -60.1796 0.0577
1.428 -60.1501 0.0572753
1.431 -60.1206 0.0568542
1.434 -60.0913 0.0564364
1.437 -60.0621 0.0560221
1.44 -60.033 0.0556112
1.443 -60.004 0.0552036
1.446 -59.9751 0.0547994
1.449 -59.9462 0.0543984
1.452 -59.9175 0.0540007
1.455 -59.8889 0.0536063
1.458 -59.8604 0.0532151
1.461 -59.832 0.0528271
1.464 -59.8037 0.0524423
1.467 -59.7755 0.0520606
1.47 -59.7474 0.051682
1.473 -59.7194 0.0513066
1.476 -59.6914 0.0509342
1.479 -59.6636 0.0505649
1.482 -59.6359 0.0501986
1.485 -59.6083 0.0498353
1.488 -59.5808 0.049475
1.491 -59.5534 0.0491176
1.494 -59.5261 0.0487632
1.497 -59.4989 0.0484117
1.5 -59.4718 0.0480631
1.503 -59.4448 0.0477173
1.506 -59.4179 0.0473744
1.509 -59.3911 0.0470343
1.512 -59.3644 0.046697
1.515 -59.3378 0.0463625
1.518 -59.3114 0.0460307
1.521 -59.285 0.0457017
1.524 -59.2587 0.0453753
1.527 -59.2325 0.0450517
1.53 -59.2064 0.0447307
1.533 -59.1804 0.0444124
1.536 -59.1545 0.0440967
1.539 -59.1287 0.0437836
1.542 -59.103 0.0434731
1.545 -59.0774 0.0431652
1.548 -59.0519 0.0428598
1.551 -59.0265 0.0425569
1.554 -59.0012 0.0422566
1.557 -58.976 0.0419587
1.56 -58.9509 0.0416633
1.563 -58.9259 0.0413703
1.566 -58.901 0.0410798
1.569 -58.8762 0.0407917
1.572 -58.8515 0.0405059
1.575 -58.8269 0.0402226
1.578 -58.8024 0.0399416
1.581 -58.7779 0.0396629
1.584 -58.7536 0.0393865
1.587 -58.7294 0.0391124
1.59 -58.7053 0.0388406
1.593 -58.6813 0.0385711
1.596 -58.6573 0.0383038
1.599 -58.6335 0.0380387
1.602 -58.6098 0.0377759
1.605 -58.5861 0.0375152
1.608 -58.5626 0.0372567
1.611 -58.5392 0.0370004
1.614 -58.5158 0.0367462
1.617 -58.4925 0.0364941
1.62 -58.4694 0.0362441
1.623 -58.4463 0.0359962
1.626 -58.4234 0.0357504
1.629 -58.4005 0.0355066
1.632 -58.3777 0.0352649
1.635 -58.355 0.0350252
1.638 -58.3324 0.0347875
1.641 -58.3099 0.0345518
1.644 -58.2875 0.034318
1.647 -58.2652 0.0340862
1.65 -58.243 0.0338564
1.653 -58.2209 0.0336285
1.656 -58.1989 0.0334025
1.659 -58.1769 0.0331784
1.662 -58.1551 0.0329562
1.665 -58.1334 0.0327358
1.668 -58.1117 0.0325173
1.671 -58.0901 0.0323007
1.674 -58.0687 0.0320859
1.677 -58.0473 0.0318728
1.68 -58.026 0.0316616
1.683 -58.0048 0.0314522
1.686 -57.9837 0.0312445
1.689 -57.9627 0.0310385
1.692 -57.9417 0.0308344
1.695 -57.9209 0.0306319
1.698 -57.9002 0.0304311
1.701 -57.8795 0.0302321
1.704 -57.8589 0.0300347
1.707 -57.8385 0.029839
1.71 -57.8181 0.0296449
1.713 -57.7978 0.0294525
1.716 -57.7776 0.0292617
1.719 -57.7575 0.0290726
1.722 -57.7374 0.028885
1.725 -57.7175 0.0286991
1.728 -57.6976 0.0285147
1.731 -57.6779 0.0283319
1.734 -57.6582 0.0281506
1.737 -57.6386 0.0279709
1.74 -57.6191 0.0277927
1.743 -57.5997 0.027616
1.746 -57.5803 0.0274408
1.749 -57.5611 0.0272672
1.752 -57.5419 0.027095
1.755 -57.5228 0.0269242
1.758 -57.5038 0.026755
1.761 -57.4849 0.0265871
1.764 -57.4661 0.0264207
1.767 -57.4474 0.0262558
1.77 -57.4287 0.0260922
1.773 -57.4102 0.0259301
1.776 -57.3917 0.0257693
1.779 -57.3733 0.0256099
1.782 -57.355 0.0254519
1.785 -57.3367 0.0252952
1.788 -57.3186 0.0251399
1.791 -57.3005 0.0249859
1.794 -57.2825 0.0248332
1.797 -57.2646 0.0246818
1.8 -57.2468 0.0245318
1.803 -57.2291 0.024383
1.806 -57.2114 0.0242355
1.809 -57.1938 0.0240893
1.812 -57.1764 0.0239444
1.815 -57.1589 0.0238007
1.818 -57.1416 0.0236582
1.821 -57.1244 0.023517
1.824 -57.1072 0.023377
1.827 -57.0901 0.0232382
1.83 -57.0731 0.0231006
1.833 -57.0561 0.0229642
1.836 -57.0393 0.0228289
1.839 -57.0225 0.0226949
1.842 -57.0058 0.022562
1.845 -56.9892 0.0224302
1.848 -56.9727 0.0222996
1.851 -56.9562 0.0221702
1.854 -56.9398 0.0220418
1.857 -56.9235 0.0219146
1.86 -56.9073 0.0217885
1.863 -56.8911 0.0216635
1.866 -56.8751 0.0215396
1.869 -56.8591 0.0214167
1.872 -56.8431 0.0212949
1.875 -56.8273 0.0211742
1.878 -56.8115 0.0210546
1.881 -56.7958 0.020936
1.884 -56.7802 0.0208184
1.887 -56.7647 0.0207018
1.89 -56.7492 0.0205863
1.893 -56.7338 0.0204718
1.896 -56.7185 0.0203583
1.899 -56.7032 0.0202458
1.902 -56.688 0.0201343
1.905 -56.6729 0.0200237
1.908 -56.6579 0.0199141
1.911 -56.643 0.0198055
1.914 -56.6281 0.0196979
1.917 -56.6133 0.0195912
1.92 -56.5985 0.0194854
1.923 -56.5839 0.0193806
1.926 -56.5693 0.0192767
1.929 -56.5547 0.0191737
1.932 -56.5403 0.0190716
1.935 -56.5259 0.0189704
1.938 -56.5116 0.0188701
1.941 -56.4974 0.0187707
1.944 -56.4832 0.0186722
1.947 -56.4691 0.0185746
1.95 -56.4551 0.0184778
1.953 -56.4411 0.0183819
1.956 -56.4272 0.0182868
1.959 -56.4134 0.0181926
1.962 -56.3996 0.0180992
1.965 -56.386 0.0180067
1.968 -56.3723 0.0179149
1.971 -56.3588 0.017824
1.974 -56.3453 0.0177339
1.977 -56.3319 0.0176446
1.98 -56.3186 0.0175561
1.983 -56.3053 0.0174684
1.986 -56.2921 0.0173815
1.989 -56.2789 0.0172954
1.992 -56.2659 0.01721
1.995 -56.2528 0.0171254
1.998 -56.2399 0.0170415
2.001 -56.227 0.0169584
2.004 -56.2142 0.0168761
2.007 -56.2015 0.0167945
2.01 -56.1888 0.0167136
2.013 -56.1762 0.0166335
2.016 -56.1636 0.016554
2.019 -56.1511 0.0164753
2.022 -56.1387 0.0163973
2.025 -56.1263 0.01632
2.028 -56.114 0.0162434
2.031 -56.1018 0.0161675
2.034 -56.0896 0.0160923
2.037 -56.0775 0.0160178
2.04 -56.0655 0.0159439
2.043 -56.0535 0.0158707
2.046 -56.0415 0.0157982
2.049 -56.0297 0.0157263
2.052 -56.0179 0.0156551
2.055 -56.0061 0.0155846
2.058 -55.9945 0.0155146
2.061 -55.9829 0.0154454
2.064 -55.9713 0.0153767
2.067 -55.9598 0.0153087
2.07 -55.9484 0.0152413
2.073 -55.937 0.0151745
2.076 -55.9257 0.0151083
2.079 -55.9144 0.0150427
2.082 -55.9032 0.0149777
2.085 -55.8921 0.0149133
2.088 -55.881 0.0148496
2.091 -55.87 0.0147864
2.094 -55.859 0.0147237
2.097 -55.8481 0.0146617
2.1 -55.8373 0.0146002
2.103 -55.8265 0.0145393
2.106 -55.8158 0.0144789
2.109 -55.8051 0.0144192
2.112 -55.7945 0.0143599
2.115 -55.7839 0.0143012
2.118 -55.7734 0.0142431
2.121 -55.763 0.0141855
2.124 -55.7526 0.0141284
2.127 -55.7423 0.0140718
2.13 -55.732 0.0140158
2.133 -55.7218 0.0139603
2.136 -55.7116 0.0139053
2.139 -55.7015 0.0138508
2.142 -55.6914 0.0137968
2.145 -55.6814 0.0137434
2.148 -55.6715 0.0136904
2.151 -55.6616 0.0136379
2.154 -55.6517 0.0135859
2.157 -55.642 0.0135344
2.16 -55.6322 0.0134834
2.163 -55.6225 0.0134329
2.166 -55.6129 0.0133828
2.169 -55.6033 0.0133332
2.172 -55.5938 0.0132841
2.175 -55.5844 0.0132354
2.178 -55.5749 0.0131872
2.181 -55.5656 0.0131394
2.184 -55.5563 0.0130921
2.187 -55.547 0.0130452
2.19 -55.5378 0.0129988
2.193 -55.5286 0.0129528
2.196 -55.5195 0.0129073
2.199 -55.5105 0.0128622
2.202 -55.5015 0.0128175
2.205 -55.4925 0.0127732
2.208 -55.4836 0.0127294
2.211 -55.4748 0.0126859
2.214 -55.4659 0.0126429
2.217 -55.4572 0.0126003
2.22 -55.4485 0.0125581
2.223 -55.4398 0.0125163
2.226 -55.4312 0.0124749
2.229 -55.4227 0.0124339
2.232 -55.4141 0.0123932
2.235 -55.4057 0.012353
2.238 -55.3973 0.0123132
2.241 -55.3889 0.0122737
2.244 -55.3806 0.0122346
2.247 -55.3723 0.0121959
2.25 -55.3641 0.0121576
2.253 -55.3559 0.0121196
2.256 -55.3478 0.012082
2.259 -55.3397 0.0120447
2.262 -55.3316 0.0120079
2.265 -55.3236 0.0119713
2.268 -55.3157 0.0119352
2.271 -55.3078 0.0118993
2.274 -55.2999 0.0118638
2.277 -55.2921 0.0118287
2.28 -55.2843 0.0117939
2.283 -55.2766 0.0117595
2.286 -55.2689 0.0117253
2.289 -55.2613 0.0116915
2.292 -55.2537 0.0116581
2.295 -55.2462 0.0116249
2.298 -55.2387 0.0115921
2.301 -55.2312 0.0115596
2.304 -55.2238 0.0115275
2.307 -55.2164 0.0114956
2.31 -55.2091 0.011464
2.313 -55.2018 0.0114328
2.316 -55.1946 0.0114019
2.319 -55.1874 0.0113712
2.322 -55.1802 0.0113409
2.325 -55.1731 0.0113109
2.328 -55.166 0.0112811
2.331 -55.159 0.0112517
2.334 -55.152 0.0112225
2.337 -55.1451 0.0111937
2.34 -55.1382 0.0111651
2.343 -55.1313 0.0111368
2.346 -55.1245 0.0111088
2.349 -55.1177 0.0110811
2.352 -55.1109 0.0110536
2.355 -55.1042 0.0110264
2.358 -55.0976 0.0109995
2.361 -55.091 0.0109728
2.364 -55.0844 0.0109464
2.367 -55.0778 0.0109203
2.37 -55.0713 0.0108945
2.373 -55.0649 0.0108689
2.376 -55.0584 0.0108435
2.379 -55.052 0.0108184
2.382 -55.0457 0.0107936
2.385 -55.0394 0.010769
2.388 -55.0331 0.0107446
2.391 -55.0269 0.0107205
2.394 -55.0207 0.0106967
2.397 -55.0145 0.0106731
2.4 -55.0084 0.0106497
2.403 -55.0023 0.0106265
2.406 -54.9963 0.0106036
2.409 -54.9903 0.010581
2.412 -54.9843 0.0105585
2.415 -54.9783 0.0105363
2.418 -54.9724 0.0105143
2.421 -54.9666 0.0104925
2.424 -54.9608 0.010471
2.427 -54.955 0.0104497
2.43 -54.9492 0.0104286
2.433 -54.9435 0.0104077
2.436 -54.9378 0.010387
2.439 -54.9322 0.0103665
2.442 -54.9265 0.0103463
2.445 -54.921 0.0103262
2.448 -54.9154 0.0103064
2.451 -54.9099 0.0102867
2.454 -54.9044 0.0102673
2.457 -54.899 0.010248
2.46 -54.8936 0.010229
2.463 -54.8882 0.0102102
2.466 -54.8829 0.0101915
2.469 -54.8776 0.0101731
2.472 -54.8723 0.0101548
2.475 -54.867 0.0101367
2.478 -54.8618 0.0101188
2.481 -54.8567 0.0101011
2.484 -54.8515 0.0100836
2.487 -54.8464 0.0100663
2.49 -54.8413 0.0100491
2.493 -54.8363 0.0100322
2.496 -54.8313 0.0100154
2.499 -54.8263 0.00999876
2.502 -54.8213 0.00998232
2.505 -54.8164 0.00996605
2.508 -54.8115 0.00994995
2.511 -54.8067 0.00993402
2.514 -54.8019 0.00991826
2.517 -54.7971 0.00990266
2.52 -54.7923 0.00988723
2.523 -54.7876 0.00987196
2.526 -54.7829 0.00985686
2.529 -54.7782 0.00984191
2.532 -54.7735 0.00982713
2.535 -54.7689 0.0098125
2.538 -54.7644 0.00979803
2.541 -54.7598 0.00978371
2.544 -54.7553 0.00976954
2.547 -54.7508 0.00975553
2.55 -54.7463 0.00974167
2.553 -54.7419 0.00972795
2.556 -54.7375 0.00971438
2.559 -54.7331 0.00970096
2.562 -54.7288 0.00968768
2.565 -54.7244 0.00967455
2.568 -54.7201 0.00966156
2.571 -54.7159 0.0096487
2.574 -54.7116 0.00963599
2.577 -54.7074 0.00962342
2.58 -54.7033 0.00961098
2.583 -54.6991 0.00959867
2.586 -54.695 0.0095865
2.589 -54.6909 0.00957447
2.592 -54.6868 0.00956256
2.595 -54.6828 0.00955078
2.598 -54.6788 0.00953914
2.601 -54.6748 0.00952762
2.604 -54.6708 0.00951623
2.607 -54.6669 0.00950496
2.61 -54.6629 0.00949381
2.613 -54.6591 0.00948279
2.616 -54.6552 0.00947189
2.619 -54.6514 0.00946111
2.622 -54.6476 0.00945045
2.625 -54.6438 0.00943991
2.628 -54.64 0.00942949
2.631 -54.6363 0.00941918
2.634 -54.6326 0.00940899
2.637 -54.6289 0.0093989
2.64 -54.6252 0.00938894
2.643 -54.6216 0.00937908
2.646 -54.618 0.00936933
2.649 -54.6144 0.0093597
2.652 -54.6109 0.00935017
2.655 -54.6073 0.00934075
2.658 -54.6038 0.00933143
2.661 -54.6003 0.00932222
2.664 -54.5969 0.00931311
2.667 -54.5934 0.00930411
2.67 -54.59 0.00929521
2.673 -54.5866 0.00928641
2.676 -54.5833 0.00927771
2.679 -54.5799 0.00926911
2.682 -54.5766 0.0092606
2.685 -54.5733 0.0092522
2.688 -54.57 0.00924389
2.691 -54.5668 0.00923567
2.694 -54.5635 0.00922755
2.697 -54.5603 0.00921952
2.7 -54.5571 0.00921159
2.703 -54.554 0.00920374
2.706 -54.5508 0.00919599
2.709 -54.5477 0.00918833
2.712 -54.5446 0.00918075
2.715 -54.5415 0.00917327
2.718 -54.5385 0.00916587
2.721 -54.5354 0.00915855
2.724 -54.5324 0.00915133
2.727 -54.5294 0.00914418
2.73 -54.5264 0.00913712
2.733 -54.5235 0.00913014
2.736 -54.5206 0.00912325
2.739 -54.5176 0.00911643
2.742 -54.5148 0.0091097
2.745 -54.5119 0.00910304
2.748 -54.509 0.00909647
2.751 -54.5062 0.00908997
2.754 -54.5034 0.00908355
2.757 -54.5006 0.0090772
2.76 -54.4978 0.00907093
2.763 -54.4951 0.00906474
2.766 -54.4924 0.00905862
2.769 -54.4896 0.00905257
2.772 -54.4869 0.0090466
2.775 -54.4843 0.00904069
2.778 -54.4816 0.00903486
2.781 -54.479 0.0090291
2.784 -54.4764 0.00902341
2.787 -54.4738 0.00901779
2.79 -54.4712 0.00901223
2.793 -54.4686 0.00900674
2.796 -54.4661 0.00900132
2.799 -54.4636 0.00899597
2.802 -54.4611 0.00899068
2.805 -54.4586 0.00898545
2.808 -54.4561 0.00898029
2.811 -54.4537 0.0089752
2.814 -54.4512 0.00897016
2.817 -54.4488 0.00896519
2.82 -54.4464 0.00896028
2.823 -54.444 0.00895543
2.826 -54.4417 0.00895064
2.829 -54.4393 0.00894591
2.832 -54.437 0.00894124
2.835 -54.4347 0.00893663
2.838 -54.4324 0.00893207
2.841 -54.4301 0.00892757
2.844 -54.4278 0.00892313
2.847 -54.4256 0.00891875
2.85 -54.4234 0.00891441
2.853 -54.4212 0.00891014
2.856 -54.419 0.00890592
2.859 -54.4168 0.00890175
2.862 -54.4146 0.00889764
2.865 -54.4125 0.00889357
2.868 -54.4103 0.00888956
2.871 -54.4082 0.0088856
2.874 -54.4061 0.0088817
2.877 -54.404 0.00887784
2.88 -54.402 0.00887403
2.883 -54.3999 0.00887027
2.886 -54.3979 0.00886656
2.889 -54.3959 0.0088629
2.892 -54.3938 0.00885929
2.895 -54.3919 0.00885572
2.898 -54.3899 0.0088522
2.901 -54.3879 0.00884872
2.904 -54.386 0.0088453
2.907 -54.384 0.00884191
2.91 -54.3821 0.00883857
2.913 -54.3802 0.00883528
2.916 -54.3783 0.00883203
2.919 -54.3764 0.00882882
2.922 -54.3746 0.00882565
2.925 -54.3727 0.00882253
2.928 -54.3709 0.00881945
2.931 -54.3691 0.00881641
2.934 -54.3673 0.00881341
2.937 -54.3655 0.00881046
2.94 -54.3637 0.00880754
2.943 -54.3619 0.00880466
2.946 -54.3602 0.00880182
2.949 -54.3584 0.00879902
2.952 -54.3567 0.00879626
2.955 -54.355 0.00879353
2.958 -54.3533 0.00879085
2.961 -54.3516 0.0087882
2.964 -54.3499 0.00878558
2.967 -54.3483 0.00878301
2.97 -54.3466 0.00878047
2.973 -54.345 0.00877796
2.976 -54.3434 0.00877549
2.979 -54.3418 0.00877306
2.982 -54.3402 0.00877065
2.985 -54.3386 0.00876829
2.988 -54.337 0.00876595
2.991 -54.3354 0.00876365
2.994 -54.3339 0.00876138
2.997 -54.3324 0.00875915
