0 -40.0002 0.099999
0.03 -40.6666 0.0969226
0.06 -41.4429 0.0936617
0.09 -42.3282 0.090212
0.12 -43.3125 0.0865856
0.15 -44.376 0.0828117
0.18 -45.4911 0.078933
0.21 -46.6256 0.0750002
0.24 -47.7465 0.0710661
0.27 -48.8244 0.0671795
0.3 -49.8357 0.063382
0.33 -50.7642 0.0597066
0.36 -51.6001 0.0561774
0.39 -52.34 0.0528105
0.42 -52.9849 0.0496155
0.45 -53.5391 0.046597
0.48 -54.0091 0.0437554
0.51 -54.4025 0.0410883
0.54 -54.7273 0.0385913
0.57 -54.9916 0.0362585
0.6 -55.203 0.0340831
0.63 -55.3686 0.0320577
0.66 -55.4948 0.0301745
0.69 -55.5876 0.0284259
0.72 -55.6519 0.0268041
0.75 -55.6923 0.0253014
0.78 -55.7128 0.0239106
0.81 -55.7168 0.0226244
0.84 -55.7071 0.0214361
0.87 -55.6863 0.0203392
0.9 -55.6565 0.0193275
0.93 -55.6196 0.0183951
0.96 -55.5772 0.0175366
0.99 -55.5305 0.0167466
1.02 -55.4808 0.0160203
1.05 -55.4288 0.0153531
1.08 -55.3755 0.0147407
1.11 -55.3215 0.014179
1.14 -55.2672 0.0136642
1.17 -55.2133 0.0131928
1.2 -55.16 0.0127616
1.23 -55.1077 0.0123673
1.26 -55.0566 0.0120072
1.29 -55.0068 0.0116786
1.32 -54.9587 0.0113791
1.35 -54.9121 0.0111062
1.38 -54.8673 0.0108578
1.41 -54.8243 0.010632
1.44 -54.7831 0.010427
1.47 -54.7438 0.0102409
1.5 -54.7063 0.0100723
1.53 -54.6706 0.00991965
1.56 -54.6367 0.00978161
1.59 -54.6046 0.00965693
1.62 -54.5742 0.00954445
1.65 -54.5454 0.00944312
1.68 -54.5183 0.00935194
1.71 -54.4928 0.00927003
1.74 -54.4688 0.00919654
1.77 -54.4462 0.00913071
1.8 -54.425 0.00907184
1.83 -54.4051 0.00901929
1.86 -54.3865 0.00897246
1.89 -54.3692 0.00893081
1.92 -54.3529 0.00889384
1.95 -54.3378 0.00886111
1.98 -54.3237 0.00883219
2.01 -54.3105 0.00880671
2.04 -54.2983 0.00878433
2.07 -54.287 0.00876472
2.1 -54.2764 0.0087476
2.13 -54.2667 0.00873271
2.16 -54.2576 0.00871982
2.19 -54.2493 0.00870871
2.22 -54.2415 0.00869918
2.25 -54.2344 0.00869106
2.28 -54.2278 0.00868419
2.31 -54.2218 0.00867842
2.34 -54.2162 0.00867363
2.37 -54.2111 0.0086697
2.4 -54.2064 0.00866653
2.43 -54.202 0.00866401
2.46 -54.1981 0.00866207
2.49 -54.1944 0.00866063
2.52 -54.1911 0.00865962
2.55 -54.1881 0.00865899
2.58 -54.1853 0.00865867
2.61 -54.1828 0.00865862
2.64 -54.1805 0.0086588
2.67 -54.1784 0.00865917
2.7 -54.1765 0.00865969
2.73 -54.1748 0.00866035
2.76 -54.1732 0.00866111
2.79 -54.1718 0.00866195
2.82 -54.1705 0.00866286
2.85 -54.1693 0.0086638
2.88 -54.1683 0.00866478
2.91 -54.1674 0.00866578
2.94 -54.1665 0.00866678
2.97 -54.1657 0.00866779
3 -54.1651 0.00866878
3.03 -54.1645 0.00866976
3.06 -54.1639 0.00867072
3.09 -54.1634 0.00867165
3.12 -54.163 0.00867255
3.15 -54.1626 0.00867343
3.18 -54.1623 0.00867427
3.21 -54.162 0.00867508
3.24 -54.1617 0.00867585
3.27 -54.1615 0.00867659
3.3 -54.1613 0.00867729
3.33 -54.1611 0.00867796
3.36 -54.1609 0.00867859
3.39 -54.1608 0.00867918
3.42 -54.1607 0.00867975
3.45 -54.1606 0.00868028
3.48 -54.1605 0.00868078
3.51 -54.1604 0.00868125
3.54 -54.1604 0.00868168
3.57 -54.1603 0.0086821
3.6 -54.1603 0.00868248
3.63 -54.1602 0.00868284
3.66 -54.1602 0.00868317
3.69 -54.1602 0.00868348
3.72 -54.1602 0.00868377
3.75 -54.1602 0.00868404
3.78 -54.1602 0.00868429
3.81 -54.1602 0.00868452
3.84 -54.1602 0.00868473
3.87 -54.1602 0.00868493
3.9 -54.1602 0.00868511
3.93 -54.1602 0.00868528
3.96 -54.1602 0.00868543
3.99 -54.1602 0.00868557
4.02 -54.1602 0.0086857
4.05 -54.1602 0.00868582
4.08 -54.1602 0.00868593
4.11 -54.1602 0.00868603
4.14 -54.1602 0.00868612
4.17 -54.1602 0.00868621
4.2 -54.1602 0.00868629
4.23 -54.1603 0.00868636
4.26 -54.1603 0.00868642
4.29 -54.1603 0.00868648
4.32 -54.1603 0.00868653
4.35 -54.1603 0.00868658
4.38 -54.1603 0.00868662
4.41 -54.1603 0.00868666
4.44 -54.1603 0.00868669
4.47 -54.1603 0.00868673
4.5 -54.1603 0.00868675
4.53 -54.1603 0.00868678
4.56 -54.1604 0.0086868
4.59 -54.1604 0.00868682
4.62 -54.1604 0.00868684
4.65 -54.1604 0.00868686
4.68 -54.1604 0.00868688
4.71 -54.1604 0.00868689
4.74 -54.1604 0.0086869
4.77 -54.1604 0.00868691
4.8 -54.1604 0.00868692
4.83 -54.1604 0.00868693
4.86 -54.1604 0.00868694
4.89 -54.1604 0.00868694
4.92 -54.1604 0.00868695
4.95 -54.1604 0.00868695
4.98 -54.1604 0.00868696
5.01 -54.1604 0.00868696
5.04 -54.1604 0.00868696
5.07 -54.1604 0.00868697
5.1 -54.1604 0.00868697
5.13 -54.1604 0.00868697
5.16 -54.1604 0.00868697
5.19 -54.1604 0.00868697
5.22 -54.1604 0.00868697
5.25 -54.1604 0.00868698
5.28 -54.1604 0.00868698
5.31 -54.1604 0.00868698
5.34 -54.1604 0.00868698
5.37 -54.1604 0.00868698
5.4 -54.1604 0.00868698
5.43 -54.1604 0.00868698
5.46 -54.1604 0.00868698
5.49 -54.1604 0.00868698
5.52 -54.1604 0.00868698
5.55 -54.1604 0.00868698
5.58 -54.1604 0.00868698
5.61 -54.1604 0.00868698
5.64 -54.1604 0.00868698
5.67 -54.1604 0.00868698
5.7 -54.1604 0.00868698
5.73 -54.1604 0.00868698
5.76 -54.1604 0.00868697
5.79 -54.1604 0.00868697
5.82 -54.1604 0.00868697
5.85 -54.1604 0.00868697
5.88 -54.1604 0.00868697
5.91 -54.1604 0.00868697
5.94 -54.1604 0.00868697
5.97 -54.1604 0.00868697
6 -54.1604 0.00868697
6.03 -54.1604 0.00868697
6.06 -54.1604 0.00868697
6.09 -54.1604 0.00868697
6.12 -54.1604 0.00868697
6.15 -54.1604 0.00868697
6.18 -54.1604 0.00868697
6.21 -54.1604 0.00868697
6.24 -54.1604 0.00868697
6.27 -54.1604 0.00868697
6.3 -54.1604 0.00868697
6.33 -54.1604 0.00868697
6.36 -54.1604 0.00868697
6.39 -54.1604 0.00868697
6.42 -54.1604 0.00868697
6.45 -54.1604 0.00868697
6.48 -54.1604 0.00868697
6.51 -54.1604 0.00868697
6.54 -54.1604 0.00868697
6.57 -54.1604 0.00868697
6.6 -54.1604 0.00868697
6.63 -54.1604 0.00868697
6.66 -54.1604 0.00868697
6.69 -54.1604 0.00868697
6.72 -54.1604 0.00868697
6.75 -54.1604 0.00868697
6.78 -54.1604 0.00868697
6.81 -54.1604 0.00868697
6.84 -54.1604 0.00868697
6.87 -54.1604 0.00868697
6.9 -54.1604 0.00868697
6.93 -54.1604 0.00868697
6.96 -54.1604 0.00868697
6.99 -54.1604 0.00868697
7.02 -54.1604 0.00868697
7.05 -54.1604 0.00868697
7.08 -54.1604 0.00868697
7.11 -54.1604 0.00868697
7.14 -54.1604 0.00868697
7.17 -54.1604 0.00868697
7.2 -54.1604 0.00868697
7.23 -54.1604 0.00868697
7.26 -54.1604 0.00868697
7.29 -54.1604 0.00868697
7.32 -54.1604 0.00868697
7.35 -54.1604 0.00868697
7.38 -54.1604 0.00868697
7.41 -54.1604 0.00868697
7.44 -54.1604 0.00868697
7.47 -54.1604 0.00868697
7.5 -54.1604 0.00868697
7.53 -54.1604 0.00868697
7.56 -54.1604 0.00868697
7.59 -54.1604 0.00868697
7.62 -54.1604 0.00868697
7.65 -54.1604 0.00868697
7.68 -54.1604 0.00868697
7.71 -54.1604 0.00868697
7.74 -54.1604 0.00868697
7.77 -54.1604 0.00868697
7.8 -54.1604 0.00868697
7.83 -54.1604 0.00868697
7.86 -54.1604 0.00868697
7.89 -54.1604 0.00868697
7.92 -54.1604 0.00868697
7.95 -54.1604 0.00868697
7.98 -54.1604 0.00868697
8.01 -54.1604 0.00868697
8.04 -54.1604 0.00868697
8.07 -54.1604 0.00868697
8.1 -54.1604 0.00868697
8.13 -54.1604 0.00868697
8.16 -54.1604 0.00868697
8.19 -54.1604 0.00868697
8.22 -54.1604 0.00868697
8.25 -54.1604 0.00868697
8.28 -54.1604 0.00868697
8.31 -54.1604 0.00868697
8.34 -54.1604 0.00868697
8.37 -54.1604 0.00868697
8.4 -54.1604 0.00868697
8.43 -54.1604 0.00868697
8.46 -54.1604 0.00868697
8.49 -54.1604 0.00868697
8.52 -54.1604 0.00868697
8.55 -54.1604 0.00868697
8.58 -54.1604 0.00868697
8.61 -54.1604 0.00868697
8.64 -54.1604 0.00868697
8.67 -54.1604 0.00868697
8.7 -54.1604 0.00868697
8.73 -54.1604 0.00868697
8.76 -54.1604 0.00868697
8.79 -54.1604 0.00868697
8.82 -54.1604 0.00868697
8.85 -54.1604 0.00868697
8.88 -54.1604 0.00868697
8.91 -54.1604 0.00868697
8.94 -54.1604 0.00868697
8.97 -54.1604 0.00868697
9 -54.1604 0.00868697
9.03 -54.1604 0.00868697
9.06 -54.1604 0.00868697
9.09 -54.1604 0.00868697
9.12 -54.1604 0.00868697
9.15 -54.1604 0.00868697
9.18 -54.1604 0.00868697
9.21 -54.1604 0.00868697
9.24 -54.1604 0.00868697
9.27 -54.1604 0.00868697
9.3 -54.1604 0.00868697
9.33 -54.1604 0.00868697
9.36 -54.1604 0.00868697
9.39 -54.1604 0.00868697
9.42 -54.1604 0.00868697
9.45 -54.1604 0.00868697
9.48 -54.1604 0.00868697
9.51 -54.1604 0.00868697
9.54 -54.1604 0.00868697
9.57 -54.1604 0.00868697
9.6 -54.1604 0.00868697
9.63 -54.1604 0.00868697
9.66 -54.1604 0.00868697
9.69 -54.1604 0.00868697
9.72 -54.1604 0.00868697
9.75 -54.1604 0.00868697
9.78 -54.1604 0.00868697
9.81 -54.1604 0.00868697
9.84 -54.1604 0.00868697
9.87 -54.1604 0.00868697
9.9 -54.1604 0.00868697
9.93 -54.1604 0.00868697
9.96 -54.1604 0.00868697
9.99 -54.1604 0.00868697
10.02 -54.1604 0.00868697
10.05 -54.1604 0.00868697
10.08 -54.1604 0.00868697
10.11 -54.1604 0.00868697
10.14 -54.1604 0.00868697
10.17 -54.1604 0.00868697
10.2 -54.1604 0.00868697
10.23 -54.1604 0.00868697
10.26 -54.1604 0.00868697
10.29 -54.1604 0.00868697
10.32 -54.1604 0.00868697
10.35 -54.1604 0.00868697
10.38 -54.1604 0.00868697
10.41 -54.1604 0.00868697
10.44 -54.1604 0.00868697
10.47 -54.1604 0.00868697
10.5 -54.1604 0.00868697
10.53 -54.1604 0.00868697
10.56 -54.1604 0.00868697
10.59 -54.1604 0.00868697
10.62 -54.1604 0.00868697
10.65 -54.1604 0.00868697
10.68 -54.1604 0.00868697
10.71 -54.1604 0.00868697
10.74 -54.1604 0.00868697
10.77 -54.1604 0.00868697
10.8 -54.1604 0.00868697
10.83 -54.1604 0.00868697
10.86 -54.1604 0.00868697
10.89 -54.1604 0.00868697
10.92 -54.1604 0.00868697
10.95 -54.1604 0.00868697
10.98 -54.1604 0.00868697
11.01 -54.1604 0.00868697
11.04 -54.1604 0.00868697
11.07 -54.1604 0.00868697
11.1 -54.1604 0.00868697
11.13 -54.1604 0.00868697
11.16 -54.1604 0.00868697
11.19 -54.1604 0.00868697
11.22 -54.1604 0.00868697
11.25 -54.1604 0.00868697
11.28 -54.1604 0.00868697
11.31 -54.1604 0.00868697
11.34 -54.1604 0.00868697
11.37 -54.1604 0.00868697
11.4 -54.1604 0.00868697
11.43 -54.1604 0.00868697
11.46 -54.1604 0.00868697
11.49 -54.1604 0.00868697
11.52 -54.1604 0.00868697
11.55 -54.1604 0.00868697
11.58 -54.1604 0.00868697
11.61 -54.1604 0.00868697
11.64 -54.1604 0.00868697
11.67 -54.1604 0.00868697
11.7 -54.1604 0.00868697
11.73 -54.1604 0.00868697
11.76 -54.1604 0.00868697
11.79 -54.1604 0.00868697
11.82 -54.1604 0.00868697
11.85 -54.1604 0.00868697
11.88 -54.1604 0.00868697
11.91 -54.1604 0.00868697
11.94 -54.1604 0.00868697
11.97 -54.1604 0.00868697
12 -54.1604 0.00868697
12.03 -54.1604 0.00868697
12.06 -54.1604 0.00868697
12.09 -54.1604 0.00868697
12.12 -54.1604 0.00868697
12.15 -54.1604 0.00868697
12.18 -54.1604 0.00868697
12.21 -54.1604 0.00868697
12.24 -54.1604 0.00868697
12.27 -54.1604 0.00868697
12.3 -54.1604 0.00868697
12.33 -54.1604 0.00868697
12.36 -54.1604 0.00868697
12.39 -54.1604 0.00868697
12.42 -54.1604 0.00868697
12.45 -54.1604 0.00868697
12.48 -54.1604 0.00868697
12.51 -54.1604 0.00868697
12.54 -54.1604 0.00868697
12.57 -54.1604 0.00868697
12.6 -54.1604 0.00868697
12.63 -54.1604 0.00868697
12.66 -54.1604 0.00868697
12.69 -54.1604 0.00868697
12.72 -54.1604 0.00868697
12.75 -54.1604 0.00868697
12.78 -54.1604 0.00868697
12.81 -54.1604 0.00868697
12.84 -54.1604 0.00868697
12.87 -54.1604 0.00868697
12.9 -54.1604 0.00868697
12.93 -54.1604 0.00868697
12.96 -54.1604 0.00868697
12.99 -54.1604 0.00868697
13.02 -54.1604 0.00868697
13.05 -54.1604 0.00868697
13.08 -54.1604 0.00868697
13.11 -54.1604 0.00868697
13.14 -54.1604 0.00868697
13.17 -54.1604 0.00868697
13.2 -54.1604 0.00868697
13.23 -54.1604 0.00868697
13.26 -54.1604 0.00868697
13.29 -54.1604 0.00868697
13.32 -54.1604 0.00868697
13.35 -54.1604 0.00868697
13.38 -54.1604 0.00868697
13.41 -54.1604 0.00868697
13.44 -54.1604 0.00868697
13.47 -54.1604 0.00868697
13.5 -54.1604 0.00868697
13.53 -54.1604 0.00868697
13.56 -54.1604 0.00868697
13.59 -54.1604 0.00868697
13.62 -54.1604 0.00868697
13.65 -54.1604 0.00868697
13.68 -54.1604 0.00868697
13.71 -54.1604 0.00868697
13.74 -54.1604 0.00868697
13.77 -54.1604 0.00868697
13.8 -54.1604 0.00868697
13.83 -54.1604 0.00868697
13.86 -54.1604 0.00868697
13.89 -54.1604 0.00868697
13.92 -54.1604 0.00868697
13.95 -54.1604 0.00868697
13.98 -54.1604 0.00868697
14.01 -54.1604 0.00868697
14.04 -54.1604 0.00868697
14.07 -54.1604 0.00868697
14.1 -54.1604 0.00868697
14.13 -54.1604 0.00868697
14.16 -54.1604 0.00868697
14.19 -54.1604 0.00868697
14.22 -54.1604 0.00868697
14.25 -54.1604 0.00868697
14.28 -54.1604 0.00868697
14.31 -54.1604 0.00868697
14.34 -54.1604 0.00868697
14.37 -54.1604 0.00868697
14.4 -54.1604 0.00868697
14.43 -54.1604 0.00868697
14.46 -54.1604 0.00868697
14.49 -54.1604 0.00868697
14.52 -54.1604 0.00868697
14.55 -54.1604 0.00868697
14.58 -54.1604 0.00868697
14.61 -54.1604 0.00868697
14.64 -54.1604 0.00868697
14.67 -54.1604 0.00868697
14.7 -54.1604 0.00868697
14.73 -54.1604 0.00868697
14.76 -54.1604 0.00868697
14.79 -54.1604 0.00868697
14.82 -54.1604 0.00868697
14.85 -54.1604 0.00868697
14.88 -54.1604 0.00868697
14.91 -54.1604 0.00868697
14.94 -54.1604 0.00868697
14.97 -54.1604 0.00868697
15 -54.1604 0.00868697
15.03 -54.1604 0.00868697
15.06 -54.1604 0.00868697
15.09 -54.1604 0.00868697
15.12 -54.1604 0.00868697
15.15 -54.1604 0.00868697
15.18 -54.1604 0.00868697
15.21 -54.1604 0.00868697
15.24 -54.1604 0.00868697
15.27 -54.1604 0.00868697
15.3 -54.1604 0.00868697
15.33 -54.1604 0.00868697
15.36 -54.1604 0.00868697
15.39 -54.1604 0.00868697
15.42 -54.1604 0.00868697
15.45 -54.1604 0.00868697
15.48 -54.1604 0.00868697
15.51 -54.1604 0.00868697
15.54 -54.1604 0.00868697
15.57 -54.1604 0.00868697
15.6 -54.1604 0.00868697
15.63 -54.1604 0.00868697
15.66 -54.1604 0.00868697
15.69 -54.1604 0.00868697
15.72 -54.1604 0.00868697
15.75 -54.1604 0.00868697
15.78 -54.1604 0.00868697
15.81 -54.1604 0.00868697
15.84 -54.1604 0.00868697
15.87 -54.1604 0.00868697
15.9 -54.1604 0.00868697
15.93 -54.1604 0.00868697
15.96 -54.1604 0.00868697
15.99 -54.1604 0.00868697
16.02 -54.1604 0.00868697
16.05 -54.1604 0.00868697
16.08 -54.1604 0.00868697
16.11 -54.1604 0.00868697
16.14 -54.1604 0.00868697
16.17 -54.1604 0.00868697
16.2 -54.1604 0.00868697
16.23 -54.1604 0.00868697
16.26 -54.1604 0.00868697
16.29 -54.1604 0.00868697
16.32 -54.1604 0.00868697
16.35 -54.1604 0.00868697
16.38 -54.1604 0.00868697
16.41 -54.1604 0.00868697
16.44 -54.1604 0.00868697
16.47 -54.1604 0.00868697
16.5 -54.1604 0.00868697
16.53 -54.1604 0.00868697
16.56 -54.1604 0.00868697
16.59 -54.1604 0.00868697
16.62 -54.1604 0.00868697
16.65 -54.1604 0.00868697
16.68 -54.1604 0.00868697
16.71 -54.1604 0.00868697
16.74 -54.1604 0.00868697
16.77 -54.1604 0.00868697
16.8 -54.1604 0.00868697
16.83 -54.1604 0.00868697
16.86 -54.1604 0.00868697
16.89 -54.1604 0.00868697
16.92 -54.1604 0.00868697
16.95 -54.1604 0.00868697
16.98 -54.1604 0.00868697
17.01 -54.1604 0.00868697
17.04 -54.1604 0.00868697
17.07 -54.1604 0.00868697
17.1 -54.1604 0.00868697
17.13 -54.1604 0.00868697
17.16 -54.1604 0.00868697
17.19 -54.1604 0.00868697
17.22 -54.1604 0.00868697
17.25 -54.1604 0.00868697
17.28 -54.1604 0.00868697
17.31 -54.1604 0.00868697
17.34 -54.1604 0.00868697
17.37 -54.1604 0.00868697
17.4 -54.1604 0.00868697
17.43 -54.1604 0.00868697
17.46 -54.1604 0.00868697
17.49 -54.1604 0.00868697
17.52 -54.1604 0.00868697
17.55 -54.1604 0.00868697
17.58 -54.1604 0.00868697
17.61 -54.1604 0.00868697
17.64 -54.1604 0.00868697
17.67 -54.1604 0.00868697
17.7 -54.1604 0.00868697
17.73 -54.1604 0.00868697
17.76 -54.1604 0.00868697
17.79 -54.1604 0.00868697
17.82 -54.1604 0.00868697
17.85 -54.1604 0.00868697
17.88 -54.1604 0.00868697
17.91 -54.1604 0.00868697
17.94 -54.1604 0.00868697
17.97 -54.1604 0.00868697
18 -54.1604 0.00868697
18.03 -54.1604 0.00868697
18.06 -54.1604 0.00868697
18.09 -54.1604 0.00868697
18.12 -54.1604 0.00868697
18.15 -54.1604 0.00868697
18.18 -54.1604 0.00868697
18.21 -54.1604 0.00868697
18.24 -54.1604 0.00868697
18.27 -54.1604 0.00868697
18.3 -54.1604 0.00868697
18.33 -54.1604 0.00868697
18.36 -54.1604 0.00868697
18.39 -54.1604 0.00868697
18.42 -54.1604 0.00868697
18.45 -54.1604 0.00868697
18.48 -54.1604 0.00868697
18.51 -54.1604 0.00868697
18.54 -54.1604 0.00868697
18.57 -54.1604 0.00868697
18.6 -54.1604 0.00868697
18.63 -54.1604 0.00868697
18.66 -54.1604 0.00868697
18.69 -54.1604 0.00868697
18.72 -54.1604 0.00868697
18.75 -54.1604 0.00868697
18.78 -54.1604 0.00868697
18.81 -54.1604 0.00868697
18.84 -54.1604 0.00868697
18.87 -54.1604 0.00868697
18.9 -54.1604 0.00868697
18.93 -54.1604 0.00868697
18.96 -54.1604 0.00868697
18.99 -54.1604 0.00868697
19.02 -54.1604 0.00868697
19.05 -54.1604 0.00868697
19.08 -54.1604 0.00868697
19.11 -54.1604 0.00868697
19.14 -54.1604 0.00868697
19.17 -54.1604 0.00868697
19.2 -54.1604 0.00868697
19.23 -54.1604 0.00868697
19.26 -54.1604 0.00868697
19.29 -54.1604 0.00868697
19.32 -54.1604 0.00868697
19.35 -54.1604 0.00868697
19.38 -54.1604 0.00868697
19.41 -54.1604 0.00868697
19.44 -54.1604 0.00868697
19.47 -54.1604 0.00868697
19.5 -54.1604 0.00868697
19.53 -54.1604 0.00868697
19.56 -54.1604 0.00868697
19.59 -54.1604 0.00868697
19.62 -54.1604 0.00868697
19.65 -54.1604 0.00868697
19.68 -54.1604 0.00868697
19.71 -54.1604 0.00868697
19.74 -54.1604 0.00868697
19.77 -54.1604 0.00868697
19.8 -54.1604 0.00868697
19.83 -54.1604 0.00868697
19.86 -54.1604 0.00868697
19.89 -54.1604 0.00868697
19.92 -54.1604 0.00868697
19.95 -54.1604 0.00868697
19.98 -54.1604 0.00868697
20.01 -54.1604 0.00868697
20.04 -54.1604 0.00868697
20.07 -54.1604 0.00868697
20.1 -54.1604 0.00868697
20.13 -54.1604 0.00868697
20.16 -54.1604 0.00868697
20.19 -54.1604 0.00868697
20.22 -54.1604 0.00868697
20.25 -54.1604 0.00868697
20.28 -54.1604 0.00868697
20.31 -54.1604 0.00868697
20.34 -54.1604 0.00868697
20.37 -54.1604 0.00868697
20.4 -54.1604 0.00868697
20.43 -54.1604 0.00868697
20.46 -54.1604 0.00868697
20.49 -54.1604 0.00868697
20.52 -54.1604 0.00868697
20.55 -54.1604 0.00868697
20.58 -54.1604 0.00868697
20.61 -54.1604 0.00868697
20.64 -54.1604 0.00868697
20.67 -54.1604 0.00868697
20.7 -54.1604 0.00868697
20.73 -54.1604 0.00868697
20.76 -54.1604 0.00868697
20.79 -54.1604 0.00868697
20.82 -54.1604 0.00868697
20.85 -54.1604 0.00868697
20.88 -54.1604 0.00868697
20.91 -54.1604 0.00868697
20.94 -54.1604 0.00868697
20.97 -54.1604 0.00868697
21 -54.1604 0.00868697
21.03 -54.1604 0.00868697
21.06 -54.1604 0.00868697
21.09 -54.1604 0.00868697
21.12 -54.1604 0.00868697
21.15 -54.1604 0.00868697
21.18 -54.1604 0.00868697
21.21 -54.1604 0.00868697
21.24 -54.1604 0.00868697
21.27 -54.1604 0.00868697
21.3 -54.1604 0.00868697
21.33 -54.1604 0.00868697
21.36 -54.1604 0.00868697
21.39 -54.1604 0.00868697
21.42 -54.1604 0.00868697
21.45 -54.1604 0.00868697
21.48 -54.1604 0.00868697
21.51 -54.1604 0.00868697
21.54 -54.1604 0.00868697
21.57 -54.1604 0.00868697
21.6 -54.1604 0.00868697
21.63 -54.1604 0.00868697
21.66 -54.1604 0.00868697
21.69 -54.1604 0.00868697
21.72 -54.1604 0.00868697
21.75 -54.1604 0.00868697
21.78 -54.1604 0.00868697
21.81 -54.1604 0.00868697
21.84 -54.1604 0.00868697
21.87 -54.1604 0.00868697
21.9 -54.1604 0.00868697
21.93 -54.1604 0.00868697
21.96 -54.1604 0.00868697
21.99 -54.1604 0.00868697
22.02 -54.1604 0.00868697
22.05 -54.1604 0.00868697
22.08 -54.1604 0.00868697
22.11 -54.1604 0.00868697
22.14 -54.1604 0.00868697
22.17 -54.1604 0.00868697
22.2 -54.1604 0.00868697
22.23 -54.1604 0.00868697
22.26 -54.1604 0.00868697
22.29 -54.1604 0.00868697
22.32 -54.1604 0.00868697
22.35 -54.1604 0.00868697
22.38 -54.1604 0.00868697
22.41 -54.1604 0.00868697
22.44 -54.1604 0.00868697
22.47 -54.1604 0.00868697
22.5 -54.1604 0.00868697
22.53 -54.1604 0.00868697
22.56 -54.1604 0.00868697
22.59 -54.1604 0.00868697
22.62 -54.1604 0.00868697
22.65 -54.1604 0.00868697
22.68 -54.1604 0.00868697
22.71 -54.1604 0.00868697
22.74 -54.1604 0.00868697
22.77 -54.1604 0.00868697
22.8 -54.1604 0.00868697
22.83 -54.1604 0.00868697
22.86 -54.1604 0.00868697
22.89 -54.1604 0.00868697
22.92 -54.1604 0.00868697
22.95 -54.1604 0.00868697
22.98 -54.1604 0.00868697
23.01 -54.1604 0.00868697
23.04 -54.1604 0.00868697
23.07 -54.1604 0.00868697
23.1 -54.1604 0.00868697
23.13 -54.1604 0.00868697
23.16 -54.1604 0.00868697
23.19 -54.1604 0.00868697
23.22 -54.1604 0.00868697
23.25 -54.1604 0.00868697
23.28 -54.1604 0.00868697
23.31 -54.1604 0.00868697
23.34 -54.1604 0.00868697
23.37 -54.1604 0.00868697
23.4 -54.1604 0.00868697
23.43 -54.1604 0.00868697
23.46 -54.1604 0.00868697
23.49 -54.1604 0.00868697
23.52 -54.1604 0.00868697
23.55 -54.1604 0.00868697
23.58 -54.1604 0.00868697
23.61 -54.1604 0.00868697
23.64 -54.1604 0.00868697
23.67 -54.1604 0.00868697
23.7 -54.1604 0.00868697
23.73 -54.1604 0.00868697
23.76 -54.1604 0.00868697
23.79 -54.1604 0.00868697
23.82 -54.1604 0.00868697
23.85 -54.1604 0.00868697
23.88 -54.1604 0.00868697
23.91 -54.1604 0.00868697
23.94 -54.1604 0.00868697
23.97 -54.1604 0.00868697
24 -54.1604 0.00868697
24.03 -54.1604 0.00868697
24.06 -54.1604 0.00868697
24.09 -54.1604 0.00868697
24.12 -54.1604 0.00868697
24.15 -54.1604 0.00868697
24.18 -54.1604 0.00868697
24.21 -54.1604 0.00868697
24.24 -54.1604 0.00868697
24.27 -54.1604 0.00868697
24.3 -54.1604 0.00868697
24.33 -54.1604 0.00868697
24.36 -54.1604 0.00868697
24.39 -54.1604 0.00868697
24.42 -54.1604 0.00868697
24.45 -54.1604 0.00868697
24.48 -54.1604 0.00868697
24.51 -54.1604 0.00868697
24.54 -54.1604 0.00868697
24.57 -54.1604 0.00868697
24.6 -54.1604 0.00868697
24.63 -54.1604 0.00868697
24.66 -54.1604 0.00868697
24.69 -54.1604 0.00868697
24.72 -54.1604 0.00868697
24.75 -54.1604 0.00868697
24.78 -54.1604 0.00868697
24.81 -54.1604 0.00868697
24.84 -54.1604 0.00868697
24.87 -54.1604 0.00868697
24.9 -54.1604 0.00868697
24.93 -54.1604 0.00868697
24.96 -54.1604 0.00868697
24.99 -54.1604 0.00868697
25.02 -54.1604 0.00868697
25.05 -54.1604 0.00868697
25.08 -54.1604 0.00868697
25.11 -54.1604 0.00868697
25.14 -54.1604 0.00868697
25.17 -54.1604 0.00868697
25.2 -54.1604 0.00868697
25.23 -54.1604 0.00868697
25.26 -54.1604 0.00868697
25.29 -54.1604 0.00868697
25.32 -54.1604 0.00868697
25.35 -54.1604 0.00868697
25.38 -54.1604 0.00868697
25.41 -54.1604 0.00868697
25.44 -54.1604 0.00868697
25.47 -54.1604 0.00868697
25.5 -54.1604 0.00868697
25.53 -54.1604 0.00868697
25.56 -54.1604 0.00868697
25.59 -54.1604 0.00868697
25.62 -54.1604 0.00868697
25.65 -54.1604 0.00868697
25.68 -54.1604 0.00868697
25.71 -54.1604 0.00868697
25.74 -54.1604 0.00868697
25.77 -54.1604 0.00868697
25.8 -54.1604 0.00868697
25.83 -54.1604 0.00868697
25.86 -54.1604 0.00868697
25.89 -54.1604 0.00868697
25.92 -54.1604 0.00868697
25.95 -54.1604 0.00868697
25.98 -54.1604 0.00868697
26.01 -54.1604 0.00868697
26.04 -54.1604 0.00868697
26.07 -54.1604 0.00868697
26.1 -54.1604 0.00868697
26.13 -54.1604 0.00868697
26.16 -54.1604 0.00868697
26.19 -54.1604 0.00868697
26.22 -54.1604 0.00868697
26.25 -54.1604 0.00868697
26.28 -54.1604 0.00868697
26.31 -54.1604 0.00868697
26.34 -54.1604 0.00868697
26.37 -54.1604 0.00868697
26.4 -54.1604 0.00868697
26.43 -54.1604 0.00868697
26.46 -54.1604 0.00868697
26.49 -54.1604 0.00868697
26.52 -54.1604 0.00868697
26.55 -54.1604 0.00868697
26.58 -54.1604 0.00868697
26.61 -54.1604 0.00868697
26.64 -54.1604 0.00868697
26.67 -54.1604 0.00868697
26.7 -54.1604 0.00868697
26.73 -54.1604 0.00868697
26.76 -54.1604 0.00868697
26.79 -54.1604 0.00868697
26.82 -54.1604 0.00868697
26.85 -54.1604 0.00868697
26.88 -54.1604 0.00868697
26.91 -54.1604 0.00868697
26.94 -54.1604 0.00868697
26.97 -54.1604 0.00868697
27 -54.1604 0.00868697
27.03 -54.1604 0.00868697
27.06 -54.1604 0.00868697
27.09 -54.1604 0.00868697
27.12 -54.1604 0.00868697
27.15 -54.1604 0.00868697
27.18 -54.1604 0.00868697
27.21 -54.1604 0.00868697
27.24 -54.1604 0.00868697
27.27 -54.1604 0.00868697
27.3 -54.1604 0.00868697
27.33 -54.1604 0.00868697
27.36 -54.1604 0.00868697
27.39 -54.1604 0.00868697
27.42 -54.1604 0.00868697
27.45 -54.1604 0.00868697
27.48 -54.1604 0.00868697
27.51 -54.1604 0.00868697
27.54 -54.1604 0.00868697
27.57 -54.1604 0.00868697
27.6 -54.1604 0.00868697
27.63 -54.1604 0.00868697
27.66 -54.1604 0.00868697
27.69 -54.1604 0.00868697
27.72 -54.1604 0.00868697
27.75 -54.1604 0.00868697
27.78 -54.1604 0.00868697
27.81 -54.1604 0.00868697
27.84 -54.1604 0.00868697
27.87 -54.1604 0.00868697
27.9 -54.1604 0.00868697
27.93 -54.1604 0.00868697
27.96 -54.1604 0.00868697
27.99 -54.1604 0.00868697
28.02 -54.1604 0.00868697
28.05 -54.1604 0.00868697
28.08 -54.1604 0.00868697
28.11 -54.1604 0.00868697
28.14 -54.1604 0.00868697
28.17 -54.1604 0.00868697
28.2 -54.1604 0.00868697
28.23 -54.1604 0.00868697
28.26 -54.1604 0.00868697
28.29 -54.1604 0.00868697
28.32 -54.1604 0.00868697
28.35 -54.1604 0.00868697
28.38 -54.1604 0.00868697
28.41 -54.1604 0.00868697
28.44 -54.1604 0.00868697
28.47 -54.1604 0.00868697
28.5 -54.1604 0.00868697
28.53 -54.1604 0.00868697
28.56 -54.1604 0.00868697
28.59 -54.1604 0.00868697
28.62 -54.1604 0.00868697
28.65 -54.1604 0.00868697
28.68 -54.1604 0.00868697
28.71 -54.1604 0.00868697
28.74 -54.1604 0.00868697
28.77 -54.1604 0.00868697
28.8 -54.1604 0.00868697
28.83 -54.1604 0.00868697
28.86 -54.1604 0.00868697
28.89 -54.1604 0.00868697
28.92 -54.1604 0.00868697
28.95 -54.1604 0.00868697
28.98 -54.1604 0.00868697
29.01 -54.1604 0.00868697
29.04 -54.1604 0.00868697
29.07 -54.1604 0.00868697
29.1 -54.1604 0.00868697
29.13 -54.1604 0.00868697
29.16 -54.1604 0.00868697
29.19 -54.1604 0.00868697
29.22 -54.1604 0.00868697
29.25 -54.1604 0.00868697
29.28 -54.1604 0.00868697
29.31 -54.1604 0.00868697
29.34 -54.1604 0.00868697
29.37 -54.1604 0.00868697
29.4 -54.1604 0.00868697
29.43 -54.1604 0.00868697
29.46 -54.1604 0.00868697
29.49 -54.1604 0.00868697
29.52 -54.1604 0.00868697
29.55 -54.1604 0.00868697
29.58 -54.1604 0.00868697
29.61 -54.1604 0.00868697
29.64 -54.1604 0.00868697
29.67 -54.1604 0.00868697
29.7 -54.1604 0.00868697
29.73 -54.1604 0.00868697
29.76 -54.1604 0.00868697
29.79 -54.1604 0.00868697
29.82 -54.1604 0.00868697
29.85 -54.1604 0.00868697
29.88 -54.1604 0.00868697
29.91 -54.1604 0.00868697
29.94 -54.1604 0.00868697
29.97 -54.1604 0.00868697
