0 -72.0001 1.28473e-06
0.003 -78.7773 0.000322886
0.006 -86.238 0.000494362
0.009 -88.9941 0.000608059
0.012 -89.6681 0.000706521
0.015 -89.8057 0.000800235
0.018 -89.8406 0.000891408
0.021 -89.8577 0.000980466
0.024 -89.8702 0.00106752
0.027 -89.8804 0.00115265
0.03 -89.8888 0.0012359
0.033 -89.896 0.00131733
0.036 -89.9021 0.00139698
0.039 -89.9074 0.0014749
0.042 -89.9121 0.00155112
0.045 -89.9162 0.0016257
0.048 -89.9199 0.00169867
0.051 -89.9232 0.00177006
0.054 -89.9261 0.00183992
0.057 -89.9288 0.00190827
0.06 -89.9313 0.00197516
0.063 -89.9335 0.00204061
0.066 -89.9355 0.00210465
0.069 -89.9374 0.00216732
0.072 -89.9392 0.00222865
0.075 -89.9408 0.00228867
0.078 -89.9423 0.0023474
0.081 -89.9436 0.00240488
0.084 -89.9449 0.00246113
0.087 -89.9462 0.00251617
0.09 -89.9473 0.00257004
0.093 -89.9484 0.00262276
0.096 -89.9494 0.00267435
0.099 -89.9503 0.00272484
0.102 -89.9512 0.00277426
0.105 -89.952 0.00282262
0.108 -89.9528 0.00286995
0.111 -89.9536 0.00291627
0.114 -89.9543 0.0029616
0.117 -89.955 0.00300596
0.12 -89.9556 0.00304938
0.123 -89.9562 0.00309188
0.126 -89.9568 0.00313347
0.129 -89.9574 0.00317417
0.132 -89.9579 0.00321401
0.135 -89.9584 0.00325299
0.138 -89.9589 0.00329115
0.141 -89.9593 0.0033285
0.144 -89.9598 0.00336504
0.147 -89.9602 0.00340082
0.15 -89.9606 0.00343582
0.153 -89.961 0.00347009
0.156 -89.9614 0.00350362
0.159 -89.9617 0.00353644
0.162 -89.9621 0.00356857
0.165 -89.9624 0.00360001
0.168 -89.9627 0.00363078
0.171 -89.963 0.00366089
0.174 -89.9633 0.00369037
0.177 -89.9636 0.00371921
0.18 -89.9639 0.00374745
0.183 -89.9642 0.00377508
0.186 -89.9644 0.00380212
0.189 -89.9647 0.00382859
0.192 -89.9649 0.0038545
0.195 -89.9651 0.00387986
0.198 -89.9654 0.00390467
0.201 -89.9656 0.00392896
0.204 -89.9658 0.00395273
0.207 -89.966 0.003976
0.21 -89.9662 0.00399877
0.213 -89.9664 0.00402106
0.216 -89.9665 0.00404287
0.219 -89.9667 0.00406422
0.222 -89.9669 0.00408512
0.225 -89.967 0.00410557
0.228 -89.9672 0.00412559
0.231 -89.9674 0.00414518
0.234 -89.9675 0.00416435
0.237 -89.9677 0.00418312
0.24 -89.9678 0.00420149
0.243 -89.9679 0.00421946
0.246 -89.9681 0.00423706
0.249 -89.9682 0.00425428
0.252 -89.9683 0.00427114
0.255 -89.9684 0.00428763
0.258 -89.9686 0.00430378
0.261 -89.9687 0.00431958
0.264 -89.9688 0.00433505
0.267 -89.9689 0.00435019
0.27 -89.969 0.004365
0.273 -89.9691 0.0043795
0.276 -89.9692 0.0043937
0.279 -89.9693 0.00440759
0.282 -89.9694 0.00442119
0.285 -89.9695 0.00443449
0.288 -89.9696 0.00444752
0.291 -89.9697 0.00446027
0.294 -89.9698 0.00447274
0.297 -89.9698 0.00448495
0.3 -89.9699 0.00449691
0.303 -89.97 0.0045086
0.306 -89.9701 0.00452005
0.309 -89.9701 0.00453126
0.312 -89.9702 0.00454223
0.315 -89.9703 0.00455296
0.318 -89.9704 0.00456347
0.321 -89.9704 0.00457375
0.324 -89.9705 0.00458382
0.327 -89.9706 0.00459367
0.33 -89.9706 0.00460331
0.333 -89.9707 0.00461275
0.336 -89.9707 0.00462199
0.339 -89.9708 0.00463103
0.342 -89.9708 0.00463987
0.345 -89.9709 0.00464853
0.348 -89.971 0.00465701
0.351 -89.971 0.00466531
0.354 -89.9711 0.00467343
0.357 -89.9711 0.00468137
0.36 -89.9712 0.00468915
0.363 -89.9712 0.00469677
0.366 -89.9712 0.00470422
0.369 -89.9713 0.00471151
0.372 -89.9713 0.00471865
0.375 -89.9714 0.00472563
0.378 -89.9714 0.00473247
0.381 -89.9715 0.00473916
0.384 -89.9715 0.00474571
0.387 -89.9715 0.00475213
0.39 -89.9716 0.0047584
0.393 -89.9716 0.00476454
0.396 -89.9716 0.00477055
0.399 -89.9717 0.00477644
0.402 -89.9717 0.0047822
0.405 -89.9717 0.00478783
0.408 -89.9718 0.00479335
0.411 -89.9718 0.00479875
0.414 -89.9718 0.00480403
0.417 -89.9719 0.00480921
0.42 -89.9719 0.00481427
0.423 -89.9719 0.00481922
0.426 -89.972 0.00482407
0.429 -89.972 0.00482882
0.432 -89.972 0.00483346
0.435 -89.972 0.00483801
0.438 -89.9721 0.00484246
0.441 -89.9721 0.00484682
0.444 -89.9721 0.00485108
0.447 -89.9721 0.00485525
0.45 -89.9722 0.00485934
0.453 -89.9722 0.00486333
0.456 -89.9722 0.00486725
0.459 -89.9722 0.00487108
0.462 -89.9722 0.00487482
0.465 -89.9723 0.00487849
0.468 -89.9723 0.00488208
0.471 -89.9723 0.0048856
0.474 -89.9723 0.00488904
0.477 -89.9723 0.0048924
0.48 -89.9724 0.0048957
0.483 -89.9724 0.00489892
0.486 -89.9724 0.00490208
0.489 -89.9724 0.00490517
0.492 -89.9724 0.00490819
0.495 -89.9725 0.00491115
0.498 -89.9725 0.00491405
0.501 -89.9725 0.00491688
0.504 -89.9725 0.00491966
0.507 -89.9725 0.00492237
0.51 -89.9725 0.00492503
0.513 -89.9725 0.00492763
0.516 -89.9726 0.00493018
0.519 -89.9726 0.00493267
0.522 -89.9726 0.00493511
0.525 -89.9726 0.0049375
0.528 -89.9726 0.00493984
0.531 -89.9726 0.00494212
0.534 -89.9726 0.00494436
0.537 -89.9727 0.00494655
0.54 -89.9727 0.0049487
0.543 -89.9727 0.0049508
0.546 -89.9727 0.00495285
0.549 -89.9727 0.00495486
0.552 -89.9727 0.00495683
0.555 -89.9727 0.00495876
0.558 -89.9727 0.00496064
0.561 -89.9727 0.00496249
0.564 -89.9727 0.00496429
0.567 -89.9728 0.00496606
0.57 -89.9728 0.00496779
0.573 -89.9728 0.00496948
0.576 -89.9728 0.00497114
0.579 -89.9728 0.00497276
0.582 -89.9728 0.00497435
0.585 -89.9728 0.00497591
0.588 -89.9728 0.00497743
0.591 -89.9728 0.00497892
0.594 -89.9728 0.00498037
0.597 -89.9728 0.0049818
0.6 -89.9729 0.00498319
0.603 -89.9729 0.00498456
0.606 -89.9729 0.0049859
0.609 -89.9729 0.00498721
0.612 -89.9729 0.00498849
0.615 -89.9729 0.00498974
0.618 -89.9729 0.00499097
0.621 -89.9729 0.00499217
0.624 -89.9729 0.00499334
0.627 -89.9729 0.0049945
0.63 -89.9729 0.00499562
0.633 -89.9729 0.00499672
0.636 -89.9729 0.0049978
0.639 -89.9729 0.00499886
0.642 -89.9729 0.00499989
0.645 -89.9729 0.0050009
0.648 -89.973 0.00500189
0.651 -89.973 0.00500286
0.654 -89.973 0.00500381
0.657 -89.973 0.00500474
0.66 -89.973 0.00500565
0.663 -89.973 0.00500654
0.666 -89.973 0.00500741
0.669 -89.973 0.00500826
0.672 -89.973 0.00500909
0.675 -89.973 0.00500991
0.678 -89.973 0.00501071
0.681 -89.973 0.00501149
0.684 -89.973 0.00501225
0.687 -89.973 0.005013
0.69 -89.973 0.00501374
0.693 -89.973 0.00501445
0.696 -89.973 0.00501516
0.699 -89.973 0.00501584
0.702 -89.973 0.00501652
0.705 -89.973 0.00501717
0.708 -89.973 0.00501782
0.711 -89.973 0.00501845
0.714 -89.973 0.00501907
0.717 -89.9731 0.00501967
0.72 -89.9731 0.00502026
0.723 -89.9731 0.00502084
0.726 -89.9731 0.00502141
0.729 -89.9731 0.00502196
0.732 -89.9731 0.0050225
0.735 -89.9731 0.00502304
0.738 -89.9731 0.00502356
0.741 -89.9731 0.00502406
0.744 -89.9731 0.00502456
0.747 -89.9731 0.00502505
0.75 -89.9731 0.00502553
0.753 -89.9731 0.00502599
0.756 -89.9731 0.00502645
0.759 -89.9731 0.0050269
0.762 -89.9731 0.00502734
0.765 -89.9731 0.00502776
0.768 -89.9731 0.00502818
0.771 -89.9731 0.00502859
0.774 -89.9731 0.005029
0.777 -89.9731 0.00502939
0.78 -89.9731 0.00502977
0.783 -89.9731 0.00503015
0.786 -89.9731 0.00503052
0.789 -89.9731 0.00503088
0.792 -89.9731 0.00503123
0.795 -89.9731 0.00503158
0.798 -89.9731 0.00503192
0.801 -89.9731 0.00503225
0.804 -89.9731 0.00503257
0.807 -89.9731 0.00503289
0.81 -89.9731 0.0050332
0.813 -89.9731 0.00503351
0.816 -89.9731 0.0050338
0.819 -89.9731 0.00503409
0.822 -89.9731 0.00503438
0.825 -89.9731 0.00503466
0.828 -89.9731 0.00503493
0.831 -89.9731 0.0050352
0.834 -89.9731 0.00503546
0.837 -89.9731 0.00503572
0.84 -89.9731 0.00503597
0.843 -89.9731 0.00503621
0.846 -89.9731 0.00503645
0.849 -89.9731 0.00503669
0.852 -89.9731 0.00503692
0.855 -89.9731 0.00503714
0.858 -89.9731 0.00503736
0.861 -89.9731 0.00503758
0.864 -89.9731 0.00503779
0.867 -89.9731 0.00503799
0.87 -89.9731 0.0050382
0.873 -89.9732 0.00503839
0.876 -89.9732 0.00503859
0.879 -89.9732 0.00503878
0.882 -89.9732 0.00503896
0.885 -89.9732 0.00503914
0.888 -89.9732 0.00503932
0.891 -89.9732 0.0050395
0.894 -89.9732 0.00503967
0.897 -89.9732 0.00503983
0.9 -89.9732 0.00504
0.903 -89.9732 0.00504016
0.906 -89.9732 0.00504031
0.909 -89.9732 0.00504046
0.912 -89.9732 0.00504061
0.915 -89.9732 0.00504076
0.918 -89.9732 0.0050409
0.921 -89.9732 0.00504104
0.924 -89.9732 0.00504118
0.927 -89.9732 0.00504132
0.93 -89.9732 0.00504145
0.933 -89.9732 0.00504158
0.936 -89.9732 0.0050417
0.939 -89.9732 0.00504183
0.942 -89.9732 0.00504195
0.945 -89.9732 0.00504206
0.948 -89.9732 0.00504218
0.951 -89.9732 0.00504229
0.954 -89.9732 0.0050424
0.957 -89.9732 0.00504251
0.96 -89.9732 0.00504262
0.963 -89.9732 0.00504272
0.966 -89.9732 0.00504282
0.969 -89.9732 0.00504292
0.972 -89.9732 0.00504302
0.975 -89.9732 0.00504312
0.978 -89.9732 0.00504321
0.981 -89.9732 0.0050433
0.984 -89.9732 0.00504339
0.987 -89.9732 0.00504348
0.99 -89.9732 0.00504356
0.993 -89.9732 0.00504365
0.996 -89.9732 0.00504373
0.999 -89.9732 0.00504381
1.002 -89.9732 0.00504389
1.005 -89.9732 0.00504397
1.008 -89.9732 0.00504404
1.011 -89.9732 0.00504411
1.014 -89.9732 0.00504419
1.017 -89.9732 0.00504426
1.02 -89.9732 0.00504433
1.023 -89.9732 0.00504439
1.026 -89.9732 0.00504446
1.029 -89.9732 0.00504453
1.032 -89.9732 0.00504459
1.035 -89.9732 0.00504465
1.038 -89.9732 0.00504471
1.041 -89.9732 0.00504477
1.044 -89.9732 0.00504483
1.047 -89.9732 0.00504489
1.05 -89.9732 0.00504494
1.053 -89.9732 0.005045
1.056 -89.9732 0.00504505
1.059 -89.9732 0.0050451
1.062 -89.9732 0.00504515
1.065 -89.9732 0.0050452
1.068 -89.9732 0.00504525
1.071 -89.9732 0.0050453
1.074 -89.9732 0.00504535
1.077 -89.9732 0.00504539
1.08 -89.9732 0.00504544
1.083 -89.9732 0.00504548
1.086 -89.9732 0.00504552
1.089 -89.9732 0.00504557
1.092 -89.9732 0.00504561
1.095 -89.9732 0.00504565
1.098 -89.9732 0.00504569
1.101 -89.9732 0.00504573
1.104 -89.9732 0.00504576
1.107 -89.9732 0.0050458
1.11 -89.9732 0.00504584
1.113 -89.9732 0.00504587
1.116 -89.9732 0.00504591
1.119 -89.9732 0.00504594
1.122 -89.9732 0.00504598
1.125 -89.9732 0.00504601
1.128 -89.9732 0.00504604
1.131 -89.9732 0.00504607
1.134 -89.9732 0.0050461
1.137 -89.9732 0.00504613
1.14 -89.9732 0.00504616
1.143 -89.9732 0.00504619
1.146 -89.9732 0.00504622
1.149 -89.9732 0.00504625
1.152 -89.9732 0.00504627
1.155 -89.9732 0.0050463
1.158 -89.9732 0.00504632
1.161 -89.9732 0.00504635
1.164 -89.9732 0.00504637
1.167 -89.9732 0.0050464
1.17 -89.9732 0.00504642
1.173 -89.9732 0.00504644
1.176 -89.9732 0.00504647
1.179 -89.9732 0.00504649
1.182 -89.9732 0.00504651
1.185 -89.9732 0.00504653
1.188 -89.9732 0.00504655
1.191 -89.9732 0.00504657
1.194 -89.9732 0.00504659
1.197 -89.9732 0.00504661
1.2 -89.9732 0.00504663
1.203 -89.9732 0.00504665
1.206 -89.9732 0.00504667
1.209 -89.9732 0.00504669
1.212 -89.9732 0.0050467
1.215 -89.9732 0.00504672
1.218 -89.9732 0.00504674
1.221 -89.9732 0.00504675
1.224 -89.9732 0.00504677
1.227 -89.9732 0.00504679
1.23 -89.9732 0.0050468
1.233 -89.9732 0.00504682
1.236 -89.9732 0.00504683
1.239 -89.9732 0.00504685
1.242 -89.9732 0.00504686
1.245 -89.9732 0.00504687
1.248 -89.9732 0.00504689
1.251 -89.9732 0.0050469
1.254 -89.9732 0.00504691
1.257 -89.9732 0.00504693
1.26 -89.9732 0.00504694
1.263 -89.9732 0.00504695
1.266 -89.9732 0.00504696
1.269 -89.9732 0.00504697
1.272 -89.9732 0.00504699
1.275 -89.9732 0.005047
1.278 -89.9732 0.00504701
1.281 -89.9732 0.00504702
1.284 -89.9732 0.00504703
1.287 -89.9732 0.00504704
1.29 -89.9732 0.00504705
1.293 -89.9732 0.00504706
1.296 -89.9732 0.00504707
1.299 -89.9732 0.00504708
1.302 -89.9732 0.00504709
1.305 -89.9732 0.0050471
1.308 -89.9732 0.0050471
1.311 -89.9732 0.00504711
1.314 -89.9732 0.00504712
1.317 -89.9732 0.00504713
1.32 -89.9732 0.00504714
1.323 -89.9732 0.00504715
1.326 -89.9732 0.00504715
1.329 -89.9732 0.00504716
1.332 -89.9732 0.00504717
1.335 -89.9732 0.00504718
1.338 -89.9732 0.00504718
1.341 -89.9732 0.00504719
1.344 -89.9732 0.0050472
1.347 -89.9732 0.0050472
1.35 -89.9732 0.00504721
1.353 -89.9732 0.00504722
1.356 -89.9732 0.00504722
1.359 -89.9732 0.00504723
1.362 -89.9732 0.00504723
1.365 -89.9732 0.00504724
1.368 -89.9732 0.00504725
1.371 -89.9732 0.00504725
1.374 -89.9732 0.00504726
1.377 -89.9732 0.00504726
1.38 -89.9732 0.00504727
1.383 -89.9732 0.00504727
1.386 -89.9732 0.00504728
1.389 -89.9732 0.00504728
1.392 -89.9732 0.00504729
1.395 -89.9732 0.00504729
1.398 -89.9732 0.0050473
1.401 -89.9732 0.0050473
1.404 -89.9732 0.00504731
1.407 -89.9732 0.00504731
1.41 -89.9732 0.00504731
1.413 -89.9732 0.00504732
1.416 -89.9732 0.00504732
1.419 -89.9732 0.00504733
1.422 -89.9732 0.00504733
1.425 -89.9732 0.00504733
1.428 -89.9732 0.00504734
1.431 -89.9732 0.00504734
1.434 -89.9732 0.00504735
1.437 -89.9732 0.00504735
1.44 -89.9732 0.00504735
1.443 -89.9732 0.00504736
1.446 -89.9732 0.00504736
1.449 -89.9732 0.00504736
1.452 -89.9732 0.00504737
1.455 -89.9732 0.00504737
1.458 -89.9732 0.00504737
1.461 -89.9732 0.00504737
1.464 -89.9732 0.00504738
1.467 -89.9732 0.00504738
1.47 -89.9732 0.00504738
1.473 -89.9732 0.00504739
1.476 -89.9732 0.00504739
1.479 -89.9732 0.00504739
1.482 -89.9732 0.00504739
1.485 -89.9732 0.0050474
1.488 -89.9732 0.0050474
1.491 -89.9732 0.0050474
1.494 -89.9732 0.0050474
1.497 -89.9732 0.00504741
1.5 -89.9732 0.00504741
1.503 -89.9732 0.00504741
1.506 -89.9732 0.00504741
1.509 -89.9732 0.00504741
1.512 -89.9732 0.00504742
1.515 -89.9732 0.00504742
1.518 -89.9732 0.00504742
1.521 -89.9732 0.00504742
1.524 -89.9732 0.00504742
1.527 -89.9732 0.00504743
1.53 -89.9732 0.00504743
1.533 -89.9732 0.00504743
1.536 -89.9732 0.00504743
1.539 -89.9732 0.00504743
1.542 -89.9732 0.00504743
1.545 -89.9732 0.00504744
1.548 -89.9732 0.00504744
1.551 -89.9732 0.00504744
1.554 -89.9732 0.00504744
1.557 -89.9732 0.00504744
1.56 -89.9732 0.00504744
1.563 -89.9732 0.00504744
1.566 -89.9732 0.00504745
1.569 -89.9732 0.00504745
1.572 -89.9732 0.00504745
1.575 -89.9732 0.00504745
1.578 -89.9732 0.00504745
1.581 -89.9732 0.00504745
1.584 -89.9732 0.00504745
1.587 -89.9732 0.00504745
1.59 -89.9732 0.00504746
1.593 -89.9732 0.00504746
1.596 -89.9732 0.00504746
1.599 -89.9732 0.00504746
1.602 -89.9732 0.00504746
1.605 -89.9732 0.00504746
1.608 -89.9732 0.00504746
1.611 -89.9732 0.00504746
1.614 -89.9732 0.00504746
1.617 -89.9732 0.00504747
1.62 -89.9732 0.00504747
1.623 -89.9732 0.00504747
1.626 -89.9732 0.00504747
1.629 -89.9732 0.00504747
1.632 -89.9732 0.00504747
1.635 -89.9732 0.00504747
1.638 -89.9732 0.00504747
1.641 -89.9732 0.00504747
1.644 -89.9732 0.00504747
1.647 -89.9732 0.00504747
1.65 -89.9732 0.00504747
1.653 -89.9732 0.00504748
1.656 -89.9732 0.00504748
1.659 -89.9732 0.00504748
1.662 -89.9732 0.00504748
1.665 -89.9732 0.00504748
1.668 -89.9732 0.00504748
1.671 -89.9732 0.00504748
1.674 -89.9732 0.00504748
1.677 -89.9732 0.00504748
1.68 -89.9732 0.00504748
1.683 -89.9732 0.00504748
1.686 -89.9732 0.00504748
1.689 -89.9732 0.00504748
1.692 -89.9732 0.00504748
1.695 -89.9732 0.00504748
1.698 -89.9732 0.00504749
1.701 -89.9732 0.00504749
1.704 -89.9732 0.00504749
1.707 -89.9732 0.00504749
1.71 -89.9732 0.00504749
1.713 -89.9732 0.00504749
1.716 -89.9732 0.00504749
1.719 -89.9732 0.00504749
1.722 -89.9732 0.00504749
1.725 -89.9732 0.00504749
1.728 -89.9732 0.00504749
1.731 -89.9732 0.00504749
1.734 -89.9732 0.00504749
1.737 -89.9732 0.00504749
1.74 -89.9732 0.00504749
1.743 -89.9732 0.00504749
1.746 -89.9732 0.00504749
1.749 -89.9732 0.00504749
1.752 -89.9732 0.00504749
1.755 -89.9732 0.00504749
1.758 -89.9732 0.00504749
1.761 -89.9732 0.00504749
1.764 -89.9732 0.00504749
1.767 -89.9732 0.00504749
1.77 -89.9732 0.0050475
1.773 -89.9732 0.0050475
1.776 -89.9732 0.0050475
1.779 -89.9732 0.0050475
1.782 -89.9732 0.0050475
1.785 -89.9732 0.0050475
1.788 -89.9732 0.0050475
1.791 -89.9732 0.0050475
1.794 -89.9732 0.0050475
1.797 -89.9732 0.0050475
1.8 -89.9732 0.0050475
1.803 -89.9732 0.0050475
1.806 -89.9732 0.0050475
1.809 -89.9732 0.0050475
1.812 -89.9732 0.0050475
1.815 -89.9732 0.0050475
1.818 -89.9732 0.0050475
1.821 -89.9732 0.0050475
1.824 -89.9732 0.0050475
1.827 -89.9732 0.0050475
1.83 -89.9732 0.0050475
1.833 -89.9732 0.0050475
1.836 -89.9732 0.0050475
1.839 -89.9732 0.0050475
1.842 -89.9732 0.0050475
1.845 -89.9732 0.0050475
1.848 -89.9732 0.0050475
1.851 -89.9732 0.0050475
1.854 -89.9732 0.0050475
1.857 -89.9732 0.0050475
1.86 -89.9732 0.0050475
1.863 -89.9732 0.0050475
1.866 -89.9732 0.0050475
1.869 -89.9732 0.0050475
1.872 -89.9732 0.0050475
1.875 -89.9732 0.0050475
1.878 -89.9732 0.0050475
1.881 -89.9732 0.0050475
1.884 -89.9732 0.0050475
1.887 -89.9732 0.0050475
1.89 -89.9732 0.0050475
1.893 -89.9732 0.0050475
1.896 -89.9732 0.0050475
1.899 -89.9732 0.0050475
1.902 -89.9732 0.0050475
1.905 -89.9732 0.0050475
1.908 -89.9732 0.0050475
1.911 -89.9732 0.0050475
1.914 -89.9732 0.0050475
1.917 -89.9732 0.0050475
1.92 -89.9732 0.0050475
1.923 -89.9732 0.00504751
1.926 -89.9732 0.00504751
1.929 -89.9732 0.00504751
1.932 -89.9732 0.00504751
1.935 -89.9732 0.00504751
1.938 -89.9732 0.00504751
1.941 -89.9732 0.00504751
1.944 -89.9732 0.00504751
1.947 -89.9732 0.00504751
1.95 -89.9732 0.00504751
1.953 -89.9732 0.00504751
1.956 -89.9732 0.00504751
1.959 -89.9732 0.00504751
1.962 -89.9732 0.00504751
1.965 -89.9732 0.00504751
1.968 -89.9732 0.00504751
1.971 -89.9732 0.00504751
1.974 -89.9732 0.00504751
1.977 -89.9732 0.00504751
1.98 -89.9732 0.00504751
1.983 -89.9732 0.00504751
1.986 -89.9732 0.00504751
1.989 -89.9732 0.00504751
1.992 -89.9732 0.00504751
1.995 -89.9732 0.00504751
1.998 -89.9732 0.00504751
2.001 -89.9732 0.00504751
2.004 -89.9732 0.00504751
2.007 -89.9732 0.00504751
2.01 -89.9732 0.00504751
2.013 -89.9732 0.00504751
2.016 -89.9732 0.00504751
2.019 -89.9732 0.00504751
2.022 -89.9732 0.00504751
2.025 -89.9732 0.00504751
2.028 -89.9732 0.00504751
2.031 -89.9732 0.00504751
2.034 -89.9732 0.00504751
2.037 -89.9732 0.00504751
2.04 -89.9732 0.00504751
2.043 -89.9732 0.00504751
2.046 -89.9732 0.00504751
2.049 -89.9732 0.00504751
2.052 -89.9732 0.00504751
2.055 -89.9732 0.00504751
2.058 -89.9732 0.00504751
2.061 -89.9732 0.00504751
2.064 -89.9732 0.00504751
2.067 -89.9732 0.00504751
2.07 -89.9732 0.00504751
2.073 -89.9732 0.00504751
2.076 -89.9732 0.00504751
2.079 -89.9732 0.00504751
2.082 -89.9732 0.00504751
2.085 -89.9732 0.00504751
2.088 -89.9732 0.00504751
2.091 -89.9732 0.00504751
2.094 -89.9732 0.00504751
2.097 -89.9732 0.00504751
2.1 -89.9732 0.00504751
2.103 -89.9732 0.00504751
2.106 -89.9732 0.00504751
2.109 -89.9732 0.00504751
2.112 -89.9732 0.00504751
2.115 -89.9732 0.00504751
2.118 -89.9732 0.00504751
2.121 -89.9732 0.00504751
2.124 -89.9732 0.00504751
2.127 -89.9732 0.00504751
2.13 -89.9732 0.00504751
2.133 -89.9732 0.00504751
2.136 -89.9732 0.00504751
2.139 -89.9732 0.00504751
2.142 -89.9732 0.00504751
2.145 -89.9732 0.00504751
2.148 -89.9732 0.00504751
2.151 -89.9732 0.00504751
2.154 -89.9732 0.00504751
2.157 -89.9732 0.00504751
2.16 -89.9732 0.00504751
2.163 -89.9732 0.00504751
2.166 -89.9732 0.00504751
2.169 -89.9732 0.00504751
2.172 -89.9732 0.00504751
2.175 -89.9732 0.00504751
2.178 -89.9732 0.00504751
2.181 -89.9732 0.00504751
2.184 -89.9732 0.00504751
2.187 -89.9732 0.00504751
2.19 -89.9732 0.00504751
2.193 -89.9732 0.00504751
2.196 -89.9732 0.00504751
2.199 -89.9732 0.00504751
2.202 -89.9732 0.00504751
2.205 -89.9732 0.00504751
2.208 -89.9732 0.00504751
2.211 -89.9732 0.00504751
2.214 -89.9732 0.00504751
2.217 -89.9732 0.00504751
2.22 -89.9732 0.00504751
2.223 -89.9732 0.00504751
2.226 -89.9732 0.00504751
2.229 -89.9732 0.00504751
2.232 -89.9732 0.00504751
2.235 -89.9732 0.00504751
2.238 -89.9732 0.00504751
2.241 -89.9732 0.00504751
2.244 -89.9732 0.00504751
2.247 -89.9732 0.00504751
2.25 -89.9732 0.00504751
2.253 -89.9732 0.00504751
2.256 -89.9732 0.00504751
2.259 -89.9732 0.00504751
2.262 -89.9732 0.00504751
2.265 -89.9732 0.00504751
2.268 -89.9732 0.00504751
2.271 -89.9732 0.00504751
2.274 -89.9732 0.00504751
2.277 -89.9732 0.00504751
2.28 -89.9732 0.00504751
2.283 -89.9732 0.00504751
2.286 -89.9732 0.00504751
2.289 -89.9732 0.00504751
2.292 -89.9732 0.00504751
2.295 -89.9732 0.00504751
2.298 -89.9732 0.00504751
2.301 -89.9732 0.00504751
2.304 -89.9732 0.00504751
2.307 -89.9732 0.00504751
2.31 -89.9732 0.00504751
2.313 -89.9732 0.00504751
2.316 -89.9732 0.00504751
2.319 -89.9732 0.00504751
2.322 -89.9732 0.00504751
2.325 -89.9732 0.00504751
2.328 -89.9732 0.00504751
2.331 -89.9732 0.00504751
2.334 -89.9732 0.00504751
2.337 -89.9732 0.00504751
2.34 -89.9732 0.00504751
2.343 -89.9732 0.00504751
2.346 -89.9732 0.00504751
2.349 -89.9732 0.00504751
2.352 -89.9732 0.00504751
2.355 -89.9732 0.00504751
2.358 -89.9732 0.00504751
2.361 -89.9732 0.00504751
2.364 -89.9732 0.00504751
2.367 -89.9732 0.00504751
2.37 -89.9732 0.00504751
2.373 -89.9732 0.00504751
2.376 -89.9732 0.00504751
2.379 -89.9732 0.00504751
2.382 -89.9732 0.00504751
2.385 -89.9732 0.00504751
2.388 -89.9732 0.00504751
2.391 -89.9732 0.00504751
2.394 -89.9732 0.00504751
2.397 -89.9732 0.00504751
2.4 -89.9732 0.00504751
2.403 -89.9732 0.00504751
2.406 -89.9732 0.00504751
2.409 -89.9732 0.00504751
2.412 -89.9732 0.00504751
2.415 -89.9732 0.00504751
2.418 -89.9732 0.00504751
2.421 -89.9732 0.00504751
2.424 -89.9732 0.00504751
2.427 -89.9732 0.00504751
2.43 -89.9732 0.00504751
2.433 -89.9732 0.00504751
2.436 -89.9732 0.00504751
2.439 -89.9732 0.00504751
2.442 -89.9732 0.00504751
2.445 -89.9732 0.00504751
2.448 -89.9732 0.00504751
2.451 -89.9732 0.00504751
2.454 -89.9732 0.00504751
2.457 -89.9732 0.00504751
2.46 -89.9732 0.00504751
2.463 -89.9732 0.00504751
2.466 -89.9732 0.00504751
2.469 -89.9732 0.00504751
2.472 -89.9732 0.00504751
2.475 -89.9732 0.00504751
2.478 -89.9732 0.00504751
2.481 -89.9732 0.00504751
2.484 -89.9732 0.00504751
2.487 -89.9732 0.00504751
2.49 -89.9732 0.00504751
2.493 -89.9732 0.00504751
2.496 -89.9732 0.00504751
2.499 -89.9732 0.00504751
2.502 -89.9732 0.00504751
2.505 -89.9732 0.00504751
2.508 -89.9732 0.00504751
2.511 -89.9732 0.00504751
2.514 -89.9732 0.00504751
2.517 -89.9732 0.00504751
2.52 -89.9732 0.00504751
2.523 -89.9732 0.00504751
2.526 -89.9732 0.00504751
2.529 -89.9732 0.00504751
2.532 -89.9732 0.00504751
2.535 -89.9732 0.00504751
2.538 -89.9732 0.00504751
2.541 -89.9732 0.00504751
2.544 -89.9732 0.00504751
2.547 -89.9732 0.00504751
2.55 -89.9732 0.00504751
2.553 -89.9732 0.00504751
2.556 -89.9732 0.00504751
2.559 -89.9732 0.00504751
2.562 -89.9732 0.00504751
2.565 -89.9732 0.00504751
2.568 -89.9732 0.00504751
2.571 -89.9732 0.00504751
2.574 -89.9732 0.00504751
2.577 -89.9732 0.00504751
2.58 -89.9732 0.00504751
2.583 -89.9732 0.00504751
2.586 -89.9732 0.00504751
2.589 -89.9732 0.00504751
2.592 -89.9732 0.00504751
2.595 -89.9732 0.00504751
2.598 -89.9732 0.00504751
2.601 -89.9732 0.00504751
2.604 -89.9732 0.00504751
2.607 -89.9732 0.00504751
2.61 -89.9732 0.00504751
2.613 -89.9732 0.00504751
2.616 -89.9732 0.00504751
2.619 -89.9732 0.00504751
2.622 -89.9732 0.00504751
2.625 -89.9732 0.00504751
2.628 -89.9732 0.00504751
2.631 -89.9732 0.00504751
2.634 -89.9732 0.00504751
2.637 -89.9732 0.00504751
2.64 -89.9732 0.00504751
2.643 -89.9732 0.00504751
2.646 -89.9732 0.00504751
2.649 -89.9732 0.00504751
2.652 -89.9732 0.00504751
2.655 -89.9732 0.00504751
2.658 -89.9732 0.00504751
2.661 -89.9732 0.00504751
2.664 -89.9732 0.00504751
2.667 -89.9732 0.00504751
2.67 -89.9732 0.00504751
2.673 -89.9732 0.00504751
2.676 -89.9732 0.00504751
2.679 -89.9732 0.00504751
2.682 -89.9732 0.00504751
2.685 -89.9732 0.00504751
2.688 -89.9732 0.00504751
2.691 -89.9732 0.00504751
2.694 -89.9732 0.00504751
2.697 -89.9732 0.00504751
2.7 -89.9732 0.00504751
2.703 -89.9732 0.00504751
2.706 -89.9732 0.00504751
2.709 -89.9732 0.00504751
2.712 -89.9732 0.00504751
2.715 -89.9732 0.00504751
2.718 -89.9732 0.00504751
2.721 -89.9732 0.00504751
2.724 -89.9732 0.00504751
2.727 -89.9732 0.00504751
2.73 -89.9732 0.00504751
2.733 -89.9732 0.00504751
2.736 -89.9732 0.00504751
2.739 -89.9732 0.00504751
2.742 -89.9732 0.00504751
2.745 -89.9732 0.00504751
2.748 -89.9732 0.00504751
2.751 -89.9732 0.00504751
2.754 -89.9732 0.00504751
2.757 -89.9732 0.00504751
2.76 -89.9732 0.00504751
2.763 -89.9732 0.00504751
2.766 -89.9732 0.00504751
2.769 -89.9732 0.00504751
2.772 -89.9732 0.00504751
2.775 -89.9732 0.00504751
2.778 -89.9732 0.00504751
2.781 -89.9732 0.00504751
2.784 -89.9732 0.00504751
2.787 -89.9732 0.00504751
2.79 -89.9732 0.00504751
2.793 -89.9732 0.00504751
2.796 -89.9732 0.00504751
2.799 -89.9732 0.00504751
2.802 -89.9732 0.00504751
2.805 -89.9732 0.00504751
2.808 -89.9732 0.00504751
2.811 -89.9732 0.00504751
2.814 -89.9732 0.00504751
2.817 -89.9732 0.00504751
2.82 -89.9732 0.00504751
2.823 -89.9732 0.00504751
2.826 -89.9732 0.00504751
2.829 -89.9732 0.00504751
2.832 -89.9732 0.00504751
2.835 -89.9732 0.00504751
2.838 -89.9732 0.00504751
2.841 -89.9732 0.00504751
2.844 -89.9732 0.00504751
2.847 -89.9732 0.00504751
2.85 -89.9732 0.00504751
2.853 -89.9732 0.00504751
2.856 -89.9732 0.00504751
2.859 -89.9732 0.00504751
2.862 -89.9732 0.00504751
2.865 -89.9732 0.00504751
2.868 -89.9732 0.00504751
2.871 -89.9732 0.00504751
2.874 -89.9732 0.00504751
2.877 -89.9732 0.00504751
2.88 -89.9732 0.00504751
2.883 -89.9732 0.00504751
2.886 -89.9732 0.00504751
2.889 -89.9732 0.00504751
2.892 -89.9732 0.00504751
2.895 -89.9732 0.00504751
2.898 -89.9732 0.00504751
2.901 -89.9732 0.00504751
2.904 -89.9732 0.00504751
2.907 -89.9732 0.00504751
2.91 -89.9732 0.00504751
2.913 -89.9732 0.00504751
2.916 -89.9732 0.00504751
2.919 -89.9732 0.00504751
2.922 -89.9732 0.00504751
2.925 -89.9732 0.00504751
2.928 -89.9732 0.00504751
2.931 -89.9732 0.00504751
2.934 -89.9732 0.00504751
2.937 -89.9732 0.00504751
2.94 -89.9732 0.00504751
2.943 -89.9732 0.00504751
2.946 -89.9732 0.00504751
2.949 -89.9732 0.00504751
2.952 -89.9732 0.00504751
2.955 -89.9732 0.00504751
2.958 -89.9732 0.00504751
2.961 -89.9732 0.00504751
2.964 -89.9732 0.00504751
2.967 -89.9732 0.00504751
2.97 -89.9732 0.00504751
2.973 -89.9732 0.00504751
2.976 -89.9732 0.00504751
2.979 -89.9732 0.00504751
2.982 -89.9732 0.00504751
2.985 -89.9732 0.00504751
2.988 -89.9732 0.00504751
2.991 -89.9732 0.00504751
2.994 -89.9732 0.00504751
2.997 -89.9732 0.00504751
