0 -0.00943921 0.900001
0.003 -2.60869 0.900338
0.006 -4.79543 0.900505
0.009 -6.64924 0.900487
0.012 -8.2425 0.900274
0.015 -9.63444 0.899864
0.018 -10.8713 0.899256
0.021 -11.9887 0.898449
0.024 -13.0139 0.897445
0.027 -13.9681 0.896245
0.03 -14.8679 0.894852
0.033 -15.7266 0.893264
0.036 -16.5552 0.891483
0.039 -17.3628 0.889509
0.042 -18.157 0.88734
0.045 -18.9447 0.884975
0.048 -19.7319 0.882412
0.051 -20.5239 0.87965
0.054 -21.3257 0.876686
0.057 -22.1419 0.873518
0.06 -22.9764 0.870146
0.063 -23.8333 0.866567
0.066 -24.7158 0.862783
0.069 -25.627 0.858793
0.072 -26.5691 0.854601
0.075 -27.5439 0.850212
0.078 -28.5525 0.845632
0.081 -29.5948 0.84087
0.084 -30.6701 0.835937
0.087 -31.7765 0.830846
0.09 -32.9112 0.825612
0.093 -34.0706 0.820252
0.096 -35.2501 0.814781
0.099 -36.4446 0.809216
0.102 -37.6487 0.803575
0.105 -38.8567 0.797873
0.108 -40.0629 0.792125
0.111 -41.2619 0.786343
0.114 -42.4486 0.78054
0.117 -43.6184 0.774726
0.12 -44.7674 0.76891
0.123 -45.892 0.7631
0.126 -46.9893 0.757302
0.129 -48.0572 0.751521
0.132 -49.0938 0.745761
0.135 -50.0977 0.740027
0.138 -51.068 0.734321
0.141 -52.0044 0.728645
0.144 -52.9064 0.723002
0.147 -53.7742 0.717393
0.15 -54.608 0.71182
0.153 -55.4083 0.706283
0.156 -56.1757 0.700783
0.159 -56.9108 0.695321
0.162 -57.6145 0.689897
0.165 -58.2876 0.684512
0.168 -58.9311 0.679166
0.171 -59.5458 0.673858
0.174 -60.1328 0.668589
0.177 -60.6929 0.66336
0.18 -61.2273 0.658169
0.183 -61.7368 0.653018
0.186 -62.2224 0.647905
0.189 -62.685 0.642831
0.192 -63.1256 0.637796
0.195 -63.545 0.632799
0.198 -63.9442 0.62784
0.201 -64.3239 0.62292
0.204 -64.685 0.618037
0.207 -65.0283 0.613192
0.21 -65.3545 0.608384
0.213 -65.6644 0.603613
0.216 -65.9586 0.59888
0.219 -66.2379 0.594183
0.222 -66.5029 0.589522
0.225 -66.7542 0.584898
0.228 -66.9924 0.58031
0.231 -67.2181 0.575757
0.234 -67.4319 0.57124
0.237 -67.6343 0.566758
0.24 -67.8257 0.562311
0.243 -68.0066 0.557899
0.246 -68.1776 0.553521
0.249 -68.339 0.549177
0.252 -68.4914 0.544868
0.255 -68.6349 0.540592
0.258 -68.7702 0.536349
0.261 -68.8975 0.53214
0.264 -69.0171 0.527964
0.267 -69.1295 0.52382
0.27 -69.2349 0.519709
0.273 -69.3336 0.51563
0.276 -69.4259 0.511583
0.279 -69.5122 0.507568
0.282 -69.5926 0.503584
0.285 -69.6675 0.499632
0.288 -69.737 0.49571
0.291 -69.8014 0.491819
0.294 -69.8609 0.487959
0.297 -69.9158 0.484129
0.3 -69.9662 0.48033
0.303 -70.0123 0.476559
0.306 -70.0544 0.472819
0.309 -70.0925 0.469108
0.312 -70.1269 0.465426
0.315 -70.1576 0.461773
0.318 -70.185 0.458149
0.321 -70.209 0.454553
0.324 -70.2299 0.450986
0.327 -70.2478 0.447446
0.33 -70.2629 0.443934
0.333 -70.2751 0.44045
0.336 -70.2847 0.436993
0.339 -70.2918 0.433564
0.342 -70.2964 0.430161
0.345 -70.2987 0.426786
0.348 -70.2988 0.423436
0.351 -70.2967 0.420113
0.354 -70.2926 0.416817
0.357 -70.2866 0.413546
0.36 -70.2787 0.410301
0.363 -70.2689 0.407081
0.366 -70.2575 0.403887
0.369 -70.2444 0.400717
0.372 -70.2297 0.397573
0.375 -70.2135 0.394454
0.378 -70.1958 0.391359
0.381 -70.1768 0.388288
0.384 -70.1564 0.385242
0.387 -70.1347 0.382219
0.39 -70.1118 0.379221
0.393 -70.0877 0.376246
0.396 -70.0626 0.373294
0.399 -70.0363 0.370366
0.402 -70.009 0.36746
0.405 -69.9807 0.364578
0.408 -69.9514 0.361718
0.411 -69.9213 0.358881
0.414 -69.8903 0.356066
0.417 -69.8584 0.353273
0.42 -69.8257 0.350503
0.423 -69.7923 0.347754
0.426 -69.7582 0.345026
0.429 -69.7233 0.342321
0.432 -69.6878 0.339636
0.435 -69.6516 0.336973
0.438 -69.6148 0.334331
0.441 -69.5774 0.331709
0.444 -69.5394 0.329108
0.447 -69.5009 0.326528
0.45 -69.4619 0.323968
0.453 -69.4224 0.321428
0.456 -69.3824 0.318908
0.459 -69.342 0.316408
0.462 -69.3012 0.313928
0.465 -69.2599 0.311467
0.468 -69.2182 0.309026
0.471 -69.1762 0.306604
0.474 -69.1338 0.304201
0.477 -69.091 0.301817
0.48 -69.0479 0.299452
0.483 -69.0046 0.297105
0.486 -68.9609 0.294777
0.489 -68.9169 0.292467
0.492 -68.8727 0.290176
0.495 -68.8282 0.287902
0.498 -68.7835 0.285647
0.501 -68.7385 0.283409
0.504 -68.6933 0.281189
0.507 -68.6479 0.278987
0.51 -68.6023 0.276801
0.513 -68.5566 0.274633
0.516 -68.5106 0.272483
0.519 -68.4645 0.270349
0.522 -68.4182 0.268232
0.525 -68.3718 0.266131
0.528 -68.3252 0.264048
0.531 -68.2786 0.26198
0.534 -68.2317 0.259929
0.537 -68.1848 0.257895
0.54 -68.1378 0.255876
0.543 -68.0907 0.253873
0.546 -68.0434 0.251886
0.549 -67.9961 0.249915
0.552 -67.9487 0.247959
0.555 -67.9013 0.246019
0.558 -67.8538 0.244094
0.561 -67.8062 0.242184
0.564 -67.7585 0.24029
0.567 -67.7108 0.23841
0.57 -67.6631 0.236545
0.573 -67.6153 0.234695
0.576 -67.5675 0.23286
0.579 -67.5197 0.231039
0.582 -67.4719 0.229232
0.585 -67.424 0.22744
0.588 -67.3761 0.225662
0.591 -67.3282 0.223898
0.594 -67.2803 0.222147
0.597 -67.2324 0.220411
0.6 -67.1845 0.218688
0.603 -67.1366 0.216979
0.606 -67.0887 0.215284
0.609 -67.0409 0.213602
0.612 -66.993 0.211933
0.615 -66.9452 0.210278
0.618 -66.8974 0.208635
0.621 -66.8496 0.207006
0.624 -66.8018 0.205389
0.627 -66.7541 0.203785
0.63 -66.7064 0.202194
0.633 -66.6588 0.200616
0.636 -66.6112 0.19905
0.639 -66.5636 0.197496
0.642 -66.5161 0.195955
0.645 -66.4686 0.194426
0.648 -66.4212 0.192909
0.651 -66.3738 0.191404
0.654 -66.3265 0.189911
0.657 -66.2793 0.188429
0.66 -66.2321 0.18696
0.663 -66.1849 0.185502
0.666 -66.1379 0.184056
0.669 -66.0908 0.182621
0.672 -66.0439 0.181197
0.675 -65.997 0.179785
0.678 -65.9502 0.178384
0.681 -65.9035 0.176994
0.684 -65.8568 0.175615
0.687 -65.8103 0.174247
0.69 -65.7638 0.17289
0.693 -65.7173 0.171543
0.696 -65.671 0.170208
0.699 -65.6247 0.168882
0.702 -65.5785 0.167568
0.705 -65.5324 0.166264
0.708 -65.4864 0.16497
0.711 -65.4405 0.163686
0.714 -65.3946 0.162413
0.717 -65.3489 0.161149
0.72 -65.3032 0.159896
0.723 -65.2576 0.158653
0.726 -65.2122 0.157419
0.729 -65.1668 0.156196
0.732 -65.1215 0.154982
0.735 -65.0763 0.153777
0.738 -65.0312 0.152583
0.741 -64.9862 0.151397
0.744 -64.9413 0.150221
0.747 -64.8965 0.149055
0.75 -64.8518 0.147898
0.753 -64.8071 0.14675
0.756 -64.7626 0.145611
0.759 -64.7182 0.144481
0.762 -64.6739 0.14336
0.765 -64.6297 0.142248
0.768 -64.5856 0.141145
0.771 -64.5416 0.14005
0.774 -64.4978 0.138965
0.777 -64.454 0.137888
0.78 -64.4103 0.136819
0.783 -64.3667 0.135759
0.786 -64.3233 0.134708
0.789 -64.2799 0.133665
0.792 -64.2367 0.13263
0.795 -64.1936 0.131603
0.798 -64.1505 0.130585
0.801 -64.1076 0.129574
0.804 -64.0648 0.128572
0.807 -64.0221 0.127578
0.81 -63.9796 0.126591
0.813 -63.9371 0.125613
0.816 -63.8948 0.124642
0.819 -63.8525 0.123679
0.822 -63.8104 0.122724
0.825 -63.7684 0.121776
0.828 -63.7265 0.120836
0.831 -63.6847 0.119903
0.834 -63.643 0.118978
0.837 -63.6015 0.11806
0.84 -63.5601 0.11715
0.843 -63.5187 0.116247
0.846 -63.4775 0.115351
0.849 -63.4365 0.114462
0.852 -63.3955 0.11358
0.855 -63.3546 0.112705
0.858 -63.3139 0.111838
0.861 -63.2733 0.110977
0.864 -63.2328 0.110123
0.867 -63.1924 0.109276
0.87 -63.1522 0.108435
0.873 -63.112 0.107602
0.876 -63.072 0.106775
0.879 -63.0321 0.105954
0.882 -62.9923 0.105141
0.885 -62.9526 0.104333
0.888 -62.9131 0.103532
0.891 -62.8736 0.102738
0.894 -62.8343 0.10195
0.897 -62.7951 0.101168
0.9 -62.7561 0.100393
0.903 -62.7171 0.0996235
0.906 -62.6783 0.0988604
0.909 -62.6396 0.0981034
0.912 -62.601 0.0973524
0.915 -62.5625 0.0966075
0.918 -62.5242 0.0958686
0.921 -62.486 0.0951356
0.924 -62.4478 0.0944084
0.927 -62.4099 0.0936871
0.93 -62.372 0.0929716
0.933 -62.3342 0.0922618
0.936 -62.2966 0.0915577
0.939 -62.2591 0.0908593
0.942 -62.2217 0.0901664
0.945 -62.1845 0.0894792
0.948 -62.1473 0.0887974
0.951 -62.1103 0.0881212
0.954 -62.0734 0.0874503
0.957 -62.0366 0.0867849
0.96 -62 0.0861248
0.963 -61.9634 0.08547
0.966 -61.927 0.0848205
0.969 -61.8907 0.0841762
0.972 -61.8545 0.0835371
0.975 -61.8185 0.0829031
0.978 -61.7826 0.0822743
0.981 -61.7467 0.0816505
0.984 -61.711 0.0810317
0.987 -61.6755 0.0804179
0.99 -61.64 0.079809
0.993 -61.6047 0.0792051
0.996 -61.5695 0.078606
0.999 -61.5344 0.0780118
1.002 -61.4994 0.0774224
1.005 -61.4646 0.0768377
1.008 -61.4298 0.0762577
1.011 -61.3952 0.0756824
1.014 -61.3607 0.0751117
1.017 -61.3264 0.0745457
1.02 -61.2921 0.0739842
1.023 -61.258 0.0734273
1.026 -61.224 0.0728749
1.029 -61.1901 0.0723269
1.032 -61.1563 0.0717834
1.035 -61.1226 0.0712442
1.038 -61.0891 0.0707094
1.041 -61.0557 0.070179
1.044 -61.0224 0.0696528
1.047 -60.9892 0.0691309
1.05 -60.9561 0.0686132
1.053 -60.9232 0.0680998
1.056 -60.8904 0.0675904
1.059 -60.8577 0.0670852
1.062 -60.8251 0.0665842
1.065 -60.7926 0.0660871
1.068 -60.7602 0.0655941
1.071 -60.728 0.0651051
1.074 -60.6959 0.0646201
1.077 -60.6639 0.064139
1.08 -60.632 0.0636618
1.083 -60.6002 0.0631885
1.086 -60.5686 0.062719
1.089 -60.537 0.0622533
1.092 -60.5056 0.0617915
1.095 -60.4743 0.0613334
1.098 -60.4431 0.060879
1.101 -60.4121 0.0604283
1.104 -60.3811 0.0599813
1.107 -60.3503 0.0595379
1.11 -60.3195 0.0590981
1.113 -60.2889 0.0586619
1.116 -60.2584 0.0582293
1.119 -60.2281 0.0578002
1.122 -60.1978 0.0573746
1.125 -60.1676 0.0569524
1.128 -60.1376 0.0565337
1.131 -60.1077 0.0561185
1.134 -60.0779 0.0557066
1.137 -60.0482 0.0552981
1.14 -60.0186 0.0548929
1.143 -59.9891 0.054491
1.146 -59.9598 0.0540924
1.149 -59.9305 0.0536971
1.152 -59.9014 0.053305
1.155 -59.8724 0.0529161
1.158 -59.8434 0.0525304
1.161 -59.8147 0.0521479
1.164 -59.786 0.0517685
1.167 -59.7574 0.0513922
1.17 -59.7289 0.0510189
1.173 -59.7006 0.0506488
1.176 -59.6723 0.0502817
1.179 -59.6442 0.0499176
1.182 -59.6162 0.0495564
1.185 -59.5883 0.0491983
1.188 -59.5605 0.0488431
1.191 -59.5328 0.0484908
1.194 -59.5052 0.0481414
1.197 -59.4777 0.0477948
1.2 -59.4504 0.0474512
1.203 -59.4231 0.0471103
1.206 -59.396 0.0467723
1.209 -59.3689 0.046437
1.212 -59.342 0.0461045
1.215 -59.3152 0.0457748
1.218 -59.2885 0.0454477
1.221 -59.2619 0.0451234
1.224 -59.2354 0.0448017
1.227 -59.209 0.0444827
1.23 -59.1827 0.0441663
1.233 -59.1565 0.0438526
1.236 -59.1304 0.0435414
1.239 -59.1045 0.0432328
1.242 -59.0786 0.0429267
1.245 -59.0529 0.0426232
1.248 -59.0272 0.0423222
1.251 -59.0017 0.0420237
1.254 -58.9762 0.0417276
1.257 -58.9509 0.041434
1.26 -58.9256 0.0411429
1.263 -58.9005 0.0408541
1.266 -58.8755 0.0405678
1.269 -58.8506 0.0402838
1.272 -58.8257 0.0400022
1.275 -58.801 0.0397229
1.278 -58.7764 0.039446
1.281 -58.7519 0.0391713
1.284 -58.7275 0.0388989
1.287 -58.7032 0.0386288
1.29 -58.679 0.038361
1.293 -58.6549 0.0380954
1.296 -58.6308 0.0378319
1.299 -58.6069 0.0375707
1.302 -58.5831 0.0373117
1.305 -58.5594 0.0370548
1.308 -58.5358 0.0368
1.311 -58.5123 0.0365474
1.314 -58.4889 0.0362969
1.317 -58.4656 0.0360485
1.32 -58.4424 0.0358022
1.323 -58.4193 0.0355579
1.326 -58.3963 0.0353157
1.329 -58.3734 0.0350755
1.332 -58.3506 0.0348373
1.335 -58.3279 0.0346011
1.338 -58.3052 0.0343668
1.341 -58.2827 0.0341346
1.344 -58.2603 0.0339043
1.347 -58.238 0.0336759
1.35 -58.2157 0.0334494
1.353 -58.1936 0.0332249
1.356 -58.1716 0.0330022
1.359 -58.1496 0.0327814
1.362 -58.1278 0.0325625
1.365 -58.106 0.0323454
1.368 -58.0844 0.0321301
1.371 -58.0628 0.0319166
1.374 -58.0413 0.031705
1.377 -58.0199 0.0314951
1.38 -57.9987 0.031287
1.383 -57.9775 0.0310807
1.386 -57.9564 0.030876
1.389 -57.9354 0.0306732
1.392 -57.9145 0.030472
1.395 -57.8936 0.0302725
1.398 -57.8729 0.0300748
1.401 -57.8523 0.0298787
1.404 -57.8317 0.0296842
1.407 -57.8113 0.0294914
1.41 -57.7909 0.0293003
1.413 -57.7706 0.0291107
1.416 -57.7505 0.0289228
1.419 -57.7304 0.0287365
1.422 -57.7104 0.0285517
1.425 -57.6905 0.0283685
1.428 -57.6706 0.0281869
1.431 -57.6509 0.0280068
1.434 -57.6313 0.0278283
1.437 -57.6117 0.0276512
1.44 -57.5922 0.0274757
1.443 -57.5729 0.0273017
1.446 -57.5536 0.0271291
1.449 -57.5344 0.0269581
1.452 -57.5153 0.0267885
1.455 -57.4962 0.0266203
1.458 -57.4773 0.0264536
1.461 -57.4584 0.0262883
1.464 -57.4397 0.0261244
1.467 -57.421 0.0259619
1.47 -57.4024 0.0258009
1.473 -57.3839 0.0256411
1.476 -57.3654 0.0254828
1.479 -57.3471 0.0253258
1.482 -57.3288 0.0251702
1.485 -57.3107 0.0250159
1.488 -57.2926 0.0248629
1.491 -57.2746 0.0247113
1.494 -57.2566 0.0245609
1.497 -57.2388 0.0244119
1.5 -57.221 0.0242641
1.503 -57.2034 0.0241176
1.506 -57.1858 0.0239724
1.509 -57.1683 0.0238284
1.512 -57.1508 0.0236857
1.515 -57.1335 0.0235441
1.518 -57.1162 0.0234039
1.521 -57.099 0.0232648
1.524 -57.0819 0.0231269
1.527 -57.0649 0.0229903
1.53 -57.048 0.0228548
1.533 -57.0311 0.0227204
1.536 -57.0143 0.0225873
1.539 -56.9976 0.0224553
1.542 -56.981 0.0223245
1.545 -56.9645 0.0221947
1.548 -56.948 0.0220662
1.551 -56.9316 0.0219387
1.554 -56.9153 0.0218123
1.557 -56.8991 0.0216871
1.56 -56.8829 0.0215629
1.563 -56.8668 0.0214398
1.566 -56.8508 0.0213178
1.569 -56.8349 0.0211969
1.572 -56.8191 0.021077
1.575 -56.8033 0.0209582
1.578 -56.7876 0.0208404
1.581 -56.772 0.0207236
1.584 -56.7564 0.0206079
1.587 -56.741 0.0204931
1.59 -56.7256 0.0203794
1.593 -56.7103 0.0202667
1.596 -56.695 0.0201549
1.599 -56.6799 0.0200442
1.602 -56.6648 0.0199344
1.605 -56.6497 0.0198256
1.608 -56.6348 0.0197177
1.611 -56.6199 0.0196108
1.614 -56.6051 0.0195048
1.617 -56.5904 0.0193998
1.62 -56.5757 0.0192957
1.623 -56.5611 0.0191925
1.626 -56.5466 0.0190902
1.629 -56.5322 0.0189889
1.632 -56.5178 0.0188884
1.635 -56.5035 0.0187888
1.638 -56.4893 0.0186901
1.641 -56.4751 0.0185923
1.644 -56.4611 0.0184953
1.647 -56.447 0.0183992
1.65 -56.4331 0.018304
1.653 -56.4192 0.0182096
1.656 -56.4054 0.018116
1.659 -56.3917 0.0180233
1.662 -56.378 0.0179314
1.665 -56.3644 0.0178403
1.668 -56.3509 0.0177501
1.671 -56.3374 0.0176606
1.674 -56.324 0.017572
1.677 -56.3107 0.0174841
1.68 -56.2974 0.017397
1.683 -56.2842 0.0173107
1.686 -56.2711 0.0172252
1.689 -56.2581 0.0171404
1.692 -56.2451 0.0170564
1.695 -56.2321 0.0169732
1.698 -56.2193 0.0168907
1.701 -56.2065 0.0168089
1.704 -56.1938 0.0167279
1.707 -56.1811 0.0166476
1.71 -56.1685 0.016568
1.713 -56.156 0.0164892
1.716 -56.1435 0.016411
1.719 -56.1311 0.0163336
1.722 -56.1187 0.0162568
1.725 -56.1065 0.0161808
1.728 -56.0943 0.0161054
1.731 -56.0821 0.0160308
1.734 -56.07 0.0159568
1.737 -56.058 0.0158834
1.74 -56.046 0.0158108
1.743 -56.0341 0.0157388
1.746 -56.0223 0.0156674
1.749 -56.0105 0.0155967
1.752 -55.9988 0.0155267
1.755 -55.9871 0.0154573
1.758 -55.9755 0.0153885
1.761 -55.964 0.0153203
1.764 -55.9525 0.0152528
1.767 -55.9411 0.0151859
1.77 -55.9298 0.0151196
1.773 -55.9185 0.0150539
1.776 -55.9073 0.0149888
1.779 -55.8961 0.0149243
1.782 -55.885 0.0148604
1.785 -55.8739 0.0147971
1.788 -55.8629 0.0147343
1.791 -55.852 0.0146722
1.794 -55.8411 0.0146106
1.797 -55.8303 0.0145496
1.8 -55.8195 0.0144891
1.803 -55.8088 0.0144292
1.806 -55.7982 0.0143699
1.809 -55.7876 0.0143111
1.812 -55.7771 0.0142528
1.815 -55.7666 0.0141951
1.818 -55.7562 0.0141379
1.821 -55.7458 0.0140812
1.824 -55.7355 0.0140251
1.827 -55.7252 0.0139695
1.83 -55.715 0.0139144
1.833 -55.7049 0.0138598
1.836 -55.6948 0.0138058
1.839 -55.6848 0.0137522
1.842 -55.6748 0.0136991
1.845 -55.6649 0.0136466
1.848 -55.655 0.0135945
1.851 -55.6452 0.0135429
1.854 -55.6355 0.0134918
1.857 -55.6257 0.0134411
1.86 -55.6161 0.013391
1.863 -55.6065 0.0133413
1.866 -55.5969 0.0132921
1.869 -55.5875 0.0132433
1.872 -55.578 0.013195
1.875 -55.5686 0.0131472
1.878 -55.5593 0.0130998
1.881 -55.55 0.0130528
1.884 -55.5408 0.0130063
1.887 -55.5316 0.0129602
1.89 -55.5224 0.0129146
1.893 -55.5134 0.0128694
1.896 -55.5043 0.0128246
1.899 -55.4954 0.0127803
1.902 -55.4864 0.0127364
1.905 -55.4775 0.0126929
1.908 -55.4687 0.0126498
1.911 -55.4599 0.0126071
1.914 -55.4512 0.0125648
1.917 -55.4425 0.0125229
1.92 -55.4339 0.0124814
1.923 -55.4253 0.0124403
1.926 -55.4168 0.0123996
1.929 -55.4083 0.0123593
1.932 -55.3998 0.0123194
1.935 -55.3915 0.0122799
1.938 -55.3831 0.0122407
1.941 -55.3748 0.012202
1.944 -55.3666 0.0121635
1.947 -55.3584 0.0121255
1.95 -55.3502 0.0120878
1.953 -55.3421 0.0120505
1.956 -55.334 0.0120136
1.959 -55.326 0.011977
1.962 -55.3181 0.0119407
1.965 -55.3101 0.0119049
1.968 -55.3023 0.0118693
1.971 -55.2944 0.0118341
1.974 -55.2866 0.0117993
1.977 -55.2789 0.0117647
1.98 -55.2712 0.0117306
1.983 -55.2636 0.0116967
1.986 -55.256 0.0116632
1.989 -55.2484 0.01163
1.992 -55.2409 0.0115971
1.995 -55.2334 0.0115646
1.998 -55.226 0.0115323
2.001 -55.2186 0.0115004
2.004 -55.2112 0.0114688
2.007 -55.2039 0.0114375
2.01 -55.1967 0.0114065
2.013 -55.1895 0.0113758
2.016 -55.1823 0.0113455
2.019 -55.1752 0.0113154
2.022 -55.1681 0.0112856
2.025 -55.161 0.0112561
2.028 -55.154 0.0112269
2.031 -55.147 0.011198
2.034 -55.1401 0.0111693
2.037 -55.1332 0.011141
2.04 -55.1264 0.0111129
2.043 -55.1196 0.0110851
2.046 -55.1128 0.0110576
2.049 -55.1061 0.0110304
2.052 -55.0994 0.0110034
2.055 -55.0928 0.0109767
2.058 -55.0862 0.0109503
2.061 -55.0796 0.0109241
2.064 -55.0731 0.0108982
2.067 -55.0666 0.0108726
2.07 -55.0602 0.0108472
2.073 -55.0538 0.010822
2.076 -55.0474 0.0107972
2.079 -55.0411 0.0107725
2.082 -55.0348 0.0107481
2.085 -55.0286 0.010724
2.088 -55.0224 0.0107001
2.091 -55.0162 0.0106764
2.094 -55.0101 0.010653
2.097 -55.004 0.0106298
2.1 -54.9979 0.0106069
2.103 -54.9919 0.0105842
2.106 -54.9859 0.0105617
2.109 -54.9799 0.0105394
2.112 -54.974 0.0105174
2.115 -54.9682 0.0104956
2.118 -54.9623 0.010474
2.121 -54.9565 0.0104526
2.124 -54.9507 0.0104315
2.127 -54.945 0.0104106
2.13 -54.9393 0.0103899
2.133 -54.9336 0.0103693
2.136 -54.928 0.0103491
2.139 -54.9224 0.010329
2.142 -54.9169 0.0103091
2.145 -54.9113 0.0102894
2.148 -54.9059 0.0102699
2.151 -54.9004 0.0102507
2.154 -54.895 0.0102316
2.157 -54.8896 0.0102127
2.16 -54.8842 0.010194
2.163 -54.8789 0.0101756
2.166 -54.8736 0.0101573
2.169 -54.8684 0.0101392
2.172 -54.8632 0.0101212
2.175 -54.858 0.0101035
2.178 -54.8528 0.010086
2.181 -54.8477 0.0100686
2.184 -54.8426 0.0100514
2.187 -54.8376 0.0100344
2.19 -54.8325 0.0100176
2.193 -54.8276 0.010001
2.196 -54.8226 0.00998449
2.199 -54.8177 0.00996819
2.202 -54.8128 0.00995206
2.205 -54.8079 0.00993611
2.208 -54.8031 0.00992032
2.211 -54.7983 0.00990469
2.214 -54.7935 0.00988924
2.217 -54.7887 0.00987394
2.22 -54.784 0.00985881
2.223 -54.7794 0.00984384
2.226 -54.7747 0.00982903
2.229 -54.7701 0.00981438
2.232 -54.7655 0.00979988
2.235 -54.7609 0.00978554
2.238 -54.7564 0.00977135
2.241 -54.7519 0.00975731
2.244 -54.7474 0.00974342
2.247 -54.743 0.00972968
2.25 -54.7386 0.00971609
2.253 -54.7342 0.00970265
2.256 -54.7298 0.00968935
2.259 -54.7255 0.00967619
2.262 -54.7212 0.00966318
2.265 -54.7169 0.0096503
2.268 -54.7127 0.00963757
2.271 -54.7085 0.00962497
2.274 -54.7043 0.00961251
2.277 -54.7001 0.00960018
2.28 -54.696 0.00958799
2.283 -54.6919 0.00957594
2.286 -54.6878 0.00956401
2.289 -54.6837 0.00955221
2.292 -54.6797 0.00954055
2.295 -54.6757 0.00952901
2.298 -54.6717 0.0095176
2.301 -54.6678 0.00950631
2.304 -54.6639 0.00949515
2.307 -54.66 0.00948411
2.31 -54.6561 0.00947319
2.313 -54.6523 0.00946239
2.316 -54.6485 0.00945171
2.319 -54.6447 0.00944115
2.322 -54.6409 0.00943071
2.325 -54.6372 0.00942038
2.328 -54.6335 0.00941017
2.331 -54.6298 0.00940007
2.334 -54.6261 0.00939009
2.337 -54.6225 0.00938022
2.34 -54.6189 0.00937045
2.343 -54.6153 0.0093608
2.346 -54.6117 0.00935125
2.349 -54.6082 0.00934182
2.352 -54.6046 0.00933248
2.355 -54.6011 0.00932326
2.358 -54.5977 0.00931414
2.361 -54.5942 0.00930512
2.364 -54.5908 0.0092962
2.367 -54.5874 0.00928739
2.37 -54.584 0.00927867
2.373 -54.5807 0.00927005
2.376 -54.5773 0.00926154
2.379 -54.574 0.00925312
2.382 -54.5708 0.00924479
2.385 -54.5675 0.00923656
2.388 -54.5643 0.00922843
2.391 -54.561 0.00922039
2.394 -54.5578 0.00921244
2.397 -54.5547 0.00920458
2.4 -54.5515 0.00919682
2.403 -54.5484 0.00918914
2.406 -54.5453 0.00918155
2.409 -54.5422 0.00917405
2.412 -54.5391 0.00916664
2.415 -54.5361 0.00915931
2.418 -54.5331 0.00915207
2.421 -54.5301 0.00914492
2.424 -54.5271 0.00913785
2.427 -54.5241 0.00913086
2.43 -54.5212 0.00912395
2.433 -54.5183 0.00911712
2.436 -54.5154 0.00911038
2.439 -54.5125 0.00910371
2.442 -54.5097 0.00909712
2.445 -54.5068 0.00909061
2.448 -54.504 0.00908418
2.451 -54.5012 0.00907783
2.454 -54.4984 0.00907155
2.457 -54.4957 0.00906534
2.46 -54.493 0.00905921
2.463 -54.4902 0.00905315
2.466 -54.4875 0.00904717
2.469 -54.4849 0.00904126
2.472 -54.4822 0.00903541
2.475 -54.4796 0.00902964
2.478 -54.4769 0.00902394
2.481 -54.4743 0.00901831
2.484 -54.4718 0.00901274
2.487 -54.4692 0.00900725
2.49 -54.4666 0.00900182
2.493 -54.4641 0.00899645
2.496 -54.4616 0.00899116
2.499 -54.4591 0.00898592
2.502 -54.4566 0.00898075
2.505 -54.4542 0.00897565
2.508 -54.4517 0.00897061
2.511 -54.4493 0.00896562
2.514 -54.4469 0.00896071
2.517 -54.4445 0.00895585
2.52 -54.4422 0.00895105
2.523 -54.4398 0.00894631
2.526 -54.4375 0.00894163
2.529 -54.4352 0.00893701
2.532 -54.4329 0.00893245
2.535 -54.4306 0.00892794
2.538 -54.4283 0.0089235
2.541 -54.4261 0.0089191
2.544 -54.4238 0.00891477
2.547 -54.4216 0.00891048
2.55 -54.4194 0.00890625
2.553 -54.4172 0.00890208
2.556 -54.4151 0.00889796
2.559 -54.4129 0.00889389
2.562 -54.4108 0.00888987
2.565 -54.4087 0.00888591
2.568 -54.4066 0.00888199
2.571 -54.4045 0.00887813
2.574 -54.4024 0.00887431
2.577 -54.4003 0.00887055
2.58 -54.3983 0.00886683
2.583 -54.3963 0.00886316
2.586 -54.3943 0.00885954
2.589 -54.3923 0.00885597
2.592 -54.3903 0.00885245
2.595 -54.3883 0.00884897
2.598 -54.3864 0.00884553
2.601 -54.3844 0.00884214
2.604 -54.3825 0.0088388
2.607 -54.3806 0.0088355
2.61 -54.3787 0.00883224
2.613 -54.3768 0.00882903
2.616 -54.375 0.00882586
2.619 -54.3731 0.00882273
2.622 -54.3713 0.00881964
2.625 -54.3694 0.0088166
2.628 -54.3676 0.0088136
2.631 -54.3658 0.00881063
2.634 -54.3641 0.00880771
2.637 -54.3623 0.00880483
2.64 -54.3605 0.00880198
2.643 -54.3588 0.00879918
2.646 -54.3571 0.00879641
2.649 -54.3553 0.00879368
2.652 -54.3536 0.00879099
2.655 -54.3519 0.00878834
2.658 -54.3503 0.00878572
2.661 -54.3486 0.00878314
2.664 -54.347 0.0087806
2.667 -54.3453 0.00877809
2.67 -54.3437 0.00877561
2.673 -54.3421 0.00877317
2.676 -54.3405 0.00877077
2.679 -54.3389 0.0087684
2.682 -54.3373 0.00876606
2.685 -54.3358 0.00876375
2.688 -54.3342 0.00876148
2.691 -54.3327 0.00875924
2.694 -54.3311 0.00875704
2.697 -54.3296 0.00875486
2.7 -54.3281 0.00875272
2.703 -54.3266 0.0087506
2.706 -54.3251 0.00874852
2.709 -54.3237 0.00874647
2.712 -54.3222 0.00874445
2.715 -54.3208 0.00874245
2.718 -54.3193 0.00874049
2.721 -54.3179 0.00873856
2.724 -54.3165 0.00873665
2.727 -54.3151 0.00873477
2.73 -54.3137 0.00873292
2.733 -54.3123 0.0087311
2.736 -54.311 0.00872931
2.739 -54.3096 0.00872754
2.742 -54.3083 0.0087258
2.745 -54.3069 0.00872408
2.748 -54.3056 0.0087224
2.751 -54.3043 0.00872073
2.754 -54.303 0.0087191
2.757 -54.3017 0.00871748
2.76 -54.3004 0.0087159
2.763 -54.2991 0.00871434
2.766 -54.2979 0.0087128
2.769 -54.2966 0.00871128
2.772 -54.2954 0.00870979
2.775 -54.2942 0.00870833
2.778 -54.2929 0.00870688
2.781 -54.2917 0.00870546
2.784 -54.2905 0.00870406
2.787 -54.2893 0.00870269
2.79 -54.2881 0.00870133
2.793 -54.287 0.0087
2.796 -54.2858 0.00869869
2.799 -54.2846 0.0086974
2.802 -54.2835 0.00869614
2.805 -54.2824 0.00869489
2.808 -54.2812 0.00869366
2.811 -54.2801 0.00869246
2.814 -54.279 0.00869127
2.817 -54.2779 0.00869011
2.82 -54.2768 0.00868896
2.823 -54.2757 0.00868783
2.826 -54.2747 0.00868672
2.829 -54.2736 0.00868563
2.832 -54.2725 0.00868456
2.835 -54.2715 0.00868351
2.838 -54.2705 0.00868248
2.841 -54.2694 0.00868146
2.844 -54.2684 0.00868046
2.847 -54.2674 0.00867948
2.85 -54.2664 0.00867852
2.853 -54.2654 0.00867757
2.856 -54.2644 0.00867664
2.859 -54.2634 0.00867573
2.862 -54.2625 0.00867484
2.865 -54.2615 0.00867396
2.868 -54.2605 0.00867309
2.871 -54.2596 0.00867225
2.874 -54.2586 0.00867141
2.877 -54.2577 0.0086706
2.88 -54.2568 0.00866979
2.883 -54.2559 0.00866901
2.886 -54.255 0.00866824
2.889 -54.2541 0.00866748
2.892 -54.2532 0.00866674
2.895 -54.2523 0.00866601
2.898 -54.2514 0.0086653
2.901 -54.2505 0.0086646
2.904 -54.2497 0.00866391
2.907 -54.2488 0.00866324
2.91 -54.248 0.00866258
2.913 -54.2471 0.00866193
2.916 -54.2463 0.0086613
2.919 -54.2455 0.00866068
2.922 -54.2446 0.00866007
2.925 -54.2438 0.00865948
2.928 -54.243 0.0086589
2.931 -54.2422 0.00865833
2.934 -54.2414 0.00865777
2.937 -54.2406 0.00865723
2.94 -54.2399 0.00865669
2.943 -54.2391 0.00865617
2.946 -54.2383 0.00865566
2.949 -54.2376 0.00865516
2.952 -54.2368 0.00865467
2.955 -54.2361 0.00865419
2.958 -54.2353 0.00865373
2.961 -54.2346 0.00865327
2.964 -54.2339 0.00865283
2.967 -54.2331 0.00865239
2.97 -54.2324 0.00865197
2.973 -54.2317 0.00865155
2.976 -54.231 0.00865115
2.979 -54.2303 0.00865076
2.982 -54.2296 0.00865037
2.985 -54.2289 0.00865
2.988 -54.2282 0.00864963
2.991 -54.2276 0.00864928
2.994 -54.2269 0.00864893
2.997 -54.2262 0.00864859
