0 1.19684 0.543977
0.5 1.29576 0.605529
1 1.50545 0.742066
1.5 1.32327 0.632014
2 1.15081 0.455518
2.5 1.25103 0.486631
3 1.26624 0.499592
3.5 1.12661 0.393243
4 0.79991 0.267814
4.5 0.473625 0.105874
5 0.45276 0.0789796
5.5 0.534802 0.14741
6 0.383262 0.0850931
6.5 0.380348 0.112648
7 0.443019 0.0968414
7.5 1.2062 0.54635
8 0.375035 0.103526
8.5 0.830992 0.441182
9 0.380502 0.16594
9.5 1.19558 0.557964
10 0.737821 0.294402
10.5 0.403903 0.0939342
11 0.785348 0.376153
11.5 1.75409 1.03376
12 0.831552 0.660341
