0 0.488225 1.85505
0.5 0.545082 1.80118
1 0.340747 1.24578
1.5 0.419862 1.45279
2 0.660385 2.49259
2.5 0.434009 1.78846
3 0.553418 2.62138
3.5 0.359389 1.49512
4 0.349011 1.51808
4.5 0.519388 2.06035
5 0.436512 2.06357
5.5 0.495208 1.83981
6 0.379367 1.58206
6.5 0.24375 0.982501
7 0.659307 2.61464
7.5 0.563835 2.1985
8 0.259717 1.07603
8.5 0.31207 1.36485
9 0.196064 0.98835
9.5 0.358569 1.64141
10 0.406334 1.79058
10.5 0.257321 1.29455
11 0.283341 1.20107
11.5 0.148779 0.663795
12 0.199464 0.797342
