0 5.72994 2.87552
0.5 4.83039 2.52761
1 4.83596 2.89959
1.5 3.21852 1.85594
2 2.77625 1.39739
2.5 2.57635 1.26748
3 2.37027 1.20379
3.5 1.84273 0.865714
4 1.37497 0.630089
4.5 0.775169 0.260791
5 0.672298 0.188612
5.5 0.782512 0.309861
6 0.537614 0.175519
6.5 0.511436 0.200703
7 0.579335 0.193289
7.5 1.47702 0.827222
8 0.462139 0.171473
8.5 0.988429 0.626608
9 0.452993 0.242967
9.5 1.40021 0.812128
10 0.842797 0.423816
10.5 0.461609 0.148311
11 0.888368 0.510183
11.5 1.86739 1.33008
12 0.887396 0.789238
