0 0.417748 0.0197712
0.5 0.536503 0.030021
1 0.622606 0.0664131
1.5 0.822283 0.0814286
2 0.829043 0.0891346
2.5 0.971164 0.100012
3 1.06843 0.121076
3.5 1.22276 0.147648
4 1.16353 0.14364
4.5 1.22199 0.137953
5 1.3469 0.142918
5.5 1.36688 0.164502
6 1.42579 0.148931
6.5 1.48737 0.143173
7 1.5294 0.17595
7.5 1.63329 0.174941
8 1.62304 0.154187
8.5 1.68144 0.173244
9 1.67995 0.168417
9.5 1.70772 0.193516
10 1.75089 0.181837
10.5 1.74998 0.155268
11 1.76807 0.168549
11.5 1.87865 0.230928
12 1.87414 0.178566
