0 0.334811 1.26234
0.5 0.356622 1.23995
1 0.220653 0.834885
1.5 0.285166 1.05035
2 0.298489 1.17129
2.5 0.242337 0.994389
3 0.258228 1.07724
3.5 0.216356 0.917313
4 0.217415 0.932908
4.5 0.261156 1.07507
5 0.190822 0.888617
5.5 0.254521 1.01183
6 0.185729 0.787139
6.5 0.175575 0.734998
7 0.275177 1.13636
7.5 0.21741 0.85615
8 0.157171 0.662845
8.5 0.156484 0.716322
9 0.105102 0.497528
9.5 0.154955 0.706041
10 0.145855 0.682142
10.5 0.120498 0.596383
11 0.141767 0.624589
11.5 0.0953962 0.44879
12 0.0946826 0.421024
