-80 0.1 0
-79.2 0.1 0
-78.4 0.1 0
-77.6 0.1 0
-76.8 0.1 0
-76 0.1 0
-75.2 0.1 0
-74.4 0.1 0
-73.6 0.1 0
-72.8 0.1 0
-72 0.1 0
-71.2 0.1 0
-70.4 0.1 0
-69.6 0.1 0
-68.8 0.1 0
-68 0.1 0
-67.2 0.1 0
-66.4 0.1 0
-65.6 0.1 0
-64.8 0.1 0
-64 0.1 0
-63.2 0.1 0
-62.4 0.1 0
-61.6 0.1 0
-60.8 0.1 0
-60 0.1 0
-59.2 0.1 0
-58.4 0.1 0
-57.6 0.1 0
-56.8 0.1 0
-56 0.1 0
-55.2 0.1 0
-54.4 0.1 0
-53.6 0.1 0
-52.8 0.1 0
-52 0.1 11
-51.2 0.1 11
-50.4 0.1 12
-49.6 0.1 12
-48.8 0.1 12
-48 0.1 12
-47.2 0.1 12
-46.4 0.1 12
-45.6 0.1 12
-44.8 0.1 12
-44 0.1 12
-43.2 0.1 12
-42.4 0.1 12
-41.6 0.1 12
-40.8 0.1 12
-40 0.1 12
-39.2 0.1 12
-38.4 0.1 12
-37.6 0.1 12
-36.8 0.1 13
-36 0.1 13
-35.2 0.1 13
-34.4 0.1 13
-33.6 0.1 13
-32.8 0.1 13
-32 0.1 13
-31.2 0.1 13
-30.4 0.1 12
-29.6 0.1 12
-28.8 0.1 12
-28 0.1 12
-27.2 0.1 12
-26.4 0.1 12
-25.6 0.1 12
-24.8 0.1 11
-24 0.1 11
-23.2 0.1 11
-22.4 0.1 11
-21.6 0.1 11
-20.8 0.1 11
-20 0.1 11
-19.2 0.1 11
-18.4 0.1 11
-17.6 0.1 11
-16.8 0.1 11
-16 0.1 11
-15.2 0.1 11
-14.4 0.1 11
-13.6 0.1 11
-12.8 0.1 11
-12 0.1 11
-11.2 0.1 11
-10.4 0.1 10
-9.6 0.1 10
-8.8 0.1 10
-8 0.1 10
-7.2 0.1 10
-6.4 0.1 10
-5.6 0.1 10
-4.8 0.1 10
-4 0.1 10
-3.2 0.1 10
-2.4 0.1 10
-1.6 0.1 9
-0.8 0.1 9
0 0.1 9
-80 0.18 0
-79.2 0.18 0
-78.4 0.18 0
-77.6 0.18 0
-76.8 0.18 0
-76 0.18 0
-75.2 0.18 0
-74.4 0.18 0
-73.6 0.18 0
-72.8 0.18 0
-72 0.18 0
-71.2 0.18 0
-70.4 0.18 0
-69.6 0.18 0
-68.8 0.18 0
-68 0.18 0
-67.2 0.18 0
-66.4 0.18 0
-65.6 0.18 0
-64.8 0.18 0
-64 0.18 0
-63.2 0.18 0
-62.4 0.18 0
-61.6 0.18 0
-60.8 0.18 0
-60 0.18 0
-59.2 0.18 0
-58.4 0.18 0
-57.6 0.18 0
-56.8 0.18 0
-56 0.18 0
-55.2 0.18 0
-54.4 0.18 0
-53.6 0.18 0
-52.8 0.18 0
-52 0.18 0
-51.2 0.18 0
-50.4 0.18 0
-49.6 0.18 10
-48.8 0.18 11
-48 0.18 12
-47.2 0.18 12
-46.4 0.18 12
-45.6 0.18 12
-44.8 0.18 12
-44 0.18 12
-43.2 0.18 12
-42.4 0.18 12
-41.6 0.18 12
-40.8 0.18 12
-40 0.18 12
-39.2 0.18 13
-38.4 0.18 13
-37.6 0.18 13
-36.8 0.18 13
-36 0.18 13
-35.2 0.18 13
-34.4 0.18 13
-33.6 0.18 13
-32.8 0.18 13
-32 0.18 13
-31.2 0.18 13
-30.4 0.18 13
-29.6 0.18 13
-28.8 0.18 13
-28 0.18 13
-27.2 0.18 13
-26.4 0.18 13
-25.6 0.18 13
-24.8 0.18 12
-24 0.18 12
-23.2 0.18 12
-22.4 0.18 12
-21.6 0.18 11
-20.8 0.18 11
-20 0.18 11
-19.2 0.18 11
-18.4 0.18 11
-17.6 0.18 11
-16.8 0.18 11
-16 0.18 11
-15.2 0.18 11
-14.4 0.18 11
-13.6 0.18 11
-12.8 0.18 11
-12 0.18 11
-11.2 0.18 11
-10.4 0.18 11
-9.6 0.18 11
-8.8 0.18 11
-8 0.18 11
-7.2 0.18 11
-6.4 0.18 10
-5.6 0.18 10
-4.8 0.18 10
-4 0.18 10
-3.2 0.18 10
-2.4 0.18 10
-1.6 0.18 10
-0.8 0.18 10
0 0.18 10
-80 0.26 0
-79.2 0.26 0
-78.4 0.26 0
-77.6 0.26 0
-76.8 0.26 0
-76 0.26 0
-75.2 0.26 0
-74.4 0.26 0
-73.6 0.26 0
-72.8 0.26 0
-72 0.26 0
-71.2 0.26 0
-70.4 0.26 0
-69.6 0.26 0
-68.8 0.26 0
-68 0.26 0
-67.2 0.26 0
-66.4 0.26 0
-65.6 0.26 0
-64.8 0.26 0
-64 0.26 0
-63.2 0.26 0
-62.4 0.26 0
-61.6 0.26 0
-60.8 0.26 0
-60 0.26 0
-59.2 0.26 0
-58.4 0.26 0
-57.6 0.26 0
-56.8 0.26 0
-56 0.26 0
-55.2 0.26 0
-54.4 0.26 0
-53.6 0.26 0
-52.8 0.26 0
-52 0.26 0
-51.2 0.26 0
-50.4 0.26 0
-49.6 0.26 0
-48.8 0.26 0
-48 0.26 0
-47.2 0.26 0
-46.4 0.26 11
-45.6 0.26 11
-44.8 0.26 12
-44 0.26 12
-43.2 0.26 12
-42.4 0.26 12
-41.6 0.26 12
-40.8 0.26 12
-40 0.26 12
-39.2 0.26 12
-38.4 0.26 13
-37.6 0.26 13
-36.8 0.26 13
-36 0.26 13
-35.2 0.26 13
-34.4 0.26 13
-33.6 0.26 13
-32.8 0.26 13
-32 0.26 13
-31.2 0.26 13
-30.4 0.26 13
-29.6 0.26 13
-28.8 0.26 13
-28 0.26 13
-27.2 0.26 13
-26.4 0.26 13
-25.6 0.26 13
-24.8 0.26 12
-24 0.26 12
-23.2 0.26 12
-22.4 0.26 12
-21.6 0.26 12
-20.8 0.26 12
-20 0.26 12
-19.2 0.26 12
-18.4 0.26 12
-17.6 0.26 12
-16.8 0.26 11
-16 0.26 11
-15.2 0.26 11
-14.4 0.26 11
-13.6 0.26 11
-12.8 0.26 11
-12 0.26 11
-11.2 0.26 11
-10.4 0.26 11
-9.6 0.26 11
-8.8 0.26 11
-8 0.26 11
-7.2 0.26 11
-6.4 0.26 11
-5.6 0.26 11
-4.8 0.26 11
-4 0.26 11
-3.2 0.26 10
-2.4 0.26 10
-1.6 0.26 10
-0.8 0.26 10
0 0.26 10
-80 0.34 0
-79.2 0.34 0
-78.4 0.34 0
-77.6 0.34 0
-76.8 0.34 0
-76 0.34 0
-75.2 0.34 0
-74.4 0.34 0
-73.6 0.34 0
-72.8 0.34 0
-72 0.34 0
-71.2 0.34 0
-70.4 0.34 0
-69.6 0.34 0
-68.8 0.34 0
-68 0.34 0
-67.2 0.34 0
-66.4 0.34 0
-65.6 0.34 0
-64.8 0.34 0
-64 0.34 0
-63.2 0.34 0
-62.4 0.34 0
-61.6 0.34 0
-60.8 0.34 0
-60 0.34 0
-59.2 0.34 0
-58.4 0.34 0
-57.6 0.34 0
-56.8 0.34 0
-56 0.34 0
-55.2 0.34 0
-54.4 0.34 0
-53.6 0.34 0
-52.8 0.34 0
-52 0.34 0
-51.2 0.34 0
-50.4 0.34 0
-49.6 0.34 0
-48.8 0.34 0
-48 0.34 0
-47.2 0.34 0
-46.4 0.34 0
-45.6 0.34 0
-44.8 0.34 0
-44 0.34 0
-43.2 0.34 11
-42.4 0.34 11
-41.6 0.34 12
-40.8 0.34 12
-40 0.34 12
-39.2 0.34 12
-38.4 0.34 12
-37.6 0.34 12
-36.8 0.34 13
-36 0.34 13
-35.2 0.34 13
-34.4 0.34 13
-33.6 0.34 13
-32.8 0.34 13
-32 0.34 13
-31.2 0.34 14
-30.4 0.34 14
-29.6 0.34 14
-28.8 0.34 14
-28 0.34 14
-27.2 0.34 14
-26.4 0.34 14
-25.6 0.34 14
-24.8 0.34 13
-24 0.34 13
-23.2 0.34 12
-22.4 0.34 12
-21.6 0.34 12
-20.8 0.34 12
-20 0.34 12
-19.2 0.34 12
-18.4 0.34 12
-17.6 0.34 12
-16.8 0.34 12
-16 0.34 12
-15.2 0.34 12
-14.4 0.34 12
-13.6 0.34 11
-12.8 0.34 11
-12 0.34 11
-11.2 0.34 11
-10.4 0.34 11
-9.6 0.34 11
-8.8 0.34 11
-8 0.34 11
-7.2 0.34 11
-6.4 0.34 11
-5.6 0.34 11
-4.8 0.34 11
-4 0.34 11
-3.2 0.34 11
-2.4 0.34 11
-1.6 0.34 11
-0.8 0.34 10
0 0.34 10
-80 0.42 0
-79.2 0.42 0
-78.4 0.42 0
-77.6 0.42 0
-76.8 0.42 0
-76 0.42 0
-75.2 0.42 0
-74.4 0.42 0
-73.6 0.42 0
-72.8 0.42 0
-72 0.42 0
-71.2 0.42 0
-70.4 0.42 0
-69.6 0.42 0
-68.8 0.42 0
-68 0.42 0
-67.2 0.42 0
-66.4 0.42 0
-65.6 0.42 0
-64.8 0.42 0
-64 0.42 0
-63.2 0.42 0
-62.4 0.42 0
-61.6 0.42 0
-60.8 0.42 0
-60 0.42 0
-59.2 0.42 0
-58.4 0.42 0
-57.6 0.42 0
-56.8 0.42 0
-56 0.42 0
-55.2 0.42 0
-54.4 0.42 0
-53.6 0.42 0
-52.8 0.42 0
-52 0.42 0
-51.2 0.42 0
-50.4 0.42 0
-49.6 0.42 0
-48.8 0.42 0
-48 0.42 0
-47.2 0.42 0
-46.4 0.42 0
-45.6 0.42 0
-44.8 0.42 0
-44 0.42 0
-43.2 0.42 0
-42.4 0.42 0
-41.6 0.42 0
-40.8 0.42 0
-40 0.42 11
-39.2 0.42 12
-38.4 0.42 12
-37.6 0.42 12
-36.8 0.42 12
-36 0.42 12
-35.2 0.42 12
-34.4 0.42 13
-33.6 0.42 13
-32.8 0.42 13
-32 0.42 13
-31.2 0.42 13
-30.4 0.42 14
-29.6 0.42 14
-28.8 0.42 14
-28 0.42 15
-27.2 0.42 16
-26.4 0.42 16
-25.6 0.42 16
-24.8 0.42 14
-24 0.42 14
-23.2 0.42 13
-22.4 0.42 13
-21.6 0.42 13
-20.8 0.42 13
-20 0.42 13
-19.2 0.42 12
-18.4 0.42 12
-17.6 0.42 12
-16.8 0.42 12
-16 0.42 12
-15.2 0.42 12
-14.4 0.42 12
-13.6 0.42 12
-12.8 0.42 12
-12 0.42 12
-11.2 0.42 11
-10.4 0.42 11
-9.6 0.42 11
-8.8 0.42 11
-8 0.42 11
-7.2 0.42 11
-6.4 0.42 11
-5.6 0.42 11
-4.8 0.42 11
-4 0.42 11
-3.2 0.42 11
-2.4 0.42 11
-1.6 0.42 11
-0.8 0.42 10
0 0.42 10
-80 0.5 0
-79.2 0.5 0
-78.4 0.5 0
-77.6 0.5 0
-76.8 0.5 0
-76 0.5 0
-75.2 0.5 0
-74.4 0.5 0
-73.6 0.5 0
-72.8 0.5 0
-72 0.5 0
-71.2 0.5 0
-70.4 0.5 0
-69.6 0.5 0
-68.8 0.5 0
-68 0.5 0
-67.2 0.5 0
-66.4 0.5 0
-65.6 0.5 0
-64.8 0.5 0
-64 0.5 0
-63.2 0.5 0
-62.4 0.5 0
-61.6 0.5 0
-60.8 0.5 0
-60 0.5 0
-59.2 0.5 0
-58.4 0.5 0
-57.6 0.5 0
-56.8 0.5 0
-56 0.5 0
-55.2 0.5 0
-54.4 0.5 0
-53.6 0.5 0
-52.8 0.5 0
-52 0.5 0
-51.2 0.5 0
-50.4 0.5 0
-49.6 0.5 0
-48.8 0.5 0
-48 0.5 0
-47.2 0.5 0
-46.4 0.5 0
-45.6 0.5 0
-44.8 0.5 0
-44 0.5 0
-43.2 0.5 0
-42.4 0.5 0
-41.6 0.5 0
-40.8 0.5 0
-40 0.5 0
-39.2 0.5 0
-38.4 0.5 0
-37.6 0.5 8
-36.8 0.5 11
-36 0.5 12
-35.2 0.5 12
-34.4 0.5 12
-33.6 0.5 12
-32.8 0.5 12
-32 0.5 13
-31.2 0.5 13
-30.4 0.5 13
-29.6 0.5 13
-28.8 0.5 13
-28 0.5 14
-27.2 0.5 14
-26.4 0.5 14
-25.6 0.5 14
-24.8 0.5 14
-24 0.5 14
-23.2 0.5 14
-22.4 0.5 14
-21.6 0.5 13
-20.8 0.5 13
-20 0.5 13
-19.2 0.5 13
-18.4 0.5 13
-17.6 0.5 12
-16.8 0.5 12
-16 0.5 12
-15.2 0.5 12
-14.4 0.5 12
-13.6 0.5 12
-12.8 0.5 12
-12 0.5 12
-11.2 0.5 12
-10.4 0.5 12
-9.6 0.5 11
-8.8 0.5 11
-8 0.5 11
-7.2 0.5 11
-6.4 0.5 11
-5.6 0.5 11
-4.8 0.5 11
-4 0.5 11
-3.2 0.5 11
-2.4 0.5 11
-1.6 0.5 10
-0.8 0.5 10
0 0.5 10
-80 0.58 0
-79.2 0.58 0
-78.4 0.58 0
-77.6 0.58 0
-76.8 0.58 0
-76 0.58 0
-75.2 0.58 0
-74.4 0.58 0
-73.6 0.58 0
-72.8 0.58 0
-72 0.58 0
-71.2 0.58 0
-70.4 0.58 0
-69.6 0.58 0
-68.8 0.58 0
-68 0.58 0
-67.2 0.58 0
-66.4 0.58 0
-65.6 0.58 0
-64.8 0.58 0
-64 0.58 0
-63.2 0.58 0
-62.4 0.58 0
-61.6 0.58 0
-60.8 0.58 0
-60 0.58 0
-59.2 0.58 0
-58.4 0.58 0
-57.6 0.58 0
-56.8 0.58 0
-56 0.58 0
-55.2 0.58 0
-54.4 0.58 0
-53.6 0.58 0
-52.8 0.58 0
-52 0.58 0
-51.2 0.58 0
-50.4 0.58 0
-49.6 0.58 0
-48.8 0.58 0
-48 0.58 0
-47.2 0.58 0
-46.4 0.58 0
-45.6 0.58 0
-44.8 0.58 0
-44 0.58 0
-43.2 0.58 0
-42.4 0.58 0
-41.6 0.58 0
-40.8 0.58 0
-40 0.58 0
-39.2 0.58 0
-38.4 0.58 0
-37.6 0.58 0
-36.8 0.58 0
-36 0.58 0
-35.2 0.58 0
-34.4 0.58 0
-33.6 0.58 11
-32.8 0.58 12
-32 0.58 12
-31.2 0.58 12
-30.4 0.58 12
-29.6 0.58 12
-28.8 0.58 12
-28 0.58 13
-27.2 0.58 13
-26.4 0.58 13
-25.6 0.58 13
-24.8 0.58 13
-24 0.58 13
-23.2 0.58 13
-22.4 0.58 13
-21.6 0.58 13
-20.8 0.58 13
-20 0.58 13
-19.2 0.58 13
-18.4 0.58 12
-17.6 0.58 12
-16.8 0.58 12
-16 0.58 12
-15.2 0.58 12
-14.4 0.58 12
-13.6 0.58 12
-12.8 0.58 12
-12 0.58 12
-11.2 0.58 12
-10.4 0.58 11
-9.6 0.58 11
-8.8 0.58 11
-8 0.58 11
-7.2 0.58 11
-6.4 0.58 11
-5.6 0.58 11
-4.8 0.58 11
-4 0.58 10
-3.2 0.58 10
-2.4 0.58 9
-1.6 0.58 0
-0.8 0.58 0
0 0.58 0
-80 0.66 0
-79.2 0.66 0
-78.4 0.66 0
-77.6 0.66 0
-76.8 0.66 0
-76 0.66 0
-75.2 0.66 0
-74.4 0.66 0
-73.6 0.66 0
-72.8 0.66 0
-72 0.66 0
-71.2 0.66 0
-70.4 0.66 0
-69.6 0.66 0
-68.8 0.66 0
-68 0.66 0
-67.2 0.66 0
-66.4 0.66 0
-65.6 0.66 0
-64.8 0.66 0
-64 0.66 0
-63.2 0.66 0
-62.4 0.66 0
-61.6 0.66 0
-60.8 0.66 0
-60 0.66 0
-59.2 0.66 0
-58.4 0.66 0
-57.6 0.66 0
-56.8 0.66 0
-56 0.66 0
-55.2 0.66 0
-54.4 0.66 0
-53.6 0.66 0
-52.8 0.66 0
-52 0.66 0
-51.2 0.66 0
-50.4 0.66 0
-49.6 0.66 0
-48.8 0.66 0
-48 0.66 0
-47.2 0.66 0
-46.4 0.66 0
-45.6 0.66 0
-44.8 0.66 0
-44 0.66 0
-43.2 0.66 0
-42.4 0.66 0
-41.6 0.66 0
-40.8 0.66 0
-40 0.66 0
-39.2 0.66 0
-38.4 0.66 0
-37.6 0.66 0
-36.8 0.66 0
-36 0.66 0
-35.2 0.66 0
-34.4 0.66 0
-33.6 0.66 0
-32.8 0.66 0
-32 0.66 0
-31.2 0.66 0
-30.4 0.66 0
-29.6 0.66 11
-28.8 0.66 11
-28 0.66 12
-27.2 0.66 12
-26.4 0.66 12
-25.6 0.66 12
-24.8 0.66 12
-24 0.66 12
-23.2 0.66 12
-22.4 0.66 12
-21.6 0.66 12
-20.8 0.66 12
-20 0.66 12
-19.2 0.66 12
-18.4 0.66 12
-17.6 0.66 12
-16.8 0.66 12
-16 0.66 12
-15.2 0.66 12
-14.4 0.66 12
-13.6 0.66 12
-12.8 0.66 11
-12 0.66 11
-11.2 0.66 11
-10.4 0.66 11
-9.6 0.66 11
-8.8 0.66 11
-8 0.66 11
-7.2 0.66 10
-6.4 0.66 0
-5.6 0.66 0
-4.8 0.66 0
-4 0.66 0
-3.2 0.66 0
-2.4 0.66 0
-1.6 0.66 0
-0.8 0.66 0
0 0.66 0
-80 0.74 0
-79.2 0.74 0
-78.4 0.74 0
-77.6 0.74 0
-76.8 0.74 0
-76 0.74 0
-75.2 0.74 0
-74.4 0.74 0
-73.6 0.74 0
-72.8 0.74 0
-72 0.74 0
-71.2 0.74 0
-70.4 0.74 0
-69.6 0.74 0
-68.8 0.74 0
-68 0.74 0
-67.2 0.74 0
-66.4 0.74 0
-65.6 0.74 0
-64.8 0.74 0
-64 0.74 0
-63.2 0.74 0
-62.4 0.74 0
-61.6 0.74 0
-60.8 0.74 0
-60 0.74 0
-59.2 0.74 0
-58.4 0.74 0
-57.6 0.74 0
-56.8 0.74 0
-56 0.74 0
-55.2 0.74 0
-54.4 0.74 0
-53.6 0.74 0
-52.8 0.74 0
-52 0.74 0
-51.2 0.74 0
-50.4 0.74 0
-49.6 0.74 0
-48.8 0.74 0
-48 0.74 0
-47.2 0.74 0
-46.4 0.74 0
-45.6 0.74 0
-44.8 0.74 0
-44 0.74 0
-43.2 0.74 0
-42.4 0.74 0
-41.6 0.74 0
-40.8 0.74 0
-40 0.74 0
-39.2 0.74 0
-38.4 0.74 0
-37.6 0.74 0
-36.8 0.74 0
-36 0.74 0
-35.2 0.74 0
-34.4 0.74 0
-33.6 0.74 0
-32.8 0.74 0
-32 0.74 0
-31.2 0.74 0
-30.4 0.74 0
-29.6 0.74 0
-28.8 0.74 0
-28 0.74 0
-27.2 0.74 0
-26.4 0.74 0
-25.6 0.74 0
-24.8 0.74 0
-24 0.74 10
-23.2 0.74 11
-22.4 0.74 11
-21.6 0.74 11
-20.8 0.74 11
-20 0.74 11
-19.2 0.74 11
-18.4 0.74 11
-17.6 0.74 11
-16.8 0.74 11
-16 0.74 11
-15.2 0.74 11
-14.4 0.74 10
-13.6 0.74 0
-12.8 0.74 0
-12 0.74 0
-11.2 0.74 0
-10.4 0.74 0
-9.6 0.74 0
-8.8 0.74 0
-8 0.74 0
-7.2 0.74 0
-6.4 0.74 0
-5.6 0.74 0
-4.8 0.74 0
-4 0.74 0
-3.2 0.74 0
-2.4 0.74 0
-1.6 0.74 0
-0.8 0.74 0
0 0.74 0
-80 0.82 0
-79.2 0.82 0
-78.4 0.82 0
-77.6 0.82 0
-76.8 0.82 0
-76 0.82 0
-75.2 0.82 0
-74.4 0.82 0
-73.6 0.82 0
-72.8 0.82 0
-72 0.82 0
-71.2 0.82 0
-70.4 0.82 0
-69.6 0.82 0
-68.8 0.82 0
-68 0.82 0
-67.2 0.82 0
-66.4 0.82 0
-65.6 0.82 0
-64.8 0.82 0
-64 0.82 0
-63.2 0.82 0
-62.4 0.82 0
-61.6 0.82 0
-60.8 0.82 0
-60 0.82 0
-59.2 0.82 0
-58.4 0.82 0
-57.6 0.82 0
-56.8 0.82 0
-56 0.82 0
-55.2 0.82 0
-54.4 0.82 0
-53.6 0.82 0
-52.8 0.82 0
-52 0.82 0
-51.2 0.82 0
-50.4 0.82 0
-49.6 0.82 0
-48.8 0.82 0
-48 0.82 0
-47.2 0.82 0
-46.4 0.82 0
-45.6 0.82 0
-44.8 0.82 0
-44 0.82 0
-43.2 0.82 0
-42.4 0.82 0
-41.6 0.82 0
-40.8 0.82 0
-40 0.82 0
-39.2 0.82 0
-38.4 0.82 0
-37.6 0.82 0
-36.8 0.82 0
-36 0.82 0
-35.2 0.82 0
-34.4 0.82 0
-33.6 0.82 0
-32.8 0.82 0
-32 0.82 0
-31.2 0.82 0
-30.4 0.82 0
-29.6 0.82 0
-28.8 0.82 0
-28 0.82 0
-27.2 0.82 0
-26.4 0.82 0
-25.6 0.82 0
-24.8 0.82 0
-24 0.82 0
-23.2 0.82 0
-22.4 0.82 0
-21.6 0.82 0
-20.8 0.82 0
-20 0.82 0
-19.2 0.82 0
-18.4 0.82 0
-17.6 0.82 0
-16.8 0.82 0
-16 0.82 0
-15.2 0.82 0
-14.4 0.82 0
-13.6 0.82 0
-12.8 0.82 0
-12 0.82 0
-11.2 0.82 0
-10.4 0.82 0
-9.6 0.82 0
-8.8 0.82 0
-8 0.82 0
-7.2 0.82 0
-6.4 0.82 0
-5.6 0.82 0
-4.8 0.82 0
-4 0.82 0
-3.2 0.82 0
-2.4 0.82 0
-1.6 0.82 0
-0.8 0.82 0
0 0.82 0
-80 0.9 0
-79.2 0.9 0
-78.4 0.9 0
-77.6 0.9 0
-76.8 0.9 0
-76 0.9 0
-75.2 0.9 0
-74.4 0.9 0
-73.6 0.9 0
-72.8 0.9 0
-72 0.9 0
-71.2 0.9 0
-70.4 0.9 0
-69.6 0.9 0
-68.8 0.9 0
-68 0.9 0
-67.2 0.9 0
-66.4 0.9 0
-65.6 0.9 0
-64.8 0.9 0
-64 0.9 0
-63.2 0.9 0
-62.4 0.9 0
-61.6 0.9 0
-60.8 0.9 0
-60 0.9 0
-59.2 0.9 0
-58.4 0.9 0
-57.6 0.9 0
-56.8 0.9 0
-56 0.9 0
-55.2 0.9 0
-54.4 0.9 0
-53.6 0.9 0
-52.8 0.9 0
-52 0.9 0
-51.2 0.9 0
-50.4 0.9 0
-49.6 0.9 0
-48.8 0.9 0
-48 0.9 0
-47.2 0.9 0
-46.4 0.9 0
-45.6 0.9 0
-44.8 0.9 0
-44 0.9 0
-43.2 0.9 0
-42.4 0.9 0
-41.6 0.9 0
-40.8 0.9 0
-40 0.9 0
-39.2 0.9 0
-38.4 0.9 0
-37.6 0.9 0
-36.8 0.9 0
-36 0.9 0
-35.2 0.9 0
-34.4 0.9 0
-33.6 0.9 0
-32.8 0.9 0
-32 0.9 0
-31.2 0.9 0
-30.4 0.9 0
-29.6 0.9 0
-28.8 0.9 0
-28 0.9 0
-27.2 0.9 0
-26.4 0.9 0
-25.6 0.9 0
-24.8 0.9 0
-24 0.9 0
-23.2 0.9 0
-22.4 0.9 0
-21.6 0.9 0
-20.8 0.9 0
-20 0.9 0
-19.2 0.9 0
-18.4 0.9 0
-17.6 0.9 0
-16.8 0.9 0
-16 0.9 0
-15.2 0.9 0
-14.4 0.9 0
-13.6 0.9 0
-12.8 0.9 0
-12 0.9 0
-11.2 0.9 0
-10.4 0.9 0
-9.6 0.9 0
-8.8 0.9 0
-8 0.9 0
-7.2 0.9 0
-6.4 0.9 0
-5.6 0.9 0
-4.8 0.9 0
-4 0.9 0
-3.2 0.9 0
-2.4 0.9 0
-1.6 0.9 0
-0.8 0.9 0
0 0.9 0
