-80 0.1 0 0.000277385 -65.9491
-72 0.1 0 0.000277385 -65.9491
-64 0.1 0 0.000277385 -65.9491
-56 0.1 0 0.000277385 -65.9491
-48 0.1 12 0.448718 -36.6104
-40 0.1 12 0.0775781 -35.16
-32 0.1 13 0.196747 -21.8134
-24 0.1 11 0.0944133 -42.3972
-16 0.1 11 0.609862 -29.8676
-8 0.1 10 0.0905234 -42.0469
0 0.1 9 0.621933 -13.4461
-80 0.18 0 0.000277385 -65.9491
-72 0.18 0 0.000277385 -65.9491
-64 0.18 0 0.000277385 -65.9491
-56 0.18 0 0.000277385 -65.9491
-48 0.18 12 0.177096 -23.0626
-40 0.18 12 0.131936 -26.5679
-32 0.18 13 0.636122 -28.3575
-24 0.18 12 0.445566 -12.3684
-16 0.18 11 0.178818 -43.7114
-8 0.18 11 0.487378 -11.8721
0 0.18 10 0.65145 -14.7807
-80 0.26 0 0.000277385 -65.9491
-72 0.26 0 0.000277385 -65.9491
-64 0.26 0 0.000277385 -65.9491
-56 0.26 0 0.000277385 -65.9491
-48 0.26 0 0.000277385 -65.9491
-40 0.26 12 0.0747607 -37.4829
-32 0.26 13 0.118151 -43.5251
-24 0.26 12 0.32643 -40.496
-16 0.26 11 0.0756951 -36.1977
-8 0.26 11 0.588244 -30.9662
0 0.26 10 0.223642 -43.0212
-80 0.34 0 0.000277385 -65.9491
-72 0.34 0 0.000277385 -65.9491
-64 0.34 0 0.000277385 -65.9491
-56 0.34 0 0.000277385 -65.9491
-48 0.34 0 0.000277385 -65.9491
-40 0.34 12 0.267199 -42.0644
-32 0.34 13 0.148586 -25.1441
-24 0.34 13 0.467046 -12.0682
-16 0.34 12 0.594185 -12.6236
-8 0.34 11 0.237899 -42.7316
0 0.34 10 0.0917294 -42.1645
-80 0.42 0 0.000277385 -65.9491
-72 0.42 0 0.000277385 -65.9491
-64 0.42 0 0.000277385 -65.9491
-56 0.42 0 0.000277385 -65.9491
-48 0.42 0 0.000277385 -65.9491
-40 0.42 11 0.137454 -43.8301
-32 0.42 13 0.126904 -43.7033
-24 0.42 14 0.554729 -11.9673
-16 0.42 12 0.457978 -36.2833
-8 0.42 11 0.116799 -43.4937
0 0.42 10 0.0849642 -41.3706
-80 0.5 0 0.000277385 -65.9491
-72 0.5 0 0.000277385 -65.9491
-64 0.5 0 0.000277385 -65.9491
-56 0.5 0 0.000277385 -65.9491
-48 0.5 0 0.000277385 -65.9491
-40 0.5 0 0.000277385 -65.9491
-32 0.5 13 0.275831 -17.6937
-24 0.5 14 0.128704 -43.6951
-16 0.5 12 0.182097 -43.6744
-8 0.5 11 0.0876451 -41.7264
0 0.5 10 0.689518 -23.6031
-80 0.58 0 0.000277385 -65.9491
-72 0.58 0 0.000277385 -65.9491
-64 0.58 0 0.000277385 -65.9491
-56 0.58 0 0.000277385 -65.9491
-48 0.58 0 0.000277385 -65.9491
-40 0.58 0 0.000277385 -65.9491
-32 0.58 12 0.694161 -18.9226
-24 0.58 13 0.317216 -40.7544
-16 0.58 12 0.195271 -43.5036
-8 0.58 11 0.121362 -43.6051
0 0.58 0 0.000277385 -65.9491
-80 0.66 0 0.000277385 -65.9491
-72 0.66 0 0.000277385 -65.9491
-64 0.66 0 0.000277385 -65.9491
-56 0.66 0 0.000277385 -65.9491
-48 0.66 0 0.000277385 -65.9491
-40 0.66 0 0.000277385 -65.9491
-32 0.66 0 0.000277385 -65.9491
-24 0.66 12 0.18248 -43.6704
-16 0.66 12 0.679338 -24.9319
-8 0.66 11 0.173619 -23.2967
0 0.66 0 0.000277385 -65.9491
-80 0.74 0 0.000277385 -65.9491
-72 0.74 0 0.000277385 -65.9491
-64 0.74 0 0.000277385 -65.9491
-56 0.74 0 0.000277385 -65.9491
-48 0.74 0 0.000277385 -65.9491
-40 0.74 0 0.000277385 -65.9491
-32 0.74 0 0.000277385 -65.9491
-24 0.74 10 0.468602 -35.9025
-16 0.74 11 0.691338 -23.2926
-8 0.74 0 0.000277385 -65.9491
0 0.74 0 0.000277385 -65.9491
-80 0.82 0 0.000277385 -65.9491
-72 0.82 0 0.000277385 -65.9491
-64 0.82 0 0.000277385 -65.9491
-56 0.82 0 0.000277385 -65.9491
-48 0.82 0 0.000277385 -65.9491
-40 0.82 0 0.000277385 -65.9491
-32 0.82 0 0.000277385 -65.9491
-24 0.82 0 0.000277385 -65.9491
-16 0.82 0 0.000277385 -65.9491
-8 0.82 0 0.000277385 -65.9491
0 0.82 0 0.000277385 -65.9491
-80 0.9 0 0.000277385 -65.9491
-72 0.9 0 0.000277385 -65.9491
-64 0.9 0 0.000277385 -65.9491
-56 0.9 0 0.000277385 -65.9491
-48 0.9 0 0.000277385 -65.9491
-40 0.9 0 0.000277385 -65.9491
-32 0.9 0 0.000277385 -65.9491
-24 0.9 0 0.000277385 -65.9491
-16 0.9 0 0.000277385 -65.9491
-8 0.9 0 0.000277385 -65.9491
0 0.9 0 0.000277385 -65.9491
