-2 519.16
-1.9 599.1
-1.8 696.1
-1.7 796.18
-1.6 887.38
-1.5 1000.1
-1.4 1090.88
-1.3 1273.04
-1.2 1475.8
-1.1 1621.52
-1 1900.46
-0.9 2068.08
-0.8 2345.9
-0.7 2780.68
-0.6 3077.66
-0.5 3403.76
-0.4 3848.1
-0.3 4255.02
-0.2 4870.12
-0.1 5243.86
0 6059.04
0.1 6572.86
0.2 7347.88
0.3 7932.56
0.4 8953.26
0.5 9598.88
0.6 10501
0.7 11472.4
0.8 12563.7
0.9 13572.4
1 14499.9
1.1 15677.6
1.2 17199.9
1.3 18258.9
1.4 19324.5
1.5 20620.7
1.6 21958.1
1.7 23330.8
1.8 24556.8
1.9 26075.6
2 27119.1
2.1 28377.6
2.2 29513.7
2.3 30929.3
2.4 31929.3
2.5 33096.6
2.6 34223.9
2.7 35549.4
2.8 36428.5
2.9 37531.5
3 38339
3.1 39436
3.2 40262.3
3.3 41236.3
3.4 41991.6
3.5 43060
3.6 43541.1
3.7 44430.3
3.8 45291
3.9 45814.7
