-2 30.2761
-1.9 11.8799
-1.8 23.7124
-1.7 23.5755
-1.6 27.0259
-1.5 25.7492
-1.4 29.8007
-1.3 33.2428
-1.2 25.4808
-1.1 34.2883
-1 22.3467
-0.9 30.2492
-0.8 33.1526
-0.7 32.6717
-0.6 44.1605
-0.5 27.5895
-0.4 25.4143
-0.3 26.866
-0.2 31.2145
-0.1 26.9039
0 28.1522
0.1 31.9196
0.2 49.4402
0.3 20.5377
0.4 25.7078
0.5 34.2829
0.6 36.8701
0.7 26.6109
0.8 23.6144
0.9 26.7597
1 24.2444
1.1 33.41
1.2 23.8774
1.3 28.6576
1.4 30.976
1.5 33.195
1.6 21.3721
1.7 24.9592
1.8 13.3172
1.9 15.6167
2 22.7493
2.1 14.82
2.2 12.1204
2.3 11.0768
2.4 16.2798
2.5 16.1181
2.6 14.6283
2.7 13.3975
2.8 15.9274
2.9 10.206
3 9.30877
3.1 10.954
3.2 7.97081
3.3 9.33413
3.4 9.17941
3.5 9.79183
3.6 8.19231
3.7 7.7528
3.8 6.63099
3.9 6.0693
