0.952752
2.8843
3.1544
4.0371
4.91159
5.18523
5.73199
5.99935
6.44567
7.93136
8.93966
32.6013
32.8586
33.4604
34.2418
35.0085
62.8126
63.0857
63.0903
64.6252
65.9003
65.9018
66.8862
67.1734
67.1741
84.9674
85.6753
87.3618
87.6319
89.6271
90.7179
90.9926
91.466
92.1321
92.3772
92.9746
125.428
125.678
126.108
127.569
142.777
143.681
143.682
161.801
161.802
162.583
164.245
164.943
167.839
192.975
201.666
202.787
203.034
203.035
203.393
203.394
203.395
203.396
204.113
204.346
204.349
204.858
205.13
205.13
216.829
218.599
219.392
219.393
219.64
229.411
230.944
233.081
281.063
282.555
283.322
283.9
284.122
284.553
284.803
284.804
286.197
297.585
298.496
299.58
300.23
300.456
300.457
300.458
300.459
300.461
300.978
302.702
302.968
302.969
303.466
304.246
305.031
305.032
357.825
358.697
369.805
393.088
394.458
395.3
395.562
395.564
395.565
396.421
396.674
409.122
409.379
409.804
410.063
410.391
410.395
410.397
410.399
412.053
412.315
412.316
445.535
446.334
447.069
447.852
448.811
449.053
449.786
473.268
473.272
474.089
474.334
474.802
475.751
477.659
526.767
527.419
527.419
527.67
528.081
529.14
530.285
545.485
546.669
548.044
578.538
579.312
579.976
580.528
581.17
582.174
598.59
599.763
599.767
599.768
600.457
601.606
601.607
638.132
640.057
641.256
642.141
642.397
669.276
670.682
670.685
670.97
671.396
671.397
671.398
672.065
672.065
672.066
672.067
672.685
672.883
673.349
673.35
673.584
674.269
674.271
675.32
675.321
703.819
704.657
704.927
707.066
707.826
707.829
730.651
730.932
731.497
731.766
732.195
732.197
732.198
733.031
733.901
760.619
761.377
762.238
763.242
764.022
