-2 285245
-1.9 366038
-1.8 501061
-1.7 652673
-1.6 811426
-1.5 1.02595e+06
-1.4 1.22253e+06
-1.3 1.66295e+06
-1.2 2.21559e+06
-1.1 2.68493e+06
-1 3.65422e+06
-0.9 4.33951e+06
-0.8 5.58102e+06
-0.7 7.82303e+06
-0.6 9.6079e+06
-0.5 1.16795e+07
-0.4 1.49057e+07
-0.3 1.82195e+07
-0.2 2.38701e+07
-0.1 2.76391e+07
0 3.68825e+07
0.1 4.34123e+07
0.2 5.43546e+07
0.3 6.30884e+07
0.4 8.0391e+07
0.5 9.24676e+07
0.6 1.10659e+08
0.7 1.31922e+08
0.8 1.58143e+08
0.9 1.84574e+08
1 2.10599e+08
1.1 2.4631e+08
1.2 2.96247e+08
1.3 3.3391e+08
1.4 3.74035e+08
1.5 4.25899e+08
1.6 4.82627e+08
1.7 5.44908e+08
1.8 6.03363e+08
1.9 6.80345e+08
2 7.36063e+08
2.1 8.05711e+08
2.2 8.71419e+08
2.3 9.56964e+08
2.4 1.02e+09
2.5 1.09592e+09
2.6 1.17177e+09
2.7 1.26423e+09
2.8 1.32762e+09
2.9 1.409e+09
3 1.47024e+09
3.1 1.55563e+09
3.2 1.62138e+09
3.3 1.70082e+09
3.4 1.76368e+09
3.5 1.85458e+09
3.6 1.89619e+09
3.7 1.9744e+09
3.8 2.05158e+09
3.9 2.09927e+09
