0,000	521506,982	531712,598	1,000	1,020
6,600	989867,585	991946,642	1,000	1,002
13,200	1045102,334	1010557,010	1,000	0,967
19,800	1056892,444	1030023,272	1,000	0,975
26,400	1074747,956	1060747,012	1,000	0,987
33,000	1059993,483	1056828,357	1,000	0,997
39,600	1026487,677	1045734,322	1,000	1,019
46,200	1047226,772	1015856,093	1,000	0,970
52,800	1000713,216	1026457,042	1,000	1,026
59,400	1044568,103	1040462,219	1,000	0,996
66,000	1063604,793	1103174,864	1,000	1,037
72,600	1078558,558	1029671,315	1,000	0,955
79,200	1057724,804	1075141,413	1,000	1,016
85,800	1036320,235	1037279,278	1,000	1,001
92,400	1054049,212	1060756,542	1,000	1,006
99,000	515046,126	518114,921	1,000	1,006
105,600	135103,605	148613,966	1,000	1,100
112,200	366230,643	369742,444	1,000	1,010
118,800	508828,448	543637,638	1,000	1,068
125,400	509457,403	509969,421	1,000	1,001
132,000	515994,554	508827,963	1,000	0,986
138,600	513124,821	513640,524	1,000	1,001
145,200	534482,041	529362,481	1,000	0,990
151,800	503841,586	513989,453	1,000	1,020
158,400	467098,924	491170,908	1,000	1,052
165,000	518073,565	491426,853	1,000	0,949
171,600	459859,415	483058,601	1,000	1,050
178,200	498403,710	510172,997	1,000	1,024
184,800	500476,375	478961,525	1,000	0,957
191,400	521977,604	499460,923	1,000	0,957
198,000	482524,776	508136,495	1,000	1,053
204,600	487132,562	494303,809	1,000	1,015
211,200	493898,640	509880,746	1,000	1,032
217,800	523516,134	496206,729	1,000	0,948
224,400	493583,920	497680,052	1,000	1,008
231,000	517532,480	498060,961	1,000	0,962
237,600	466399,011	523226,992	1,000	1,122
244,200	509625,161	482359,224	1,000	0,946
250,800	524534,549	513779,880	1,000	0,979
257,400	529765,835	509291,793	1,000	0,961
264,000	508146,675	505073,207	1,000	0,994
270,600	513327,951	506105,246	1,000	0,986
277,200	504309,817	509429,713	1,000	1,010
283,800	504526,418	534716,132	1,000	1,060
290,400	519936,734	510716,181	1,000	0,982
297,000	515820,995	490721,463	1,000	0,951
303,600	504388,326	492321,620	1,000	0,976
310,200	477377,147	508308,711	1,000	1,065
316,800	512689,029	498362,390	1,000	0,972
323,400	527944,323	517632,910	1,000	0,980
330,000	525083,309	526107,862	1,000	1,002
336,600	517540,953	512124,254	1,000	0,990
343,200	538340,031	506101,037	1,000	0,940
349,800	497795,878	531084,697	1,000	1,067
356,400	524493,970	523469,567	1,000	0,998
363,000	546540,214	514300,482	1,000	0,941
369,600	515481,672	517529,265	1,000	1,004
376,200	509884,309	525257,705	1,000	1,030
382,800	520893,655	516283,976	1,000	0,991
389,400	506061,970	521940,432	1,000	1,031
396,000	525569,151	482286,986	1,000	0,918
402,600	534526,381	521214,421	1,000	0,975
409,200	528714,412	533320,830	1,000	1,009
415,800	514223,458	522418,254	1,000	1,016
422,400	526453,217	522843,841	1,000	0,993
429,000	537321,551	525028,208	1,000	0,977
435,600	538374,245	509176,022	1,000	0,946
442,200	529869,890	509903,778	1,000	0,962
448,800	532939,059	496590,669	1,000	0,932
455,400	528605,572	528093,854	1,000	0,999
462,000	504594,412	513356,522	1,000	1,017
468,600	530022,562	507736,421	1,000	0,958
475,200	508430,944	525327,441	1,000	1,033
481,800	466727,438	509250,355	1,000	1,091
488,400	529211,068	500696,499	1,000	0,946
495,000	505142,089	520495,952	1,000	1,030
501,600	522181,032	511932,141	1,000	0,980
508,200	485347,348	509716,253	1,000	1,050
514,800	512959,740	510905,847	1,000	0,996
521,400	501753,218	508409,128	1,000	1,013
528,000	518805,317	515732,433	1,000	0,994
534,600	513438,338	522201,843	1,000	1,017
541,200	501043,240	508775,388	1,000	1,015
547,800	489785,164	472789,464	1,000	0,965
554,400	488748,915	458835,859	1,000	0,939
561,000	525732,198	485059,506	1,000	0,923
567,600	518506,961	498173,355	1,000	0,961
574,200	521153,330	495894,663	1,000	0,952
580,800	507365,099	511913,193	1,000	1,009
587,400	516620,229	503819,926	1,000	0,975
594,000	531144,984	519876,720	1,000	0,979
600,600	484835,717	497123,000	1,000	1,025
607,200	517473,220	488269,286	1,000	0,944
613,800	518729,748	516687,505	1,000	0,996
620,400	502425,131	488229,467	1,000	0,972
627,000	520204,594	526212,732	1,000	1,012
633,600	490809,245	477747,791	1,000	0,973
640,200	523943,049	485283,174	1,000	0,926
646,800	500329,384	482294,854	1,000	0,964
653,400	482295,779	497238,704	1,000	1,031
660,000	521219,889	488451,644	1,000	0,937
666,600	495045,303	501169,575	1,000	1,012
673,200	475778,582	497800,626	1,000	1,046
679,800	493819,044	515823,416	1,000	1,045
686,400	549796,578	510120,536	1,000	0,928
693,000	503255,684	501228,471	1,000	0,996
699,600	493216,404	514440,880	1,000	1,043
706,200	513960,205	473530,690	1,000	0,921
712,800	488285,254	521243,241	1,000	1,067
719,400	503093,075	522229,749	1,000	1,038
726,000	517890,216	500761,552	1,000	0,967
732,600	492409,591	512989,400	1,000	1,042
739,200	482609,630	483110,263	1,000	1,001
745,800	509296,732	507234,802	1,000	0,996
752,400	505519,796	509108,679	1,000	1,007
759,000	506513,296	491661,036	1,000	0,971
765,600	519184,516	521248,868	1,000	1,004
772,200	485243,693	495858,399	1,000	1,022
778,800	540621,377	514421,646	1,000	0,952
785,400	517707,090	505116,937	1,000	0,976
792,000	501881,642	524323,504	1,000	1,045
798,600	513668,176	487730,476	1,000	0,950
805,200	488869,888	484800,212	1,000	0,992
811,800	508174,855	486167,283	1,000	0,957
818,400	516888,366	489737,639	1,000	0,947
825,000	502621,999	506746,077	1,000	1,008
831,600	519352,045	492780,545	1,000	0,949
838,200	500480,351	524819,821	1,000	1,049
844,800	521781,151	499762,908	1,000	0,958
851,400	539894,209	490677,333	1,000	0,909
858,000	508575,467	497307,934	1,000	0,978
864,600	509594,927	513180,017	1,000	1,007
871,200	498786,918	453957,928	1,000	0,910
877,800	501714,945	512465,979	1,000	1,021
884,400	464127,731	497426,078	1,000	1,072
891,000	497876,133	471240,785	1,000	0,947
897,600	496077,301	518602,999	1,000	1,045
904,200	491648,843	507525,004	1,000	1,032
910,800	485327,789	502734,059	1,000	1,036
917,400	489726,608	510195,850	1,000	1,042
924,000	487589,905	496809,042	1,000	1,019
930,600	525531,407	532702,400	1,000	1,014
937,200	497058,914	504232,960	1,000	1,014
943,800	526455,736	497629,629	1,000	0,945
950,400	523036,317	521515,862	1,000	0,997
957,000	451455,076	507065,444	1,000	1,123
963,600	472074,725	498187,318	1,000	1,055
970,200	474785,566	512322,031	1,000	1,079
976,800	478221,867	486005,743	1,000	1,016
983,400	471242,203	469726,955	1,000	0,997
990,000	490134,054	493671,104	1,000	1,007
996,600	481963,261	506136,967	1,000	1,050
1003,200	482984,944	507057,364	1,000	1,050
1009,800	454864,120	508136,495	1,000	1,117
1016,400	467153,734	462543,665	1,000	0,990
1023,000	475179,630	494389,019	1,000	1,040
1029,600	474749,237	469169,919	1,000	0,988
1036,200	487624,569	497730,777	1,000	1,021
1042,800	502295,998	519929,257	1,000	1,035
1049,400	500823,742	508512,950	1,000	1,015
1056,000	468479,096	468976,420	1,000	1,001
1062,600	462710,983	464738,194	1,000	1,004
1069,200	456340,147	456848,887	1,000	1,001
1075,800	469814,080	467791,199	1,000	0,996
1082,400	477440,261	495686,385	1,000	1,038
1089,000	432803,772	459437,850	1,000	1,062
1095,600	411455,287	462631,318	1,000	1,124
1102,200	431593,676	459273,080	1,000	1,064
1108,800	452609,027	449588,277	1,000	0,993
1115,400	468022,601	462984,683	1,000	0,989
1122,000	465332,926	442167,002	1,000	0,950
1128,600	444823,721	469253,399	1,000	1,055
1135,200	446016,641	484466,351	1,000	1,086
1141,800	440155,872	460139,666	1,000	1,045
1148,400	443946,682	493103,408	1,000	1,111
1155,000	432968,181	477583,169	1,000	1,103
1161,600	447161,835	478919,033	1,000	1,071
1168,200	444245,631	418143,641	1,000	0,941
1174,800	469218,769	471780,007	1,000	1,005
1181,400	428532,895	441332,563	1,000	1,030
1188,000	426479,697	486816,002	1,000	1,141
1194,600	429267,263	442444,298	1,000	1,031
1201,200	430335,571	472013,345	1,000	1,097
1207,800	433520,672	428908,750	1,000	0,989
1214,400	436090,758	460175,677	1,000	1,055
1221,000	469316,376	490322,895	1,000	1,045
1227,600	416260,693	456709,149	1,000	1,097
1234,200	426186,314	450773,986	1,000	1,058
1240,800	431576,009	474580,024	1,000	1,100
1247,400	411808,147	432296,115	1,000	1,050
1254,000	431412,483	474192,932	1,000	1,099
1260,600	411431,759	471304,291	1,000	1,146
1267,200	396075,675	436502,003	1,000	1,102
1273,800	432283,743	462502,630	1,000	1,070
1280,400	402062,939	500914,082	1,000	1,246
1287,000	387729,977	442534,611	1,000	1,141
1293,600	415611,765	454763,598	1,000	1,094
1300,200	414704,903	489454,182	1,000	1,180
1306,800	390608,625	471513,050	1,000	1,207
1313,400	377676,346	454031,536	1,000	1,202
1320,000	403068,847	427140,303	1,000	1,060
1326,600	411134,363	441342,243	1,000	1,073
1333,200	383805,232	436514,484	1,000	1,137
1339,800	374196,300	420792,535	1,000	1,125
1346,400	406025,999	419850,339	1,000	1,034
1353,000	403658,468	432012,511	1,000	1,070
1359,600	434120,072	439138,801	1,000	1,012
1366,200	371847,388	434334,139	1,000	1,168
1372,800	388998,485	451279,082	1,000	1,160
1379,400	369281,524	434328,338	1,000	1,176
1386,000	376849,562	434588,482	1,000	1,153
1392,600	369660,413	417787,946	1,000	1,130
1399,200	389854,499	439875,513	1,000	1,128
1405,800	398334,907	441620,977	1,000	1,109
1412,400	382794,886	434482,431	1,000	1,135
1419,000	351382,386	422580,858	1,000	1,203
1425,600	161115,838	139168,170	1,000	0,864
1432,200	366784,572	423402,324	1,000	1,154
1438,800	398094,632	448788,330	1,000	1,127
1445,400	417772,410	457706,537	1,000	1,096
1452,000	432336,944	485610,691	1,000	1,123
1458,600	420018,159	479947,579	1,000	1,143
1465,200	404825,168	484152,477	1,000	1,196
1471,800	418449,971	474789,624	1,000	1,135
1478,400	421036,970	462013,804	1,000	1,097
1485,000	419788,692	468422,747	1,000	1,116
1491,600	440738,826	494349,163	1,000	1,122
1498,200	445885,961	457226,413	1,000	1,025
1504,800	430892,322	468249,970	1,000	1,087
1511,400	422777,658	461446,346	1,000	1,091
1518,000	437479,871	417501,282	1,000	0,954
1524,600	435985,972	489683,679	1,000	1,123
1531,200	460162,502	443764,729	1,000	0,964
1537,800	419987,709	426646,051	1,000	1,016
1544,400	446861,488	448398,855	1,000	1,003
1551,000	457745,843	475272,148	1,000	1,038
1557,600	429444,137	451480,054	1,000	1,051
1564,200	434182,138	446982,318	1,000	1,029
1570,800	451056,870	426481,694	1,000	0,946
1577,400	467898,662	474082,344	1,000	1,013
1584,000	437657,262	454549,297	1,000	1,039
1590,600	439149,228	463861,025	1,000	1,056
1597,200	456686,824	446893,314	1,000	0,979
1603,800	473992,242	466305,881	1,000	0,984
1610,400	465574,405	443550,534	1,000	0,953
1617,000	476389,819	436989,157	1,000	0,917
1623,600	490741,184	431893,180	1,000	0,880
1630,200	458936,164	423081,776	1,000	0,922
1636,800	480212,418	420313,854	1,000	0,875
1643,400	487315,784	415120,853	1,000	0,852
1650,000	472675,767	449740,023	1,000	0,951
1656,600	445460,765	419108,138	1,000	0,941
1663,200	478693,901	442855,855	1,000	0,925
1669,800	470936,574	410980,557	1,000	0,873
1676,400	476021,949	398136,765	1,000	0,836
1683,000	505670,090	428840,375	1,000	0,848
1689,600	500971,577	413868,494	1,000	0,826
1696,200	453317,903	404656,659	1,000	0,893
1702,800	495484,261	435534,252	1,000	0,879
1709,400	487949,877	428044,173	1,000	0,877
1716,000	488924,951	400867,264	1,000	0,820
1722,600	510115,151	426126,495	1,000	0,835
1729,200	516493,159	415139,694	1,000	0,804
1735,800	497116,364	391139,961	1,000	0,787
1742,400	500457,665	415273,382	1,000	0,830
1749,000	493178,200	433691,758	1,000	0,879
1755,600	529986,115	432693,978	1,000	0,816
1762,200	502651,051	408884,341	1,000	0,813
1768,800	514366,173	415075,588	1,000	0,807
1775,400	508867,024	441964,188	1,000	0,869
1782,000	487615,487	453810,212	1,000	0,931
1788,600	531311,225	450359,274	1,000	0,848
1795,200	526352,629	452116,803	1,000	0,859
1801,800	502925,480	426360,706	1,000	0,848
1808,400	476104,733	444673,577	1,000	0,934
1815,000	505599,908	413486,564	1,000	0,818
1821,600	496443,932	424792,231	1,000	0,856
1828,200	513192,744	448147,356	1,000	0,873
1834,800	517164,246	449422,302	1,000	0,869
1841,400	487978,405	458403,956	1,000	0,939
1848,000	508947,327	452113,169	1,000	0,888
1854,600	527821,580	467411,351	1,000	0,886
1861,200	501618,431	475841,533	1,000	0,949
1867,800	498688,834	455236,717	1,000	0,913
1874,400	498748,377	462529,162	1,000	0,927
1881,000	530461,928	474544,289	1,000	0,895
1887,600	522663,697	479151,048	1,000	0,917
1894,200	533418,169	476088,179	1,000	0,893
1900,800	501414,784	506052,742	1,000	1,009
1907,400	544435,774	472799,488	1,000	0,868
1914,000	530039,180	488831,081	1,000	0,922
1920,600	503270,001	459752,249	1,000	0,914
1927,200	518384,041	508149,410	1,000	0,980
1933,800	508951,696	490006,814	1,000	0,963
1940,400	556942,487	512077,676	1,000	0,919
1947,000	507961,618	498781,589	1,000	0,982
1953,600	522214,516	523750,441	1,000	1,003
1960,200	509184,766	521991,224	1,000	1,025
1966,800	484607,450	476419,785	1,000	0,983
1973,400	516283,484	506039,764	1,000	0,980
1980,000	516861,654	495368,397	1,000	0,958
1986,600	511790,551	536868,288	1,000	1,049
1993,200	531770,178	535377,147	1,000	1,007
1999,800	557726,924	512658,081	1,000	0,919
2006,400	531677,466	548580,506	1,000	1,032
2013,000	528421,146	515607,830	1,000	0,976
2019,600	494139,477	507021,111	1,000	1,026
2026,200	548224,303	538589,430	1,000	0,982
2032,800	526860,974	504844,432	1,000	0,958
2039,400	486024,638	537751,180	1,000	1,106
2046,000	575779,995	516357,860	1,000	0,897
2052,600	512190,477	498277,858	1,000	0,973
2059,200	484995,724	486532,141	1,000	1,003
2065,800	504054,488	502517,737	1,000	0,997
2072,400	487997,006	483904,788	1,000	0,992
2079,000	494334,925	491757,579	1,000	0,995
2085,600	454659,513	463422,792	1,000	1,019
2092,200	515031,814	481521,235	1,000	0,935
2098,800	514522,195	541330,966	1,000	1,052
2105,400	482567,892	507643,000	1,000	1,052
2112,000	486666,890	515324,457	1,000	1,059
2118,600	523478,959	529146,546	1,000	1,011
2125,200	493618,753	515637,017	1,000	1,045
2131,800	514567,274	503303,115	1,000	0,978
2138,400	496101,425	524259,917	1,000	1,057
2145,000	500670,986	497599,385	1,000	0,994
2151,600	522757,894	517637,837	1,000	0,990
2158,200	489985,787	494593,803	1,000	1,009
2164,800	474758,829	498317,520	1,000	1,050
2171,400	482965,935	515709,388	1,000	1,068
2178,000	487568,976	492178,347	1,000	1,009
2184,600	480740,414	504291,063	1,000	1,049
2191,200	518620,531	519109,796	1,000	1,001
2197,800	494549,474	485846,223	1,000	0,982
2204,400	482625,149	510291,559	1,000	1,057
2211,000	512660,496	516267,153	1,000	1,007
2217,600	485318,476	492731,691	1,000	1,015
2224,200	529904,465	520634,999	1,000	0,983
2230,800	514970,439	531879,916	1,000	1,033
2237,400	522227,463	514035,660	1,000	0,984
2244,000	513714,618	525506,470	1,000	1,023
2250,600	515706,362	524924,549	1,000	1,018
2257,200	487397,427	536034,775	1,000	1,100
2263,800	479000,800	500494,425	1,000	1,045
2270,400	494063,428	508910,930	1,000	1,030
2277,000	517854,558	536676,384	1,000	1,036
2283,600	497608,863	554493,089	1,000	1,114
2290,200	490009,150	513050,332	1,000	1,047
2296,800	494004,124	503228,268	1,000	1,019
2303,400	507112,510	492769,934	1,000	0,972
2310,000	503341,868	510899,554	1,000	1,015
2316,600	502500,479	515818,534	1,000	1,027
2323,200	522157,226	497415,324	1,000	0,953
2329,800	502147,618	529236,501	1,000	1,054
2336,400	493083,658	470554,395	1,000	0,954
2343,000	502436,542	514293,451	1,000	1,024
2349,600	485851,607	489896,158	1,000	1,008
2356,200	527886,509	503309,834	1,000	0,953
2362,800	515312,336	533348,268	1,000	1,035
2369,400	477073,187	509939,370	1,000	1,069
2376,000	499738,126	474136,787	1,000	0,949
2382,600	483465,302	503951,119	1,000	1,042
2389,200	499998,247	466066,230	1,000	0,932
2395,800	492238,915	497873,284	1,000	1,011
2402,400	499213,246	505357,409	1,000	1,012
2409,000	507206,191	513859,754	1,000	1,013
2415,600	508682,407	506627,124	1,000	0,996
2422,200	512992,607	494049,766	1,000	0,963
2428,800	521196,530	518636,626	1,000	0,995
2435,400	518029,564	520591,530	1,000	1,005
2442,000	529055,835	493717,158	1,000	0,933
2448,600	502927,308	524949,584	1,000	1,044
2455,200	536623,488	555696,561	1,000	1,036
2461,800	527765,539	526740,751	1,000	0,998
2468,400	488173,398	523769,375	1,000	1,073
2475,000	501696,767	515519,025	1,000	1,028
2481,600	517813,957	513222,503	1,000	0,991
2488,200	515625,706	513577,541	1,000	0,996
2494,800	543466,137	525043,556	1,000	0,966
2501,400	529655,764	495368,869	1,000	0,935
2508,000	532374,319	520088,757	1,000	0,977
2514,600	493354,180	514358,875	1,000	1,043
2521,200	514094,485	501293,327	1,000	0,975
2527,800	512188,511	508066,269	1,000	0,992
2534,400	525311,411	493055,447	1,000	0,939
2541,000	511516,692	525853,497	1,000	1,028
2547,600	518699,019	544275,894	1,000	1,049
2554,200	518042,152	562577,396	1,000	1,086
2560,800	486436,638	505502,481	1,000	1,039
2567,400	518269,931	523396,241	1,000	1,010
2574,000	517293,052	517293,052	1,000	1,000
2580,600	535794,658	498949,180	1,000	0,931
2587,200	553250,066	527124,368	1,000	0,953
2593,800	512177,697	489505,847	1,000	0,956
2600,400	522180,658	528835,902	1,000	1,013
2607,000	524335,843	543393,237	1,000	1,036
2613,600	473298,236	487128,380	1,000	1,029
2620,200	565767,998	531463,513	1,000	0,939
2626,800	518026,353	506742,610	1,000	0,978
2633,400	533569,036	512574,477	1,000	0,961
