0,000	24897863,966	24485896,700	0,000	0,983
26,400	24762409,857	24550740,432	0,000	0,991
52,800	7357464,543	7410731,487	0,000	1,007
79,200	16113902,431	16154276,575	0,000	1,003
105,600	22440206,553	22466343,940	0,000	1,001
132,000	23269389,146	23738657,860	0,000	1,020
158,400	24104205,795	24174154,330	0,000	1,003
184,800	24438169,528	24200235,219	0,000	0,990
211,200	24279542,870	24434604,307	0,000	1,006
237,600	24376019,782	24476146,352	0,000	1,004
264,000	24193267,860	24641488,026	0,000	1,019
290,400	24493163,515	24344377,360	0,000	0,994
316,800	24635152,086	24640479,922	0,000	1,000
343,200	24440899,875	24360881,346	0,000	0,997
369,600	24565403,474	24607718,577	0,000	1,002
396,000	24448254,898	24421715,792	0,000	0,999
422,400	24378571,644	24529521,235	0,000	1,006
448,800	24867300,979	24539221,671	0,000	0,987
475,200	24546960,475	24584594,195	0,000	1,002
501,600	24582200,990	24317711,149	0,000	0,989
528,000	24819126,736	24685281,275	0,000	0,995
554,400	24652623,958	24531510,273	0,000	0,995
580,800	24424148,476	24244776,367	0,000	0,993
607,200	24339829,211	24682295,547	0,000	1,014
633,600	24370131,962	24667370,120	0,000	1,012
660,000	24757640,651	24741992,045	0,000	0,999
686,400	24759442,560	24682971,470	0,000	0,997
712,800	24504786,968	24717461,612	0,000	1,009
739,200	24679790,024	24664171,871	0,000	0,999
765,600	24797118,694	24601690,099	0,000	0,992
792,000	24632563,151	24601449,674	0,000	0,999
818,400	24586503,660	24542826,135	0,000	0,998
844,800	24648720,215	24501700,964	0,000	0,994
871,200	24744364,678	24658062,809	0,000	0,997
897,600	24579795,956	24705288,372	0,000	1,005
924,000	24645326,526	24645078,025	0,000	1,000
950,400	24457590,516	24332110,038	0,000	0,995
976,800	24409316,880	24564547,604	0,000	1,006
1003,200	24291759,343	24613417,755	0,000	1,013
1029,600	24478050,301	24761379,364	0,000	1,012
1056,000	24237364,610	24401199,294	0,000	1,007
1082,400	24429160,578	24598711,737	0,000	1,007
1108,800	24531872,276	24521432,488	0,000	1,000
1135,200	24520415,463	24680839,903	0,000	1,007
1161,600	24522885,274	24821819,439	0,000	1,012
1188,000	24762790,342	24625422,757	0,000	0,994
1214,400	24565451,431	24808662,814	0,000	1,010
1240,800	24709829,997	24463442,904	0,000	0,990
1267,200	24328478,418	24602498,280	0,000	1,011
1293,600	24721010,096	24592451,078	0,000	0,995
1320,000	24513473,990	24526747,253	0,000	1,001
1346,400	24543143,341	24420708,216	0,000	0,995
1372,800	24546648,219	24268818,710	0,000	0,989
1399,200	24383138,357	24280436,169	0,000	0,996
1425,600	24355022,581	24217941,126	0,000	0,994
1452,000	24307080,713	24226864,892	0,000	0,997
1478,400	24641076,958	24666872,272	0,000	1,001
1504,800	24392745,305	24443690,693	0,000	1,002
1531,200	24802929,126	24493130,020	0,000	0,988
1557,600	24491087,423	24651215,250	0,000	1,007
1584,000	24375705,014	24608771,743	0,000	1,010
1610,400	24586797,096	24448465,840	0,000	0,994
1636,800	24515837,893	24760437,995	0,000	1,010
1663,200	24548037,238	24575254,985	0,000	1,001
1689,600	24291785,074	24397934,142	0,000	1,004
1716,000	24623317,552	24622625,116	0,000	1,000
1742,400	24514712,495	24605906,040	0,000	1,004
1768,800	24586588,663	24568337,493	0,000	0,999
1795,200	24455762,340	24582495,724	0,000	1,005
1821,600	24568065,058	24330865,652	0,000	0,990
1848,000	24605364,467	24662314,197	0,000	1,002
1874,400	24432993,643	24445426,108	0,000	1,001
1900,800	24602643,117	24575151,872	0,000	0,999
1927,200	24498901,342	24627909,856	0,000	1,005
1953,600	24431127,784	24726177,150	0,000	1,012
1980,000	24555619,739	24580378,544	0,000	1,001
2006,400	24618079,517	24682593,432	0,000	1,003
2032,800	24717375,573	24801914,418	0,000	1,003
2059,200	24459475,829	24647278,494	0,000	1,008
2085,600	24703724,071	24698887,786	0,000	1,000
2112,000	24699752,498	24692628,572	0,000	1,000
2138,400	24665836,921	24448373,886	0,000	0,991
2164,800	24576103,748	24618786,181	0,000	1,002
2191,200	24388229,265	24224086,290	0,000	0,993
2217,600	24545338,294	24527498,661	0,000	0,999
2244,000	24364225,252	24364679,593	0,000	1,000
2270,400	24389989,028	24439602,691	0,000	1,002
2296,800	24513391,026	24579364,700	0,000	1,003
2323,200	24640268,385	24577125,675	0,000	0,997
2349,600	24700765,612	24601209,651	0,000	0,996
2376,000	24501951,607	24709108,302	0,000	1,008
2402,400	24333360,628	24374705,355	0,000	1,002
2428,800	24473046,311	24491994,267	0,000	1,001
2455,200	24386801,895	24444004,445	0,000	1,002
2481,600	24376146,317	24430813,402	0,000	1,002
2508,000	24461845,185	24762815,356	0,000	1,012
2534,400	24660368,540	24400516,133	0,000	0,989
2560,800	24752606,721	24783505,609	0,000	1,001
2587,200	24620044,909	24695430,201	0,000	1,003
2613,600	24443745,830	24759620,980	0,000	1,013
2640,000	24575500,183	24594533,085	0,000	1,001
2666,400	24663214,019	24498629,720	0,000	0,993
2692,800	24825946,260	24651850,078	0,000	0,993
2719,200	24535416,031	24756313,580	0,000	1,009
2745,600	24859094,806	24655224,955	0,000	0,992
2772,000	24860756,101	24658551,312	0,000	0,992
2798,400	24671605,423	24786060,578	0,000	1,005
2824,800	24667319,428	24532129,681	0,000	0,995
2851,200	24836917,150	24826989,033	0,000	1,000
2877,600	24715603,111	24699061,619	0,000	0,999
2904,000	24491793,607	24591846,392	0,000	1,004
2930,400	24532862,441	24482780,639	0,000	0,998
2956,800	24575144,517	24504304,724	0,000	0,997
2983,200	24438437,522	24508853,282	0,000	1,003
3009,600	24562840,241	24452000,243	0,000	0,995
3036,000	24521583,025	24359270,097	0,000	0,993
3062,400	24715443,701	24718628,567	0,000	1,000
3088,800	24801393,515	24753907,327	0,000	0,998
3115,200	24806504,109	24724934,684	0,000	0,997
3141,600	24702105,108	24726405,163	0,000	1,001
3168,000	24340115,197	24616698,800	0,000	1,011
3194,400	24626883,833	24688386,899	0,000	1,002
3220,800	24437495,623	24714748,930	0,000	1,011
3247,200	24737366,890	24436352,346	0,000	0,988
3273,600	24550573,610	24663573,746	0,000	1,005
3300,000	24561133,565	24685300,854	0,000	1,005
3326,400	24582781,684	24715513,630	0,000	1,005
3352,800	24487002,225	24710630,662	0,000	1,009
3379,200	24504658,152	24720231,240	0,000	1,009
3405,600	24459296,049	24420203,187	0,000	0,998
3432,000	24346293,767	24315111,793	0,000	0,999
3458,400	24707248,633	24728372,481	0,000	1,001
3484,800	24565966,526	24484214,494	0,000	0,997
3511,200	24426044,315	24653057,749	0,000	1,009
3537,600	24763933,443	24592758,441	0,000	0,993
3564,000	24606177,366	24685891,312	0,000	1,003
3590,400	24561379,517	24623486,182	0,000	1,003
3616,800	24850021,911	24625484,207	0,000	0,991
3643,200	24764996,393	24734865,935	0,000	0,999
3669,600	24648432,498	24597690,094	0,000	0,998
3696,000	24610137,697	24602667,511	0,000	1,000
3722,400	24318341,185	24623764,698	0,000	1,013
3748,800	25088765,457	24737436,310	0,000	0,986
3775,200	24703673,419	24857804,365	0,000	1,006
3801,600	24849281,952	24860348,339	0,000	1,000
3828,000	24845802,153	24825924,854	0,000	0,999
3854,400	24876136,769	25031780,344	0,000	1,006
3880,800	24752184,165	24566956,522	0,000	0,993
3907,200	24844304,836	24588476,227	0,000	0,990
3933,600	24639996,400	24826177,060	0,000	1,008
3960,000	24573166,554	24462131,802	0,000	0,995
3986,400	24882870,407	24732575,514	0,000	0,994
4012,800	24696533,144	24811039,426	0,000	1,005
4039,200	24826927,457	24605571,758	0,000	0,991
4065,600	24477322,401	24386101,016	0,000	0,996
4092,000	24782659,814	24659103,219	0,000	0,995
4118,400	24634412,746	24619398,455	0,000	0,999
4144,800	24583531,043	24806878,830	0,000	1,009
4171,200	24855391,369	24734299,889	0,000	0,995
4197,600	24350948,453	24553642,724	0,000	1,008
4224,000	24633453,695	24722481,990	0,000	1,004
4250,400	24791125,179	24616786,898	0,000	0,993
4276,800	24681884,459	24646763,276	0,000	0,999
4303,200	24758313,395	24743657,748	0,000	0,999
4329,600	24694140,998	24737551,835	0,000	1,002
4356,000	24507618,245	24550481,049	0,000	1,002
4382,400	24879256,865	24695135,842	0,000	0,993
4408,800	24696260,390	24640159,579	0,000	0,998
4435,200	24358325,131	24668090,112	0,000	1,013
4461,600	24612938,139	24534014,055	0,000	0,997
4488,000	24898374,747	24615165,054	0,000	0,989
4514,400	24444338,373	24642802,749	0,000	1,008
4540,800	24336220,295	24717837,622	0,000	1,016
4567,200	24719109,268	24540399,352	0,000	0,993
4593,600	24736347,682	24584921,225	0,000	0,994
4620,000	24604084,971	24816217,720	0,000	1,009
4646,400	24383539,581	24407320,653	0,000	1,001
4672,800	24686464,169	24589579,819	0,000	0,996
4699,200	24531088,170	24562091,443	0,000	1,001
4725,600	24499616,428	24519067,714	0,000	1,001
4752,000	24540787,701	24582871,424	0,000	1,002
4778,400	24416542,474	24496894,183	0,000	1,003
4804,800	24655247,295	24668042,260	0,000	1,001
4831,200	24453687,911	24419775,326	0,000	0,999
4857,600	24757486,878	24664472,768	0,000	0,996
4884,000	24681277,204	24618146,531	0,000	0,997
4910,400	24582451,691	24523742,900	0,000	0,998
4936,800	24571259,516	24504407,369	0,000	0,997
4963,200	24542229,026	24559957,782	0,000	1,001
4989,600	24728309,897	24632762,132	0,000	0,996
5016,000	24397853,020	24551314,299	0,000	1,006
5042,400	24708600,670	24602609,079	0,000	0,996
5068,800	24715849,503	24660420,552	0,000	0,998
5095,200	24596637,121	24506578,412	0,000	0,996
5121,600	24691507,907	24655069,480	0,000	0,999
5148,000	24529683,469	24882295,986	0,000	1,014
5174,400	24716586,877	24743016,027	0,000	1,001
5200,800	24721957,062	24571870,577	0,000	0,994
5227,200	24567492,177	24511908,370	0,000	0,998
5253,600	24551274,735	24713161,036	0,000	1,007
5280,000	24519518,612	24355450,769	0,000	0,993
5306,400	24777404,950	24584325,866	0,000	0,992
5332,800	7127016,517	7108768,164	0,000	0,997
5359,200	15859057,217	15789047,921	0,000	0,996
5385,600	22465202,426	22600659,513	0,000	1,006
5412,000	23730798,901	23921310,107	0,000	1,008
5438,400	23834816,378	24046882,596	0,000	1,009
5464,800	24159418,431	23878525,389	0,000	0,988
5491,200	24407589,708	24563915,756	0,000	1,006
5517,600	24317683,652	24226377,911	0,000	0,996
5544,000	24279261,251	24261026,738	0,000	0,999
5570,400	24340099,144	24216092,504	0,000	0,995
5596,800	24423039,503	24529980,856	0,000	1,004
5623,200	24525785,499	24479998,369	0,000	0,998
5649,600	24498063,844	24154062,805	0,000	0,986
5676,000	24424010,517	24454117,446	0,000	1,001
5702,400	24455874,923	24365050,758	0,000	0,996
5728,800	24486189,802	24692229,024	0,000	1,008
5755,200	24316139,487	24697133,421	0,000	1,016
5781,600	24561523,402	24473665,514	0,000	0,996
5808,000	24691583,407	24470726,389	0,000	0,991
5834,400	24316351,012	24448104,885	0,000	1,005
5860,800	24410426,299	24572376,410	0,000	1,007
5887,200	24644080,581	24508778,928	0,000	0,995
5913,600	24421645,164	24642829,839	0,000	1,009
5940,000	24479403,483	24627521,866	0,000	1,006
5966,400	24429020,387	24562509,518	0,000	1,005
5992,800	24596528,783	24506017,174	0,000	0,996
6019,200	24659670,532	24489933,499	0,000	0,993
6045,600	24655723,570	24369050,416	0,000	0,988
6072,000	24462266,053	24344869,124	0,000	0,995
6098,400	24568505,802	24647700,664	0,000	1,003
6124,800	24375522,075	24544334,002	0,000	1,007
6151,200	24561423,521	24497255,731	0,000	0,997
6177,600	24602200,072	24587459,588	0,000	0,999
6204,000	24676086,364	24511251,146	0,000	0,993
6230,400	24428856,771	24821459,496	0,000	1,016
6256,800	24728804,970	24688874,867	0,000	0,998
6283,200	24763561,906	24861110,216	0,000	1,004
6309,600	24718368,624	24886464,103	0,000	1,007
6336,000	24426387,004	24534980,892	0,000	1,004
6362,400	24683110,261	24553331,374	0,000	0,995
6388,800	24565875,568	24579742,030	0,000	1,001
6415,200	24758626,922	24600353,009	0,000	0,994
6441,600	24542547,580	24898841,527	0,000	1,015
6468,000	24789477,719	24476790,966	0,000	0,987
6494,400	24559076,783	24514795,876	0,000	0,998
6520,800	24418936,418	24372744,080	0,000	0,998
6547,200	24623726,108	24651779,469	0,000	1,001
6573,600	24746451,333	24652098,295	0,000	0,996
