2800,000	11890588,479	11754140,625	0,981	0,989
2801,000	11039809,849	10802121,952	0,980	0,978
2802,000	2948655,782	2894360,988	0,979	0,982
2803,000	2799200,370	2811027,710	0,978	1,004
2804,000	6556617,002	6493303,955	0,977	0,990
2805,000	10642108,389	10339560,876	0,976	0,972
2806,000	11115309,289	10933242,021	0,974	0,984
2807,000	10614079,778	10370361,680	0,973	0,977
2808,000	10878986,535	10414997,614	0,971	0,957
2809,000	11203545,262	10862712,980	0,970	0,970
2810,000	11442048,583	11076715,134	0,968	0,968
2811,000	11715295,454	11201024,282	0,966	0,956
2812,000	11742161,215	11392324,335	0,964	0,970
2813,000	11772740,600	11213983,245	0,961	0,953
2814,000	11694070,022	11188213,184	0,958	0,957
2815,000	11680601,092	11107630,740	0,955	0,951
2816,000	11818030,587	11147863,642	0,952	0,943
2817,000	11269586,159	10765306,599	0,948	0,955
2818,000	11601361,360	10901198,640	0,943	0,940
2819,000	11948183,530	10919300,139	0,938	0,914
2820,000	11655757,583	10924889,734	0,932	0,937
2821,000	11565957,074	10563671,691	0,926	0,913
2822,000	11533609,303	10659961,103	0,918	0,924
2823,000	11180696,479	10312277,363	0,909	0,922
2824,000	11310480,882	10262617,077	0,900	0,907
2825,000	11463292,691	10266865,958	0,888	0,896
2826,000	11627850,037	10331125,511	0,876	0,888
2827,000	11698573,190	9980332,029	0,862	0,853
2828,000	11611263,898	9815957,288	0,846	0,845
2829,000	11581965,277	9568842,156	0,829	0,826
2830,000	11146953,959	9119953,474	0,811	0,818
2831,000	11395142,560	9060623,182	0,794	0,795
2832,000	11445461,126	8787201,592	0,778	0,768
2833,000	11565908,567	9003992,424	0,765	0,778
2834,000	11806081,540	8882125,822	0,756	0,752
2835,000	11988546,913	9042264,793	0,753	0,754
2836,000	11841484,434	8867339,302	0,756	0,749
2837,000	11785175,133	9046832,066	0,765	0,768
2838,000	12098832,484	9341402,244	0,778	0,772
2839,000	11656714,574	9456786,003	0,794	0,811
2840,000	11907230,735	9636936,552	0,811	0,809
2841,000	12294707,392	10067949,295	0,829	0,819
2842,000	12311604,432	10221513,162	0,845	0,830
2843,000	11619847,136	9846601,506	0,860	0,847
2844,000	11449770,889	9838241,085	0,874	0,859
2845,000	11496527,071	10139199,685	0,886	0,882
2846,000	11466880,622	10228065,179	0,897	0,892
2847,000	11355333,976	10344007,712	0,907	0,911
2848,000	11093277,576	9956017,714	0,915	0,897
2849,000	11278183,803	10208003,313	0,922	0,905
2850,000	11146395,409	10258823,034	0,928	0,920
2851,000	11327891,844	10639282,955	0,934	0,939
2852,000	12010617,345	11359594,288	0,939	0,946
2853,000	11309630,423	10629669,674	0,943	0,940
2854,000	11524705,974	10886344,813	0,946	0,945
2855,000	10750281,507	10213626,322	0,949	0,950
2856,000	10988066,893	10320781,702	0,952	0,939
2857,000	11371380,588	11035307,653	0,954	0,970
2858,000	11520756,355	11113163,321	0,956	0,965
2859,000	11470724,239	11029392,567	0,958	0,962
2860,000	11560178,163	11240541,446	0,960	0,972
2861,000	11614854,834	11026171,462	0,961	0,949
2862,000	11504768,046	10906086,375	0,962	0,948
2863,000	11456265,782	11170632,881	0,963	0,975
2864,000	11503015,949	10933070,234	0,963	0,950
2865,000	11321629,827	11001745,396	0,964	0,972
2866,000	11367808,915	10998676,361	0,964	0,968
2867,000	11447631,004	11245395,103	0,964	0,982
2868,000	11746974,331	11292968,065	0,964	0,961
2869,000	11577462,554	11350180,391	0,964	0,980
2870,000	11505353,198	11144623,914	0,963	0,969
2871,000	11622720,123	11157896,268	0,963	0,960
2872,000	11526355,461	11121710,724	0,962	0,965
2873,000	12049483,452	11685468,388	0,961	0,970
2874,000	11330993,336	11016996,057	0,959	0,972
2875,000	11299766,937	10937767,286	0,958	0,968
2876,000	11422047,301	10968772,427	0,956	0,960
2877,000	11313962,449	10667740,876	0,954	0,943
2878,000	11469816,415	10838917,892	0,951	0,945
2879,000	11211575,427	10479251,192	0,948	0,935
2880,000	11071928,436	10733894,224	0,944	0,969
2881,000	11084800,653	10350791,247	0,940	0,934
2882,000	10805279,264	10104739,193	0,935	0,935
2883,000	11067545,881	10074188,020	0,930	0,910
2884,000	10931929,447	10018838,848	0,923	0,916
2885,000	10910503,711	9911350,623	0,915	0,908
2886,000	11108849,567	9864197,867	0,907	0,888
2887,000	10911991,132	9860427,332	0,896	0,904
2888,000	10693657,448	9466932,523	0,884	0,885
2889,000	10994362,941	9699685,509	0,871	0,882
2890,000	11066247,426	9561675,841	0,856	0,864
2891,000	10578922,811	9005355,143	0,840	0,851
2892,000	10439538,225	8666311,824	0,823	0,830
2893,000	10490734,784	8464840,008	0,807	0,807
2894,000	10319683,737	8262312,452	0,793	0,801
2895,000	10634294,454	8421199,698	0,783	0,792
2896,000	10350396,531	8032312,339	0,779	0,776
2897,000	10905415,151	8306589,985	0,780	0,762
2898,000	10561486,982	8156542,553	0,788	0,772
2899,000	11069885,514	8484339,442	0,800	0,766
2900,000	10938718,539	8518429,027	0,816	0,779
2901,000	11153031,655	8733948,632	0,832	0,783
2902,000	2852684,986	2823220,357	0,849	0,990
2903,000	2781544,238	2763128,491	0,865	0,993
2904,000	5557797,890	4997460,114	0,880	0,899
2905,000	10818702,828	9285918,495	0,893	0,858
2906,000	11727016,575	10214332,672	0,904	0,871
2907,000	12005663,428	10530224,027	0,914	0,877
2908,000	11641707,776	10676901,853	0,923	0,917
2909,000	11874190,344	10874851,692	0,931	0,916
2910,000	11956210,247	10804648,494	0,937	0,904
2911,000	12015740,079	11106619,267	0,943	0,924
2912,000	12211384,361	11283302,539	0,948	0,924
2913,000	12145703,334	11452441,621	0,952	0,943
2914,000	12018864,957	11400665,614	0,956	0,949
2915,000	11985609,355	11515922,047	0,959	0,961
2916,000	12502495,937	11924869,557	0,962	0,954
2917,000	12295420,204	11663866,912	0,965	0,949
2918,000	12168169,172	11679344,961	0,967	0,960
2919,000	12435870,953	11974810,170	0,969	0,963
2920,000	12251000,444	11873158,000	0,971	0,969
2921,000	12374754,261	11817276,728	0,973	0,955
2922,000	11959197,623	11734952,691	0,974	0,981
2923,000	12054475,018	11530294,768	0,976	0,957
2924,000	12100295,651	11791927,393	0,977	0,975
2925,000	12293191,798	11969863,904	0,978	0,974
2926,000	11630756,394	11538952,927	0,979	0,992
2927,000	11703244,656	11518519,903	0,980	0,984
2928,000	12070853,627	12078528,545	0,981	1,001
2929,000	11571412,429	11372635,103	0,982	0,983
