0,000	6273209,325	4530162,012	0,000	0,722
52,800	6204508,282	4654898,180	0,000	0,750
105,600	1351171,070	1211361,695	0,000	0,897
158,400	1936282,429	1651339,823	0,000	0,853
211,200	3388598,371	2613984,561	0,000	0,771
264,000	5084144,708	3695749,813	0,000	0,727
316,800	5779185,494	4148202,464	0,000	0,718
369,600	5986031,754	4286392,552	0,000	0,716
422,400	6059460,841	4402762,192	0,000	0,727
475,200	5956236,800	4341709,484	0,000	0,729
528,000	6069949,538	4469163,112	0,000	0,736
580,800	5926842,648	4428503,017	0,000	0,747
633,600	5832841,959	4393042,381	0,000	0,753
686,400	5813219,683	4449671,921	0,000	0,765
739,200	5965730,071	4385841,147	0,000	0,735
792,000	5944183,766	4390524,462	0,000	0,739
844,800	5958878,755	4377157,597	0,000	0,735
897,600	6079519,821	4542757,504	0,000	0,747
950,400	6039656,697	4397747,855	0,000	0,728
1003,200	5940530,548	4337974,525	0,000	0,730
1056,000	5876299,040	4381018,307	0,000	0,746
1108,800	5897829,537	4324894,882	0,000	0,733
1161,600	5865407,320	4353110,075	0,000	0,742
1214,400	6044155,584	4269269,469	0,000	0,706
1267,200	5960954,086	4355799,526	0,000	0,731
1320,000	5951742,577	4303795,610	0,000	0,723
1372,800	6056779,633	4334273,370	0,000	0,716
1425,600	5793981,891	4288031,805	0,000	0,740
1478,400	5856304,675	4240967,604	0,000	0,724
1531,200	5861967,522	4240333,306	0,000	0,723
1584,000	5778322,157	4236759,430	0,000	0,733
1636,800	5874124,395	4330777,877	0,000	0,737
1689,600	5962284,016	4253224,518	0,000	0,713
1742,400	5946619,372	4296581,143	0,000	0,723
1795,200	6012944,073	4291078,708	0,000	0,714
1848,000	5883331,811	4311713,418	0,000	0,733
1900,800	5814275,881	4410253,283	0,000	0,759
1953,600	5843892,375	4315039,734	0,000	0,738
2006,400	5856961,848	4328057,108	0,000	0,739
2059,200	5812330,082	4356522,302	0,000	0,750
2112,000	5999056,534	4311681,743	0,000	0,719
2164,800	5922369,441	4272244,453	0,000	0,721
2217,600	5993182,276	4363756,577	0,000	0,728
2270,400	6009777,428	4391187,515	0,000	0,731
2323,200	5835476,987	4387726,174	0,000	0,752
2376,000	5795128,046	4374909,433	0,000	0,755
2428,800	5800457,377	4364779,493	0,000	0,752
2481,600	5808198,403	4298711,459	0,000	0,740
2534,400	5966792,065	4281333,513	0,000	0,718
2587,200	5945764,477	4306558,761	0,000	0,724
2640,000	6059916,724	4453954,101	0,000	0,735
2692,800	6059356,910	4327334,692	0,000	0,714
2745,600	5807921,393	4455348,840	0,000	0,767
2798,400	5795232,610	4260826,655	0,000	0,735
2851,200	5766791,958	4308822,672	0,000	0,747
2904,000	5812054,917	4327750,594	0,000	0,745
2956,800	5822320,718	4273829,177	0,000	0,734
3009,600	5963649,373	4339247,931	0,000	0,728
3062,400	5934599,751	4429029,058	0,000	0,746
3115,200	5889123,913	4369634,712	0,000	0,742
3168,000	5920677,761	4298421,289	0,000	0,726
3220,800	5679414,640	4293030,626	0,000	0,756
3273,600	5866744,047	4374364,659	0,000	0,746
3326,400	5794136,684	4380606,327	0,000	0,756
3379,200	5760798,025	4332592,540	0,000	0,752
3432,000	5907265,169	4316814,116	0,000	0,731
3484,800	5913163,404	4342951,747	0,000	0,734
3537,600	5825045,833	4280649,785	0,000	0,735
3590,400	5890994,442	4232787,154	0,000	0,719
3643,200	5690208,235	4316872,931	0,000	0,759
3696,000	5799821,915	4294639,613	0,000	0,740
3748,800	5798806,452	4273783,088	0,000	0,737
3801,600	5814101,549	4368789,481	0,000	0,751
3854,400	5911131,049	4393200,701	0,000	0,743
3907,200	5820706,975	4446140,476	0,000	0,764
3960,000	5931499,436	4345320,772	0,000	0,733
4012,800	5897986,347	4288396,190	0,000	0,727
4065,600	5672946,822	4352070,965	0,000	0,767
4118,400	5779351,819	4254738,865	0,000	0,736
4171,200	5748153,194	4308451,675	0,000	0,750
4224,000	5774952,740	4386928,740	0,000	0,760
4276,800	6014367,450	4327165,792	0,000	0,719
4329,600	5900327,568	4369543,962	0,000	0,741
4382,400	6044447,427	4389340,151	0,000	0,726
4435,200	5955069,808	4358508,894	0,000	0,732
4488,000	5792178,889	4376649,208	0,000	0,756
4540,800	5866561,333	4395128,218	0,000	0,749
4593,600	5784686,366	4368979,739	0,000	0,755
4646,400	5868895,130	4406219,023	0,000	0,751
4699,200	5808177,597	4402493,946	0,000	0,758
4752,000	5929885,720	4438601,396	0,000	0,749
4804,800	5950700,476	4467559,009	0,000	0,751
4857,600	5843579,434	4476016,406	0,000	0,766
4910,400	5999190,812	4525956,806	0,000	0,754
4963,200	5800413,737	4337648,248	0,000	0,748
5016,000	5749305,802	4430504,832	0,000	0,771
5068,800	5721090,121	4362438,766	0,000	0,763
5121,600	5848098,496	4323517,224	0,000	0,739
5174,400	5932816,455	4388072,074	0,000	0,740
5227,200	5993503,824	4453238,250	0,000	0,743
5280,000	5884236,885	4305702,434	0,000	0,732
5332,800	5963773,177	4431332,549	0,000	0,743
5385,600	5797813,010	4522837,166	0,000	0,780
5438,400	5706407,637	4485726,822	0,000	0,786
5491,200	5778980,733	4346296,863	0,000	0,752
5544,000	5821485,230	4454044,907	0,000	0,765
5596,800	5889162,519	4432283,359	0,000	0,753
5649,600	5982487,841	4529265,698	0,000	0,757
5702,400	5983762,093	4565431,664	0,000	0,763
5755,200	5980280,550	4423461,750	0,000	0,740
5808,000	5887576,529	4465282,367	0,000	0,758
5860,800	5891491,620	4476297,900	0,000	0,760
5913,600	5837285,941	4490242,986	0,000	0,769
5966,400	5749243,845	4431552,242	0,000	0,771
6019,200	5928002,721	4501742,273	0,000	0,759
6072,000	5991521,453	4476747,110	0,000	0,747
6124,800	5850021,058	4476399,930	0,000	0,765
6177,600	6024032,132	4575341,688	0,000	0,760
6230,400	5920630,730	4500680,467	0,000	0,760
6283,200	5821400,592	4501708,302	0,000	0,773
6336,000	5793903,606	4440332,778	0,000	0,766
6388,800	5768187,837	4498380,191	0,000	0,780
6441,600	5792672,634	4559475,436	0,000	0,787
6494,400	5959121,092	4397603,321	0,000	0,738
6547,200	5947384,633	4467717,571	0,000	0,751
6600,000	5780964,720	4431165,388	0,000	0,767
6652,800	5958157,832	4538816,956	0,000	0,762
6705,600	5877560,782	4524388,952	0,000	0,770
6758,400	5848431,032	4633869,431	0,000	0,792
6811,200	5877540,230	4465915,791	0,000	0,760
6864,000	5826263,406	4414674,583	0,000	0,758
6916,800	5922062,738	4469833,926	0,000	0,755
6969,600	6018574,473	4393429,675	0,000	0,730
7022,400	5947513,024	4457115,540	0,000	0,749
7075,200	5922059,223	4483238,891	0,000	0,757
7128,000	5721164,016	4470873,624	0,000	0,781
7180,800	5812011,945	4391503,066	0,000	0,756
7233,600	5827833,952	4443282,375	0,000	0,762
7286,400	5734688,581	4428689,741	0,000	0,772
7339,200	5885120,315	4535534,783	0,000	0,771
7392,000	5873637,749	4498896,694	0,000	0,766
7444,800	5937436,966	4498596,603	0,000	0,758
7497,600	5862200,714	4380382,761	0,000	0,747
7550,400	5986571,328	4516184,429	0,000	0,754
7603,200	5977796,847	4451955,242	0,000	0,745
7656,000	5799736,326	4546621,054	0,000	0,784
7708,800	5643914,177	4454375,837	0,000	0,789
7761,600	5863383,042	4505827,760	0,000	0,768
7814,400	5952750,264	4480654,753	0,000	0,753
7867,200	5869251,377	4479823,729	0,000	0,763
7920,000	5839898,885	4521909,587	0,000	0,774
7972,800	5847516,948	4595903,719	0,000	0,786
8025,600	5714178,619	4496256,082	0,000	0,787
8078,400	5821701,122	4450195,965	0,000	0,764
8131,200	5687422,075	4482564,286	0,000	0,788
8184,000	5740955,441	4502476,100	0,000	0,784
8236,800	5891790,793	4468274,166	0,000	0,758
8289,600	5892704,229	4498341,746	0,000	0,763
8342,400	5870468,796	4545672,669	0,000	0,774
8395,200	5918380,116	4532526,638	0,000	0,766
8448,000	5738788,830	4529914,215	0,000	0,789
8500,800	5778598,444	4525749,823	0,000	0,783
8553,600	5785909,486	4513650,304	0,000	0,780
8606,400	5750301,713	4560529,276	0,000	0,793
8659,200	6004149,216	4541373,066	0,000	0,756
8712,000	5995955,144	4594813,203	0,000	0,766
8764,800	5922876,242	4606561,538	0,000	0,778
8817,600	6005740,279	4631959,417	0,000	0,771
8870,400	5869226,108	4646519,887	0,000	0,792
8923,200	5808263,596	4585125,244	0,000	0,789
8976,000	5792836,573	4619810,843	0,000	0,798
9028,800	5801818,489	4623759,169	0,000	0,797
9081,600	5877318,598	4672134,630	0,000	0,795
9134,400	5968548,908	4528809,652	0,000	0,759
9187,200	6033325,399	4569609,784	0,000	0,757
9240,000	5962802,197	4617304,466	0,000	0,774
9292,800	5966823,066	4483727,660	0,000	0,751
9345,600	5752937,838	4585035,966	0,000	0,797
9398,400	5757665,141	4492724,180	0,000	0,780
9451,200	5863866,988	4578074,858	0,000	0,781
9504,000	5777461,276	4571459,604	0,000	0,791
9556,800	5895107,309	4621806,179	0,000	0,784
9609,600	5891459,411	4506973,720	0,000	0,765
9662,400	5915713,524	4591591,752	0,000	0,776
9715,200	5918833,221	4610713,842	0,000	0,779
9768,000	5870530,499	4576674,751	0,000	0,780
9820,800	5776047,377	4634895,010	0,000	0,802
9873,600	5684075,638	4556236,541	0,000	0,802
9926,400	5682435,377	4546712,360	0,000	0,800
9979,200	5805402,672	4522984,871	0,000	0,779
10032,000	5893773,837	4520094,726	0,000	0,767
10084,800	5777411,639	4524703,003	0,000	0,783
10137,600	5814005,605	4543274,657	0,000	0,781
10190,400	5638733,542	4554190,682	0,000	0,808
10243,200	5687668,580	4507862,780	0,000	0,793
10296,000	5669082,268	4415216,263	0,000	0,779
10348,800	5733823,856	4513476,997	0,000	0,787
10401,600	5969017,823	4662234,186	0,000	0,781
10454,400	5765433,595	4474797,715	0,000	0,776
10507,200	5874356,074	4563666,784	0,000	0,777
10560,000	5896543,335	4531250,234	0,000	0,768
10612,800	5969204,933	4533941,421	0,000	0,760
10665,600	1898807,376	1543597,353	0,000	0,813
10718,400	5033319,756	3980771,217	0,000	0,791
10771,200	5838742,919	4505832,394	0,000	0,772
10824,000	5811943,478	4565465,962	0,000	0,786
10876,800	6048347,628	4560444,777	0,000	0,754
10929,600	6079835,678	4667145,560	0,000	0,768
10982,400	6178861,661	4643423,140	0,000	0,752
11035,200	6138315,918	4638175,500	0,000	0,756
11088,000	5928593,379	4713820,472	0,000	0,795
11140,800	6014193,577	4757852,100	0,000	0,791
11193,600	6062965,619	4729700,685	0,000	0,780
11246,400	5973227,055	4742978,343	0,000	0,794
11299,200	6096514,987	4686694,227	0,000	0,769
11352,000	6061854,124	4643437,161	0,000	0,766
11404,800	6217344,453	4694258,062	0,000	0,755
11457,600	6095894,732	4705472,571	0,000	0,772
11510,400	5944881,743	4719913,014	0,000	0,794
11563,200	5947623,938	4656029,406	0,000	0,783
11616,000	6047790,251	4777174,853	0,000	0,790
11668,800	5997717,241	4736208,969	0,000	0,790
11721,600	6172588,227	4796270,138	0,000	0,777
11774,400	6248724,819	4738065,519	0,000	0,758
11827,200	6161696,757	4748822,761	0,000	0,771
11880,000	6208824,351	4731775,762	0,000	0,762
11932,800	6068437,024	4748345,799	0,000	0,782
11985,600	5878073,833	4758426,893	0,000	0,810
12038,400	6085458,063	4780485,194	0,000	0,786
12091,200	6028736,290	4706177,870	0,000	0,781
12144,000	6024295,816	4707244,645	0,000	0,781
12196,800	6244239,622	4800106,427	0,000	0,769
12249,600	6185598,029	4726719,466	0,000	0,764
12302,400	6273701,478	4773876,901	0,000	0,761
12355,200	6161288,063	4832869,399	0,000	0,784
12408,000	5957637,089	4780690,715	0,000	0,802
12460,800	6085999,596	4762784,322	0,000	0,783
12513,600	6007361,443	4748290,993	0,000	0,790
12566,400	6004341,441	4784066,169	0,000	0,797
12619,200	6115146,788	4746096,276	0,000	0,776
12672,000	6225059,233	4764942,233	0,000	0,765
12724,800	6144591,265	4738838,955	0,000	0,771
12777,600	6202337,334	4838307,767	0,000	0,780
12830,400	5962657,149	4797891,118	0,000	0,805
12883,200	6015923,340	4870392,982	0,000	0,810
12936,000	6015484,822	4753818,261	0,000	0,790
12988,800	5983202,543	4794190,802	0,000	0,801
13041,600	6097518,117	4830535,532	0,000	0,792
13094,400	6187842,040	4719943,351	0,000	0,763
13147,200	6175362,858	4745256,542	0,000	0,768
13200,000	6185124,530	4636697,911	0,000	0,750
13252,800	6066178,595	4825405,005	0,000	0,795
13305,600	6070199,464	4817448,563	0,000	0,794
13358,400	5986968,973	4803207,623	0,000	0,802
13411,200	6026454,645	4741453,410	0,000	0,787
13464,000	6182811,221	4662419,039	0,000	0,754
13516,800	6054826,588	4832846,554	0,000	0,798
13569,600	6230369,667	4814649,106	0,000	0,773
13622,400	6130708,622	4812289,623	0,000	0,785
13675,200	6214481,522	4807123,027	0,000	0,774
13728,000	6034579,460	4761419,430	0,000	0,789
13780,800	6066273,492	4852643,326	0,000	0,800
13833,600	6027767,816	4784411,567	0,000	0,794
13886,400	5949008,780	4861563,894	0,000	0,817
13939,200	6108771,230	4778645,649	0,000	0,782
13992,000	6186757,388	4817817,403	0,000	0,779
14044,800	6316755,892	4841056,392	0,000	0,766
14097,600	6258981,244	4864346,968	0,000	0,777
14150,400	6027754,188	4856134,238	0,000	0,806
14203,200	6084425,856	4954023,819	0,000	0,814
14256,000	6081081,546	4894938,616	0,000	0,805
14308,800	6048068,901	4900628,712	0,000	0,810
14361,600	6188873,614	4805788,755	0,000	0,777
14414,400	6404429,927	4812909,041	0,000	0,751
14467,200	6161371,080	4820041,941	0,000	0,782
14520,000	6165279,261	4761506,746	0,000	0,772
14572,800	5950452,818	4795143,469	0,000	0,806
14625,600	6030235,568	4830539,920	0,000	0,801
14678,400	6044666,457	4872565,751	0,000	0,806
14731,200	6004803,989	4729613,872	0,000	0,788
14784,000	6263520,575	4796775,384	0,000	0,766
14836,800	6342490,912	4853503,898	0,000	0,765
14889,600	6123621,482	4849722,613	0,000	0,792
14942,400	6199513,714	4721081,940	0,000	0,762
14995,200	6169480,011	4773712,051	0,000	0,774
15048,000	6023830,099	4793811,544	0,000	0,796
15100,800	5994073,230	4812188,899	0,000	0,803
15153,600	5980809,825	4835641,322	0,000	0,809
15206,400	6062264,915	4797675,571	0,000	0,791
15259,200	6159441,648	4874872,574	0,000	0,791
15312,000	6235493,281	4743463,080	0,000	0,761
15364,800	6121207,908	4809505,575	0,000	0,786
15417,600	6239726,702	4797104,557	0,000	0,769
15470,400	5916586,437	4846203,154	0,000	0,819
15523,200	6046833,264	4768618,034	0,000	0,789
15576,000	6038737,435	4869912,965	0,000	0,806
15628,800	5954806,243	4813420,087	0,000	0,808
15681,600	6108557,384	4841361,313	0,000	0,793
15734,400	6239991,377	4793489,371	0,000	0,768
15787,200	6040577,648	4798822,241	0,000	0,794
15840,000	6167445,162	4831262,292	0,000	0,783
15892,800	6045284,840	4893721,523	0,000	0,810
15945,600	6032014,339	4838211,241	0,000	0,802
15998,400	6000875,169	4770260,488	0,000	0,795
16051,200	5942890,861	4771731,491	0,000	0,803
16104,000	6037631,022	4774013,832	0,000	0,791
16156,800	6130078,096	4784465,917	0,000	0,780
16209,600	6086669,099	4857938,107	0,000	0,798
16262,400	6198293,561	4767640,087	0,000	0,769
16315,200	5999758,108	4782045,417	0,000	0,797
16368,000	6057622,441	4909060,236	0,000	0,810
16420,800	5927798,429	4752395,601	0,000	0,802
16473,600	5870853,716	4728697,367	0,000	0,805
16526,400	6110805,264	4764233,440	0,000	0,780
16579,200	6099804,679	4748249,452	0,000	0,778
16632,000	6034452,709	4679493,298	0,000	0,775
16684,800	6095949,375	4680720,885	0,000	0,768
16737,600	6036647,765	4669973,851	0,000	0,774
16790,400	6008174,165	4735118,677	0,000	0,788
16843,200	5992391,735	4740388,604	0,000	0,791
16896,000	5891177,158	4703370,029	0,000	0,798
16948,800	5956645,041	4819072,791	0,000	0,809
17001,600	6054426,723	4692075,162	0,000	0,775
17054,400	6093889,947	4733802,308	0,000	0,777
17107,200	6112459,264	4702260,868	0,000	0,769
17160,000	6055147,731	4667735,054	0,000	0,771
17212,800	6020064,158	4814188,144	0,000	0,800
17265,600	5886691,460	4666444,940	0,000	0,793
17318,400	5752675,639	4590097,318	0,000	0,798
17371,200	5972079,861	4689995,212	0,000	0,785
17424,000	6079883,644	4794217,559	0,000	0,789
17476,800	5998839,993	4738222,326	0,000	0,790
17529,600	6048955,587	4757647,716	0,000	0,787
17582,400	6163443,155	4607764,518	0,000	0,748
17635,200	5936777,801	4711667,265	0,000	0,794
17688,000	5878197,317	4773380,525	0,000	0,812
17740,800	5796725,887	4656036,797	0,000	0,803
17793,600	5800072,083	4621230,490	0,000	0,797
17846,400	6005876,585	4735798,808	0,000	0,789
17899,200	6053207,538	4707336,706	0,000	0,778
17952,000	6032727,108	4725474,697	0,000	0,783
18004,800	6024255,096	4646371,151	0,000	0,771
18057,600	5842158,152	4660222,032	0,000	0,798
18110,400	5772147,295	4691995,060	0,000	0,813
18163,200	5839478,310	4683052,105	0,000	0,802
18216,000	5740102,065	4667928,400	0,000	0,813
18268,800	5747882,950	4586613,226	0,000	0,798
18321,600	5954502,714	4569708,414	0,000	0,767
18374,400	5900444,242	4648961,027	0,000	0,788
18427,200	6014254,297	4750623,423	0,000	0,790
18480,000	5985203,964	4760472,111	0,000	0,795
18532,800	5819498,796	4671823,442	0,000	0,803
18585,600	5805089,934	4656968,965	0,000	0,802
18638,400	5807040,961	4684883,429	0,000	0,807
18691,200	5803241,000	4683358,968	0,000	0,807
18744,000	5981488,170	4660815,574	0,000	0,779
18796,800	6019126,278	4759120,759	0,000	0,791
18849,600	5962478,457	4718191,309	0,000	0,791
18902,400	5941877,319	4659147,407	0,000	0,784
18955,200	5830400,716	4720253,523	0,000	0,810
19008,000	5897260,789	4676375,559	0,000	0,793
19060,800	5789848,307	4697482,846	0,000	0,811
19113,600	5733378,591	4716932,524	0,000	0,823
19166,400	5999378,133	4697305,440	0,000	0,783
19219,200	6056884,746	4630355,983	0,000	0,764
19272,000	5981409,670	4653634,725	0,000	0,778
19324,800	5865710,187	4669590,449	0,000	0,796
19377,600	5769229,988	4735086,514	0,000	0,821
19430,400	5810646,172	4668626,693	0,000	0,803
19483,200	5922994,927	4704289,665	0,000	0,794
19536,000	5851622,551	4687793,993	0,000	0,801
19588,800	5722852,144	4703321,705	0,000	0,822
19641,600	6028665,426	4685829,570	0,000	0,777
19694,400	5972660,282	4641375,115	0,000	0,777
19747,200	6093985,620	4761327,605	0,000	0,781
19800,000	6032069,253	4632942,263	0,000	0,768
19852,800	5941484,753	4888611,028	0,000	0,823
19905,600	5879547,178	4721769,929	0,000	0,803
19958,400	5805802,162	4692948,785	0,000	0,808
20011,200	5850361,656	4735611,727	0,000	0,809
20064,000	6103059,891	4720559,199	0,000	0,773
20116,800	5916244,355	4640249,845	0,000	0,784
20169,600	6128794,917	4777521,693	0,000	0,780
20222,400	6094670,597	4739625,577	0,000	0,778
20275,200	5785879,380	4665632,638	0,000	0,806
20328,000	5947889,383	4658916,288	0,000	0,783
20380,800	5763956,356	4758576,961	0,000	0,826
20433,600	5914560,293	4657825,689	0,000	0,788
20486,400	6011214,892	4775496,065	0,000	0,794
20539,200	5891935,539	4687202,669	0,000	0,796
20592,000	5948061,202	4664639,058	0,000	0,784
20644,800	5958758,859	4644004,291	0,000	0,779
20697,600	5858698,311	4712868,193	0,000	0,804
20750,400	5868173,040	4680297,343	0,000	0,798
20803,200	5969204,659	4800916,713	0,000	0,804
20856,000	5835720,255	4782875,785	0,000	0,820
20908,800	6019741,209	4596904,974	0,000	0,764
20961,600	5948245,333	4725517,756	0,000	0,794
21014,400	5972849,391	4778024,581	0,000	0,800
21067,200	6010110,242	4735255,178	0,000	0,788
